BEGIN DSCRDATA
% INDEX	K01	L01	M01	K02	L02	M02	K03	L03	M03	K04	L04	M04	K05	L05	M05	K06	L06	M06	K07	L07	M07	K08	L08	M08	K09	L09	M09	K10	L10	M10	K11	L11	M11	K12	L12	M12	K13	L13	M13	K14	L14	M14	K15	L15	M15	K16	L16	M16	K17	L17	M17	K18	L18	M18
0	0	0	0	0	0	0	0	0	0	0	0	0	0	0	0	0	0	0	0	0	0	0	0	0	0	0	0	0	0	0	0	0	0	0	0	0	0	0	0	0	0	0	0	0	0	0	0	0	0	0	0	0	0	0
1	1E-12	1E10	1E11	1E-30	5.28962348929706E-10	1E10	1E-30	1E10	0.361535751644615	1E-30	4.22124590322601E-11	0.227449880944553	2.44480291960533E-11	1.31403485657027E-11	1E5	2.61215981045762E-11	1.0064625418337E-11	1.58181616550283	1E10	1E-30	1E-10	1E10	1E-30	1E-10	1E10	1E-30	1E-10	1E10	1E-30	1E-10	1E10	1E-30	1E-10	1E10	1E-30	1E-10	1E10	1E-30	1E-10	1E10	1E-30	1E-10	1E10	1E-30	1E-10	1E10	1E-30	1E-10	1E10	1E-30	1E-10	1E10	1E-30	1E-10
2	1E-12	1E10	1E11	1E-30	5.28962348929706E-10	1E10	1E-30	1E10	0.361535751644615	1E-30	4.22124590322601E-11	0.227449880944553	2.44480291960533E-11	1.31403485657027E-11	1E5	2.61215981045762E-11	1.0064625418337E-11	1.58181616550283	1E10	1E-30	1E-10	1E10	1E-30	1E-10	1E10	1E-30	1E-10	1E10	1E-30	1E-10	1E10	1E-30	1E-10	1E10	1E-30	1E-10	1E10	1E-30	1E-10	1E10	1E-30	1E-10	1E10	1E-30	1E-10	1E10	1E-30	1E-10	1E10	1E-30	1E-10	1E10	1E-30	1E-10
3	2E-12	1E10	1E11	1E-30	4.27287171631684E-10	1E10	1E-30	1E10	0.244689401090105	1E-30	3.13055257234574E-11	0.280531196051075	1.86199723482559E-11	1.52490999293272E-11	1.48706859574364	2.34261716245284E-12	1.05808368256428E-10	1E5	1E10	1E-30	1E-10	1E10	1E-30	1E-10	1E10	1E-30	1E-10	1E10	1E-30	1E-10	1E10	1E-30	1E-10	1E10	1E-30	1E-10	1E10	1E-30	1E-10	1E10	1E-30	1E-10	1E10	1E-30	1E-10	1E10	1E-30	1E-10	1E10	1E-30	1E-10	1E10	1E-30	1E-10
4	2E-12	1E10	1E11	1E-30	4.27287171631684E-10	1E10	1E-30	1E10	0.244689401090105	1E-30	3.13055257234574E-11	0.280531196051075	1.86199723482559E-11	1.52490999293272E-11	1.48706859574364	2.34261716245284E-12	1.05808368256428E-10	1E5	1E10	1E-30	1E-10	1E10	1E-30	1E-10	1E10	1E-30	1E-10	1E10	1E-30	1E-10	1E10	1E-30	1E-10	1E10	1E-30	1E-10	1E10	1E-30	1E-10	1E10	1E-30	1E-10	1E10	1E-30	1E-10	1E10	1E-30	1E-10	1E10	1E-30	1E-10	1E10	1E-30	1E-10
5	3E-12	1E10	1E11	1E-30	4.40267808257545E-10	1E10	1E-30	1E10	0.170227607640475	1E-30	1.64577591871762E-11	0.317543254860764	1E-30	3.15408392272527E-11	0.140699502034867	1.07731240893193E-11	2.79404232289049E-11	5.5076588989305	6.58238295660553E-12	4.50313466233917E-11	1E5	1E10	1E-30	1E-10	1E10	1E-30	1E-10	1E10	1E-30	1E-10	1E10	1E-30	1E-10	1E10	1E-30	1E-10	1E10	1E-30	1E-10	1E10	1E-30	1E-10	1E10	1E-30	1E-10	1E10	1E-30	1E-10	1E10	1E-30	1E-10	1E10	1E-30	1E-10
6	3E-12	1E10	1E11	1E-30	4.40267808257545E-10	1E10	1E-30	1E10	0.170227607640475	1E-30	1.64577591871762E-11	0.317543254860764	1E-30	3.15408392272527E-11	0.140699502034867	1.07731240893193E-11	2.79404232289049E-11	5.5076588989305	6.58238295660553E-12	4.50313466233917E-11	1E5	1E10	1E-30	1E-10	1E10	1E-30	1E-10	1E10	1E-30	1E-10	1E10	1E-30	1E-10	1E10	1E-30	1E-10	1E10	1E-30	1E-10	1E10	1E-30	1E-10	1E10	1E-30	1E-10	1E10	1E-30	1E-10	1E10	1E-30	1E-10	1E10	1E-30	1E-10
7	4E-12	1E10	1E11	1E-30	4.09007462120493E-10	1E10	1E-30	1E10	0.153858415197409	1E-30	2.07106693998294E-11	0.571810478350151	1E-30	2.04489439731029E-11	0.120088517616767	1.49882880687074E-11	2.86391228764703E-11	13.7496844139787	4.25341019530837E-12	6.66343683021401E-11	1E5	1E10	1E-30	1E-10	1E10	1E-30	1E-10	1E10	1E-30	1E-10	1E10	1E-30	1E-10	1E10	1E-30	1E-10	1E10	1E-30	1E-10	1E10	1E-30	1E-10	1E10	1E-30	1E-10	1E10	1E-30	1E-10	1E10	1E-30	1E-10	1E10	1E-30	1E-10
8	4E-12	1E10	1E11	1E-30	4.09007462120493E-10	1E10	1E-30	1E10	0.153858415197409	1E-30	2.07106693998294E-11	0.571810478350151	1E-30	2.04489439731029E-11	0.120088517616767	1.49882880687074E-11	2.86391228764703E-11	13.7496844139787	4.25341019530837E-12	6.66343683021401E-11	1E5	1E10	1E-30	1E-10	1E10	1E-30	1E-10	1E10	1E-30	1E-10	1E10	1E-30	1E-10	1E10	1E-30	1E-10	1E10	1E-30	1E-10	1E10	1E-30	1E-10	1E10	1E-30	1E-10	1E10	1E-30	1E-10	1E10	1E-30	1E-10	1E10	1E-30	1E-10
9	5E-12	1E10	1E11	1E-30	3.44524754663812E-10	1E10	1E-30	1E10	0.141589156876828	1E-30	2.84503454992936E-11	0.194008374812199	1.7776211942211E-11	3.23087041038413E-11	15.4534066661941	6.35789378444147E-12	4.90307157612547E-11	20.742122700372	4.61929493599537E-12	6.33860826825274E-11	1E5	1E10	1E-30	1E-10	1E10	1E-30	1E-10	1E10	1E-30	1E-10	1E10	1E-30	1E-10	1E10	1E-30	1E-10	1E10	1E-30	1E-10	1E10	1E-30	1E-10	1E10	1E-30	1E-10	1E10	1E-30	1E-10	1E10	1E-30	1E-10	1E10	1E-30	1E-10
10	5E-12	1E10	1E11	1E-30	3.44524754663812E-10	1E10	1E-30	1E10	0.141589156876828	1E-30	2.84503454992936E-11	0.194008374812199	1.7776211942211E-11	3.23087041038413E-11	15.4534066661941	6.35789378444147E-12	4.90307157612547E-11	20.742122700372	4.61929493599537E-12	6.33860826825274E-11	1E5	1E10	1E-30	1E-10	1E10	1E-30	1E-10	1E10	1E-30	1E-10	1E10	1E-30	1E-10	1E10	1E-30	1E-10	1E10	1E-30	1E-10	1E10	1E-30	1E-10	1E10	1E-30	1E-10	1E10	1E-30	1E-10	1E10	1E-30	1E-10	1E10	1E-30	1E-10
11	6E-12	1E10	1E11	1E-30	3.59724054510316E-10	1E10	1E-30	1E10	0.138366194183787	1E-30	1.71613519324893E-11	0.448890641567965	1E-30	4.01539524152058E-11	0.153377626146616	1.20442353185206E-11	2.4825561670431E-11	3.44703564630465	1.91388945076607E-12	1.31643736040436E-10	1E5	1E10	1E-30	1E-10	1E10	1E-30	1E-10	1E10	1E-30	1E-10	1E10	1E-30	1E-10	1E10	1E-30	1E-10	1E10	1E-30	1E-10	1E10	1E-30	1E-10	1E10	1E-30	1E-10	1E10	1E-30	1E-10	1E10	1E-30	1E-10	1E10	1E-30	1E-10
12	6E-12	1E10	1E11	1E-30	3.59724054510316E-10	1E10	1E-30	1E10	0.138366194183787	1E-30	1.71613519324893E-11	0.448890641567965	1E-30	4.01539524152058E-11	0.153377626146616	1.20442353185206E-11	2.4825561670431E-11	3.44703564630465	1.91388945076607E-12	1.31643736040436E-10	1E5	1E10	1E-30	1E-10	1E10	1E-30	1E-10	1E10	1E-30	1E-10	1E10	1E-30	1E-10	1E10	1E-30	1E-10	1E10	1E-30	1E-10	1E10	1E-30	1E-10	1E10	1E-30	1E-10	1E10	1E-30	1E-10	1E10	1E-30	1E-10	1E10	1E-30	1E-10
13	7E-12	1E10	1E11	1E-30	4.10737274821518E-10	1E10	1E-30	1E10	0.132138689601519	1E-30	9.41165185311734E-12	0.170443890345174	1E-30	4.668269877523E-11	0.163435528821806	5.95556257570079E-12	5.37893207778225E-11	13.3079667141797	1.16341450695229E-11	2.70249999018489E-11	1E5	1E10	1E-30	1E-10	1E10	1E-30	1E-10	1E10	1E-30	1E-10	1E10	1E-30	1E-10	1E10	1E-30	1E-10	1E10	1E-30	1E-10	1E10	1E-30	1E-10	1E10	1E-30	1E-10	1E10	1E-30	1E-10	1E10	1E-30	1E-10	1E10	1E-30	1E-10
14	7E-12	1E10	1E11	1E-30	4.10737274821518E-10	1E10	1E-30	1E10	0.132138689601519	1E-30	9.41165185311734E-12	0.170443890345174	1E-30	4.668269877523E-11	0.163435528821806	5.95556257570079E-12	5.37893207778225E-11	13.3079667141797	1.16341450695229E-11	2.70249999018489E-11	1E5	1E10	1E-30	1E-10	1E10	1E-30	1E-10	1E10	1E-30	1E-10	1E10	1E-30	1E-10	1E10	1E-30	1E-10	1E10	1E-30	1E-10	1E10	1E-30	1E-10	1E10	1E-30	1E-10	1E10	1E-30	1E-10	1E10	1E-30	1E-10	1E10	1E-30	1E-10
15	8E-12	1E10	1E11	1E-30	3.51948466420756E-10	1E10	1E-30	1E10	0.129231386029393	1E-30	2.80802908151239E-11	0.120818804508796	3.14527109235627E-11	2.87786625257345E-11	12.0347112635411	6.26892678011739E-12	6.72173790664409E-11	25.1256463781694	1.63442918920454E-11	1.96055649307004E-11	40.9383366051656	1E10	1E-30	1E-10	1E10	1E-30	1E-10	1E10	1E-30	1E-10	1E10	1E-30	1E-10	1E10	1E-30	1E-10	1E10	1E-30	1E-10	1E10	1E-30	1E-10	1E10	1E-30	1E-10	1E10	1E-30	1E-10	1E10	1E-30	1E-10	1E10	1E-30	1E-10
16	8E-12	1E10	1E11	1E-30	3.51948466420756E-10	1E10	1E-30	1E10	0.129231386029393	1E-30	2.80802908151239E-11	0.120818804508796	3.14527109235627E-11	2.87786625257345E-11	12.0347112635411	6.26892678011739E-12	6.72173790664409E-11	25.1256463781694	1.63442918920454E-11	1.96055649307004E-11	40.9383366051656	1E10	1E-30	1E-10	1E10	1E-30	1E-10	1E10	1E-30	1E-10	1E10	1E-30	1E-10	1E10	1E-30	1E-10	1E10	1E-30	1E-10	1E10	1E-30	1E-10	1E10	1E-30	1E-10	1E10	1E-30	1E-10	1E10	1E-30	1E-10	1E10	1E-30	1E-10
17	9E-12	1E10	1E11	1E-30	3.21245622965621E-10	1E10	1E-30	1E10	0.116120123407359	1E-30	7.30956516000709E-12	0.10836251089112	1E-30	2.30984223741967E-11	0.102930486207556	3.72932445826689E-11	2.7464172403067E-11	12.301952101657	7.08282856151007E-12	6.42835673962377E-11	21.6122440025156	5.12562152234857E-12	5.70978462007853E-11	1E5	1E10	1E-30	1E-10	1E10	1E-30	1E-10	1E10	1E-30	1E-10	1E10	1E-30	1E-10	1E10	1E-30	1E-10	1E10	1E-30	1E-10	1E10	1E-30	1E-10	1E10	1E-30	1E-10	1E10	1E-30	1E-10	1E10	1E-30	1E-10
18	9E-12	1E10	1E11	1E-30	3.21245622965621E-10	1E10	1E-30	1E10	0.116120123407359	1E-30	7.30956516000709E-12	0.10836251089112	1E-30	2.30984223741967E-11	0.102930486207556	3.72932445826689E-11	2.7464172403067E-11	12.301952101657	7.08282856151007E-12	6.42835673962377E-11	21.6122440025156	5.12562152234857E-12	5.70978462007853E-11	1E5	1E10	1E-30	1E-10	1E10	1E-30	1E-10	1E10	1E-30	1E-10	1E10	1E-30	1E-10	1E10	1E-30	1E-10	1E10	1E-30	1E-10	1E10	1E-30	1E-10	1E10	1E-30	1E-10	1E10	1E-30	1E-10	1E10	1E-30	1E-10
19	1E-11	1E10	1E11	1E-30	3.46740410453055E-11	1E10	1E-30	1E10	0.24	1E-30	3.31500004702151E-11	0.257349381232148	1.97214820323781E-11	3.08239125646141E-11	6.43407992457093	2.83240260068287E-12	1.17350644367298E-10	15.1340664826451	7.49920422706963E-13	3.46756739382241E-10	1E5	1E10	1E-30	1E-10	1E10	1E-30	1E-10	1E10	1E-30	1E-10	1E10	1E-30	1E-10	1E10	1E-30	1E-10	1E10	1E-30	1E-10	1E10	1E-30	1E-10	1E10	1E-30	1E-10	1E10	1E-30	1E-10	1E10	1E-30	1E-10	1E10	1E-30	1E-10
20	1E-11	1E10	1E11	1E-30	1.30644538493412E-10	1E10	1E-30	1E10	0.178822713556102	1E-30	3.68715104908261E-11	0.366782264696923	1E-30	1.84536051933856E-11	7.59852495674142E-02	1.23890756838552E-11	4.61982872979388E-11	9.88536118549229	2.90971443535396E-12	1.14232608622747E-10	26.8077431199288	1.12868737064561E-12	2.46868925031831E-10	1E5	1E10	1E-30	1E-10	1E10	1E-30	1E-10	1E10	1E-30	1E-10	1E10	1E-30	1E-10	1E10	1E-30	1E-10	1E10	1E-30	1E-10	1E10	1E-30	1E-10	1E10	1E-30	1E-10	1E10	1E-30	1E-10	1E10	1E-30	1E-10
21	1.5E-11	1E10	1E11	1E-30	3.98107170553497E-11	1E10	1E-30	1E10	0.21	1E-30	1.84711805775584E-11	0.255263337536242	2.09972083844286E-12	1.52808041137279E-10	31.5979256805287	8.6877501792401E-13	3.06289964465382E-10	1E5	1E10	1E-30	1E-10	1E10	1E-30	1E-10	1E10	1E-30	1E-10	1E10	1E-30	1E-10	1E10	1E-30	1E-10	1E10	1E-30	1E-10	1E10	1E-30	1E-10	1E10	1E-30	1E-10	1E10	1E-30	1E-10	1E10	1E-30	1E-10	1E10	1E-30	1E-10	1E10	1E-30	1E-10
22	1.5E-11	1E10	1E11	1E-30	2.78014882153499E-11	1E10	1E-30	1E10	0.144887192014998	1E-30	1.7217462130471E-11	0.182766108741105	1E-30	2.2547841008365E-11	0.073019598755895	1.93425437201559E-12	1.6588005843473E-10	35.9175367232076	8.04261340500638E-13	3.01746956323571E-10	1E5	1E10	1E-30	1E-10	1E10	1E-30	1E-10	1E10	1E-30	1E-10	1E10	1E-30	1E-10	1E10	1E-30	1E-10	1E10	1E-30	1E-10	1E10	1E-30	1E-10	1E10	1E-30	1E-10	1E10	1E-30	1E-10	1E10	1E-30	1E-10	1E10	1E-30	1E-10
23	2.2E-11	1E10	1E11	1E-30	1.27077319169535E-12	1E10	1E-30	1E10	0.149717478798481	1E-30	2.29183693878933E-11	0.156577114712417	2.89649589156295E-10	8.90591972602815E-12	1.05197169345387	1.26212388337123E-12	2.53746668173887E-10	66.9121547466842	1.01135620666068E-12	2.45547743497275E-10	1E5	1E10	1E-30	1E-10	1E10	1E-30	1E-10	1E10	1E-30	1E-10	1E10	1E-30	1E-10	1E10	1E-30	1E-10	1E10	1E-30	1E-10	1E10	1E-30	1E-10	1E10	1E-30	1E-10	1E10	1E-30	1E-10	1E10	1E-30	1E-10	1E10	1E-30	1E-10
24	2.2E-11	1E10	1E11	1E-30	6.36895300513494E-11	1E10	1E-30	1E10	0.112317886161291	1E-30	3.12801238823589E-11	0.102574626724427	3.32714627536109E-10	7.74192733468355E-12	0.977714134796952	1.28405122784059E-12	2.48492874288507E-10	68.6311014002395	1.33069101251967E-12	1.99969088890516E-10	1E5	1E10	1E-30	1E-10	1E10	1E-30	1E-10	1E10	1E-30	1E-10	1E10	1E-30	1E-10	1E10	1E-30	1E-10	1E10	1E-30	1E-10	1E10	1E-30	1E-10	1E10	1E-30	1E-10	1E10	1E-30	1E-10	1E10	1E-30	1E-10	1E10	1E-30	1E-10
25	3.3E-11	1E10	1E11	1E-30	9.63980046168358E-11	1E10	1E-30	1E10	0.13	1E-30	1.3609629321639E-11	0.105409344647066	3.70476789342337E-10	1.03328090044557E-11	0.932346332201093	7.8304658767574E-11	1.49425361144948E-11	2.34180709448779	3.96121984105042E-12	7.94822962009027E-11	7.58709801629175	7.09798685275565E-13	3.26516325856366E-10	1E5	1E10	1E-30	1E-10	1E10	1E-30	1E-10	1E10	1E-30	1E-10	1E10	1E-30	1E-10	1E10	1E-30	1E-10	1E10	1E-30	1E-10	1E10	1E-30	1E-10	1E10	1E-30	1E-10	1E10	1E-30	1E-10	1E10	1E-30	1E-10
26	3.3E-11	1E10	1E11	1E-30	1.50356170088182E-11	1E10	1E-30	1E10	0.105667967101333	1E-30	3.16844645165468E-11	0.175338371109473	9.91064790543127E-10	3.59090259829441E-12	0.309879274815915	5.4785775828359E-11	2.01606445193171E-11	2.55510975746425	5.15051986813164E-12	7.08223235132464E-11	11.986139576669	6.14013762599766E-13	3.86244213330079E-10	1E5	1E10	1E-30	1E-10	1E10	1E-30	1E-10	1E10	1E-30	1E-10	1E10	1E-30	1E-10	1E10	1E-30	1E-10	1E10	1E-30	1E-10	1E10	1E-30	1E-10	1E10	1E-30	1E-10	1E10	1E-30	1E-10	1E10	1E-30	1E-10
27	4.7E-11	1E10	1E11	1E-30	1.75415531769545E-10	1E10	1E-30	1E10	0.102329299228075	1E-30	9.01669580143582E-12	7.35131423732551E-02	3.16650450962011E-10	1.92106702910798E-11	1.6311485357943	8.30909057978529E-11	2.18248676658215E-11	2.15550507202147	3.67629274122157E-12	8.20485179344419E-11	9.21466609340794	1.21607861633272E-12	2.04210674443394E-10	1E5	1E10	1E-30	1E-10	1E10	1E-30	1E-10	1E10	1E-30	1E-10	1E10	1E-30	1E-10	1E10	1E-30	1E-10	1E10	1E-30	1E-10	1E10	1E-30	1E-10	1E10	1E-30	1E-10	1E10	1E-30	1E-10	1E10	1E-30	1E-10
28	4.7E-11	1E10	1E11	1E-30	8.3E-11	1E10	1E-30	1E10	9.36251842022614E-02	1E-30	1.80805999662136E-11	5.63642183003799E-02	3.40725763045707E-10	1.75871940561349E-11	1.46125700150569	8.01855929178524E-11	2.23537532030582E-11	2.28357931639112	3.39621647264336E-12	8.36661075412998E-11	8.17583841051022	8.46618270746308E-13	2.73748945448053E-10	1E5	1E10	1E-30	1E-10	1E10	1E-30	1E-10	1E10	1E-30	1E-10	1E10	1E-30	1E-10	1E10	1E-30	1E-10	1E10	1E-30	1E-10	1E10	1E-30	1E-10	1E10	1E-30	1E-10	1E10	1E-30	1E-10	1E10	1E-30	1E-10
29	6.8E-11	1E10	1E11	1E-30	4.66627150398496E-12	1E10	1E-30	1E10	0.14	1E-30	7.83710688902688E-11	2.96091427296334	1E-30	7.77853188291635E-13	4.78572028962714E-03	8.28098852010775E-10	9.34258814731357E-12	0.568841717338578	2.34368368963436E-12	1.36387666791036E-10	60.9379240772534	7.4522859968773E-13	3.40997015567163E-10	1E5	1E10	1E-30	1E-10	1E10	1E-30	1E-10	1E10	1E-30	1E-10	1E10	1E-30	1E-10	1E10	1E-30	1E-10	1E10	1E-30	1E-10	1E10	1E-30	1E-10	1E10	1E-30	1E-10	1E10	1E-30	1E-10	1E10	1E-30	1E-10
30	6.8E-11	1E10	1E11	1E-30	7.56403624051645E-11	1E10	1E-30	1E10	9.02515090799946E-02	1E-30	3.55293531939586E-11	0.113535551094736	3.35283494510275E-09	2.17144669115835E-12	0.10963933204635	8.09102253923279E-11	2.25615376129678E-11	1.06356076056305	2.02185652749128E-12	1.62406666270541E-10	56.8876536850599	6.89506225286412E-13	2.8E-10	31622776.6016838	1E10	1E-30	1E-10	1E10	1E-30	1E-10	1E10	1E-30	1E-10	1E10	1E-30	1E-10	1E10	1E-30	1E-10	1E10	1E-30	1E-10	1E10	1E-30	1E-10	1E10	1E-30	1E-10	1E10	1E-30	1E-10	1E10	1E-30	1E-10
31	1E-10	1E10	1E11	1E-30	3.15478672240097E-11	1E10	1E-30	1E10	0.12	1E-30	1.71450628616097E-11	8.03016968198855E-02	1.13559756637168E-09	7.23895900850272E-12	0.276738845670991	1.01382466512145E-10	2.88213788736519E-11	1.49990928591659	1.60867289593816E-12	1.77272782167943E-10	42.5333454116634	7.24996513779003E-13	3.50513034999607E-10	1E5	1E10	1E-30	1E-10	1E10	1E-30	1E-10	1E10	1E-30	1E-10	1E10	1E-30	1E-10	1E10	1E-30	1E-10	1E10	1E-30	1E-10	1E10	1E-30	1E-10	1E10	1E-30	1E-10	1E10	1E-30	1E-10	1E10	1E-30	1E-10
32	1E-10	1E10	1E11	1E-30	1.09388081197478E-11	1E10	1E-30	1E10	8.99380262194617E-02	1E-30	4.29370025945756E-11	0.157362647694313	1.02940388491553E-10	2.90297804268921E-11	1.36664078728167	3.4820095431859E-12	9.42832212685703E-11	16.16248494028	5.94337223847915E-13	4.37529318608791E-10	1E5	1E10	1E-30	1E-10	1E10	1E-30	1E-10	1E10	1E-30	1E-10	1E10	1E-30	1E-10	1E10	1E-30	1E-10	1E10	1E-30	1E-10	1E10	1E-30	1E-10	1E10	1E-30	1E-10	1E10	1E-30	1E-10	1E10	1E-30	1E-10	1E10	1E-30	1E-10
33	1.5E-10	1E10	1E11	1E-30	5.42085816619369E-11	1E10	1E-30	1E10	0.085	1E-30	8.61232792308066E-11	1.86861655934787	1.87847078437885E-09	8.09081838932526E-12	0.386876076416823	2.92787810695709E-10	1.99510054393502E-11	1.07728185726719	6.83219475274144E-12	5.00844831383192E-11	11.7905510463352	6.74088150789088E-13	3.68403203834382E-10	1E5	1E10	1E-30	1E-10	1E10	1E-30	1E-10	1E10	1E-30	1E-10	1E10	1E-30	1E-10	1E10	1E-30	1E-10	1E10	1E-30	1E-10	1E10	1E-30	1E-10	1E10	1E-30	1E-10	1E10	1E-30	1E-10	1E10	1E-30	1E-10
34	1.5E-10	1E10	1E11	1E-30	3.58152547298264E-12	1E10	1E-30	1E10	0.085	1E-30	8.47307594795346E-11	1.8723418280091	1.4859853040284E-09	9.97983027083764E-12	0.395688795005127	2.99363611946332E-10	1.93740860446096E-11	1.03764309825692	5.98503066312101E-12	5.74995717267508E-11	16.4772265922992	6.2521008322454E-13	3.97204461477481E-10	1E5	1E10	1E-30	1E-10	1E10	1E-30	1E-10	1E10	1E-30	1E-10	1E10	1E-30	1E-10	1E10	1E-30	1E-10	1E10	1E-30	1E-10	1E10	1E-30	1E-10	1E10	1E-30	1E-10	1E10	1E-30	1E-10	1E10	1E-30	1E-10
35	2.2E-10	1E10	1E11	1E-30	1.62617370435106E-10	1E10	1E-30	1E10	9.46199652328993E-02	1E-30	5.00198714270147E-11	0.898284164562545	1E-30	1.16488306433431E-11	3.50017184607574E-02	3.18890310090445E-09	5.9991676810734E-12	0.203907076792812	2.9822068900205E-10	2.40673978538416E-11	0.874742929244537	4.97656163877696E-12	5.35253635030084E-11	6.35083387738858	7.55718420875731E-13	3.28609476171986E-10	1E5	1E10	1E-30	1E-10	1E10	1E-30	1E-10	1E10	1E-30	1E-10	1E10	1E-30	1E-10	1E10	1E-30	1E-10	1E10	1E-30	1E-10	1E10	1E-30	1E-10	1E10	1E-30	1E-10	1E10	1E-30	1E-10
36	2.2E-10	1E10	1E11	1E-30	1.79501484396978E-11	1E10	1E-30	1E10	0.09	1E-30	6.40412312139601E-11	1.28262071605016	2.17428185089736E-09	8.82931962085797E-12	0.22024596284699	3.09294684534041E-10	2.29252489531785E-11	0.803844834987024	6.02813092706351E-10	1.60656185275911E-12	0.578629097639425	2.99741504305655E-12	1.18791138772545E-10	54.3618643244841	7.69133249681347E-13	3.62275116832782E-10	1E5	1E10	1E-30	1E-10	1E10	1E-30	1E-10	1E10	1E-30	1E-10	1E10	1E-30	1E-10	1E10	1E-30	1E-10	1E10	1E-30	1E-10	1E10	1E-30	1E-10	1E10	1E-30	1E-10	1E10	1E-30	1E-10
37	3.3E-10	1E10	1E11	1E-30	9E-11	1E10	1E-30	1E10	7.67711541844769E-02	1E-30	1.48847563815915E-11	0.321960842001914	2.75595956654632E-09	1.30512368148018E-11	0.371642540894157	4.2887305772486E-10	3.33418349720031E-11	0.956913377607868	1.50919359769293E-10	2.20133899771028E-11	0.479317529767439	4.8275942339257E-10	2.06280589809113E-12	0.485434175009557	2.99013772705866E-12	1.07304163736028E-10	33.7269981401283	8.92735385982877E-13	2.78174516566388E-10	1E5	1E10	1E-30	1E-10	1E10	1E-30	1E-10	1E10	1E-30	1E-10	1E10	1E-30	1E-10	1E10	1E-30	1E-10	1E10	1E-30	1E-10	1E10	1E-30	1E-10	1E10	1E-30	1E-10
38	3.3E-10	1E10	1E11	1E-30	1E-10	1E10	1E-30	1E10	7.48553995572944E-02	1E-30	3.20971963783738E-11	0.824977574850039	5.49595073234085E-10	2.59061463240251E-11	0.796485000991691	3.27477333261072E-10	1.16938687327414E-11	0.372332785555268	2.08765004156666E-11	1.70446781504616E-11	2.2133045583085	6.97056615902128E-13	3.402295556757E-10	1E5	1E10	1E-30	1E-10	1E10	1E-30	1E-10	1E10	1E-30	1E-10	1E10	1E-30	1E-10	1E10	1E-30	1E-10	1E10	1E-30	1E-10	1E10	1E-30	1E-10	1E10	1E-30	1E-10	1E10	1E-30	1E-10	1E10	1E-30	1E-10
39	4.7E-10	1E10	1E11	1E-30	3.9E-11	1E10	1E-30	1E10	6.33209230298791E-02	1E-30	3.92677669357535E-11	1.04073630577717	3.06075355531238E-09	1.99966234596063E-11	0.61612373524827	7.32948643491018E-10	2.83572967066581E-11	0.731697376435211	4.6388545238955E-10	1.27265420563324E-11	0.403424889827606	7.61114439065786E-12	3.9545062135831E-11	8.00292811483046	8.13162151488279E-13	2.85011861889635E-10	1E5	1E10	1E-30	1E-10	1E10	1E-30	1E-10	1E10	1E-30	1E-10	1E10	1E-30	1E-10	1E10	1E-30	1E-10	1E10	1E-30	1E-10	1E10	1E-30	1E-10	1E10	1E-30	1E-10	1E10	1E-30	1E-10
40	4.7E-10	1E10	1E11	1E-30	1.05E-10	1E10	1E-30	1E10	5.72525820858613E-02	1E-30	2.47261755899737E-11	0.508422350610034	2.92408307426668E-09	2.152422812063E-11	0.676589648997622	8.44250876090069E-10	2.40312664278491E-11	0.730928345140844	3.51568505065982E-10	1.74690659537582E-11	0.436214603902495	3.96380146845042E-12	6.72012139938981E-11	7.97348618492055	1.06479299959833E-12	2.33224893957016E-10	1E5	1E10	1E-30	1E-10	1E10	1E-30	1E-10	1E10	1E-30	1E-10	1E10	1E-30	1E-10	1E10	1E-30	1E-10	1E10	1E-30	1E-10	1E10	1E-30	1E-10	1E10	1E-30	1E-10	1E10	1E-30	1E-10
41	6.8E-10	1E10	1E11	1E-30	1.93878486297437E-10	1E10	1E-30	1E10	0.06	1E-30	4.77782702717229E-11	6.27501519671535	1E-30	4.96276757393105E-11	0.739201945010611	4.85818937780156E-09	1.87353918279054E-11	0.383777449729203	1.02663567727633E-09	3.01002698474952E-11	0.569486716362738	1.38353293656511E-09	6.97715916532647E-12	0.233144016260864	5.10187199894988E-10	2.01716230440393E-12	0.864728234180061	1.68166048379926E-12	1.6955155314774E-10	1E5	1E10	1E-30	1E-10	1E10	1E-30	1E-10	1E10	1E-30	1E-10	1E10	1E-30	1E-10	1E10	1E-30	1E-10	1E10	1E-30	1E-10	1E10	1E-30	1E-10	1E10	1E-30	1E-10
42	6.8E-10	1E10	1E11	1E-30	8.66328576828115E-11	1E10	1E-30	1E10	0.054535189498522	1E-30	3.14316032177254E-11	1.31679062357651	1E-30	6.44077468429479E-11	0.401560283348284	6.91525381514914E-09	1.31030792582255E-11	0.349598588635074	1.88966686920274E-09	1.69404535742226E-11	0.475461880307329	2.85073408718993E-11	1.1744802093974E-11	5.69779293461985	7.27370229140685E-13	3.18628463922229E-10	1E5	1E10	1E-30	1E-10	1E10	1E-30	1E-10	1E10	1E-30	1E-10	1E10	1E-30	1E-10	1E10	1E-30	1E-10	1E10	1E-30	1E-10	1E10	1E-30	1E-10	1E10	1E-30	1E-10	1E10	1E-30	1E-10
43	1.00183094908985E-09	1E10	1E11	1E-30	1.04820814622392E-10	1E10	1E-30	1E10	1.96506884179278E-02	1E-30	6.73222826203768E-11	0.539491238353057	1E-30	7.18478193802812E-11	1.79880549576566E-02	5.82558509201938E-09	2.39530259130784E-11	0.54244469004498	2.45408312150244E-09	2.15821541115507E-11	0.56817719134756	1.40128660046037E-09	1.29276521340845E-11	0.260324410698978	2.0948690810766E-11	1.67357633042237E-11	4.39580213788831	1.12100446970421E-12	2.06743920365464E-10	1E5	1E10	1E-30	1E-10	1E10	1E-30	1E-10	1E10	1E-30	1E-10	1E10	1E-30	1E-10	1E10	1E-30	1E-10	1E10	1E-30	1E-10	1E10	1E-30	1E-10	1E10	1E-30	1E-10
44	1.02478497461294E-09	1E10	1E11	1E-30	2.11009398642991E-10	1E10	1E-30	1E10	2.19131082250637E-02	1E-30	4.69193107735072E-11	0.485055483642987	1E-30	5.08842106778587E-11	0.016278050827968	4.28070125119793E-09	3.31593203628779E-11	0.556066691547296	1.78680305304146E-09	3.08252081982294E-11	0.62046363555503	8.50056526685011E-09	3.78667937296037E-12	0.129954876511647	9.53979118932659E-10	1.8144118546292E-11	0.347362244077383	4.4039130901262E-12	6.64272846831408E-11	1E5	5.31609127380615E-12	4.70866567875357E-11	3.34324120990733	1E10	1E-30	1E-10	1E10	1E-30	1E-10	1E10	1E-30	1E-10	1E10	1E-30	1E-10	1E10	1E-30	1E-10	1E10	1E-30	1E-10	1E10	1E-30	1E-10
45	9.86514660402679E-10	1E10	1E10	1E-30	1.65203956492704E-10	1E10	1E-30	1E10	0.233223267887609	8.99260148601219E-08	1E10	18176.6589862092	1.64357535379888E-07	1E10	998.881706309346	1.50134193490859E-07	1E10	147.745431058993	1.10821095343656E-07	1E10	21.6185881388278	1.49989777389627E-07	1E10	2.54283635691755	7.2587943570567E-08	1E10	1.34967623689478	4.57897065242333E-08	1E10	0.315132493867193	1.37635669731281E-08	1E10	0.24483830277832	1E-30	3.99020100075912E-11	0.501423446013259	6.54253301169795E-09	1.19032205327165E-11	0.146805606267555	9.13901584532103E-10	3.05411868640236E-11	0.308861333314765	6.97293496466883E-12	1.03473141393361E-10	14.2838825536533	3.04414510890047E-12	1.21409046636865E-10	22.1231146816923	1E10	1E-30	1E-10	1E10	1E-30	1E-10
46	9.86514660402679E-10	1E10	1E10	1E-30	1.65203956492704E-10	1E10	1E-30	1E10	0.233223267887609	8.99260148601219E-08	1E10	18176.6589862092	1.64357535379888E-07	1E10	998.881706309346	1.50134193490859E-07	1E10	147.745431058993	1.10821095343656E-07	1E10	21.6185881388278	1.49989777389627E-07	1E10	2.54283635691755	7.2587943570567E-08	1E10	1.34967623689478	4.57897065242333E-08	1E10	0.315132493867193	1.37635669731281E-08	1E10	0.24483830277832	1E-30	3.99020100075912E-11	0.501423446013259	6.54253301169795E-09	1.19032205327165E-11	0.146805606267555	9.13901584532103E-10	3.05411868640236E-11	0.308861333314765	6.97293496466883E-12	1.03473141393361E-10	14.2838825536533	3.04414510890047E-12	1.21409046636865E-10	22.1231146816923	1E10	1E-30	1E-10	1E10	1E-30	1E-10
47	1.46825878698666E-09	1E10	1E11	1E-30	2.68797134394968E-11	1E10	1E-30	1E10	0.015	1E-30	5.04065787531185E-11	0.379980448333101	1E-30	1.22522766770368E-10	2.76163653293906E-02	1.07414055867088E-08	1.58956211118595E-11	0.241953518803793	1.83618802349674E-09	4.1460296380779E-11	0.595961397019392	2.62898615249475E-09	9.5160256042792E-12	0.188408001879178	7.17650787530356E-13	3.25558514004304E-10	1E5	2.36634419799878E-12	6.81176798484584E-11	6.43831486307871	1E10	1E-30	1E-10	1E10	1E-30	1E-10	1E10	1E-30	1E-10	1E10	1E-30	1E-10	1E10	1E-30	1E-10	1E10	1E-30	1E-10	1E10	1E-30	1E-10	1E10	1E-30	1E-10
48	1.54620441517428E-09	1E10	1E11	1E-30	1.64934395125228E-10	1E10	1E-30	1E10	0.017	1E-30	5.16258194476247E-11	0.50704394339583	1E-30	1.12592700590633E-10	2.91936107842793E-02	9.04289856696568E-09	2.01349843426518E-11	0.237916962908351	2.76869358678827E-09	3.0271571012839E-11	0.42257128833908	1.1414033178605E-09	2.10445637415012E-11	0.173856233772287	1.83185727515711E-11	2.03401836511774E-11	1.02756012595412	1.20101374299292E-12	2.2747643857363E-10	1E5	1E10	1E-30	1E-10	1E10	1E-30	1E-10	1E10	1E-30	1E-10	1E10	1E-30	1E-10	1E10	1E-30	1E-10	1E10	1E-30	1E-10	1E10	1E-30	1E-10	1E10	1E-30	1E-10
49	2.23172162399694E-09	1E10	1E11	1E-30	1.98500853552649E-10	1E10	1E-30	1E10	1.55081577047275E-02	1E-30	5.13899848452754E-11	0.712909755021662	1E-30	6.80086885744402E-11	1.42922366094603E-02	1.14079557833332E-08	2.49828744544289E-11	0.26700633403342	4.715925822072E-09	2.23434078599286E-11	0.343196520972182	1.26416147402867E-09	2.41172391764969E-11	0.208646743525446	1.10143437618779E-10	2.64448487220072E-12	0.3791678527383	1.49033073840498E-12	1.70222535394263E-10	1E5	1E10	1E-30	1E-10	1E10	1E-30	1E-10	1E10	1E-30	1E-10	1E10	1E-30	1E-10	1E10	1E-30	1E-10	1E10	1E-30	1E-10	1E10	1E-30	1E-10	1E10	1E-30	1E-10
50	2.25495748000321E-09	1E10	1E10	1E-30	2.730295956041E-10	1E10	1E-30	1E10	0.141938357283812	2.79205390615112E-07	1E10	4052.33553712714	3.30226171368947E-07	1E10	369.57739345671	3.16748801892813E-07	1E10	38.6995039402761	2.39599845851723E-07	1E10	5.67919284442233	1.88775542669142E-07	1E10	0.972215567679633	1.44456757289024E-07	1E10	0.232316403320518	4.73076916768978E-08	1E10	0.126964195678342	1E-30	5.33560302400571E-11	0.327614698608019	1.83735592784247E-08	1.19745850224816E-11	5.85531112413859E-02	3.69238322243281E-09	2.54309010779548E-11	0.167170666903644	6.68418272963666E-12	1.24862250748371E-10	12.3249679822044	7.637861548529E-12	4.98104984715074E-11	5.05667844431485	1E10	1E-30	1E-10	1E10	1E-30	1E-10	1E10	1E-30	1E-10
51	2.25495748000321E-09	1E10	1E10	1E-30	2.730295956041E-10	1E10	1E-30	1E10	0.141938357283812	2.79205390615112E-07	1E10	4052.33553712714	3.30226171368947E-07	1E10	369.57739345671	3.16748801892813E-07	1E10	38.6995039402761	2.39599845851723E-07	1E10	5.67919284442233	1.88775542669142E-07	1E10	0.972215567679633	1.44456757289024E-07	1E10	0.232316403320518	4.73076916768978E-08	1E10	0.126964195678342	1E-30	5.33560302400571E-11	0.327614698608019	1.83735592784247E-08	1.19745850224816E-11	5.85531112413859E-02	3.69238322243281E-09	2.54309010779548E-11	0.167170666903644	6.68418272963666E-12	1.24862250748371E-10	12.3249679822044	7.637861548529E-12	4.98104984715074E-11	5.05667844431485	1E10	1E-30	1E-10	1E10	1E-30	1E-10	1E10	1E-30	1E-10
52	3.30595927550244E-09	1E10	1E11	1E-30	5.56495037951252E-12	1E10	1E-30	1E10	1.43905975953109E-02	1E-30	6.67848016215399E-11	0.380140949963303	1E-30	4.26233581987162E-11	1.02747090792206E-02	2.48720899109469E-08	1.62208801778614E-11	0.243593741348846	5.05881071877748E-09	3.86205812071124E-11	0.420500213916233	3.78444153344519E-09	1.70301412938384E-11	0.114941224375952	3.44832526132343E-11	8.68712705763485E-12	0.968884257028566	7.71853824827327E-13	3.15335384214679E-10	1E5	1E10	1E-30	1E-10	1E10	1E-30	1E-10	1E10	1E-30	1E-10	1E10	1E-30	1E-10	1E10	1E-30	1E-10	1E10	1E-30	1E-10	1E10	1E-30	1E-10	1E10	1E-30	1E-10
53	4.8133360572868E-09	1E10	1E10	1E-30	2.08348557691568E-10	1E10	1E-30	1E10	9.88161839566647E-02	7.32818837893716E-07	1E10	2970.28178364552	1.1184976618237E-06	1E10	439.336870141332	7.93096329376307E-07	1E10	121.003421817801	6.03947771038005E-07	1E10	20.5493293028231	4.43037680986894E-07	1E10	2.49906241865027	3.44520770190345E-07	1E10	0.375495487462133	1.53146545496165E-07	1E10	0.09292509727508	3.3399835956431E-06	1E10	1.04735458302909E-02	1E-30	9.41761587091333E-11	0.377762532021565	2.47425951074867E-08	1.79129415894853E-11	0.059032143102315	9.92129313799811E-09	1.85777813169621E-11	0.10094506809917	5.01356467578169E-12	1.28893381910487E-10	12.5062569468289	9.31153832815572E-12	3.96912671645611E-11	8.63800397905331	1E10	1E-30	1E-10	1E10	1E-30	1E-10
54	4.8602837979837E-09	1E10	1E10	1E-30	1.9E-10	1E10	1E-30	1E10	0.081023689820868	5.11524578152779E-07	1E10	4689.49788247251	6.03624884433566E-07	1E10	289.152095557255	5.86512602680217E-07	1E10	27.613810748974	4.4370296141458E-07	1E10	3.22579337202652	3.52672568274274E-07	1E10	0.476822995878168	2.55142905120061E-07	1E10	0.109381878198692	9.00476216047631E-08	1E10	0.048593671495402	1E-30	9.02091652866461E-11	0.445135054081928	4.03376702261488E-08	1.2974304622923E-11	4.43876183167152E-02	4.98236449494869E-09	4.39791603085479E-11	0.132180650166999	6.92813841176914E-11	4.66345343959538E-11	1.03185057305901	2.83982030852873E-12	1.19974402708195E-10	15.377956648409	1E10	1E-30	1E-10	1E10	1E-30	1E-10	1E10	1E-30	1E-10
55	9.84738178132322E-09	1E10	5E9	1E-30	2.56441566393618E-10	1E10	1E-30	1E10	6.09381868702473E-02	1.40569191106698E-06	1E10	2830.54454960707	1.77153402601661E-06	1E10	324.989997543961	1.55840473665306E-06	1E10	53.9349144972124	1.58032728508968E-06	1E10	8.35352919129063	1.05069496662361E-06	1E10	1.42818575577146	6.9335714387259E-07	1E10	0.253049503984371	3.66474743432461E-07	1E10	6.30941077195095E-02	1E-30	8.06259200438148E-11	0.197338460931326	6.35894277253696E-08	1.78858930851996E-11	0.043787985833832	1.66203466112413E-08	2.36064231024257E-11	0.072253093933186	4.60185135863825E-12	1.26247057210232E-10	12.6269259468494	1E10	1E-30	1E-10	1E10	1E-30	1E-10	1E10	1E-30	1E-10	1E10	1E-30	1E-10
56	1.00968210397945E-08	1E10	5E9	1E-30	1.8622355427418E-10	1E10	1E-30	1E10	7.00172239956698E-02	1.10312093815446E-06	1E10	3606.92417275129	1.75017904817952E-06	1E10	279.986448899652	1.86041547566164E-06	1E10	39.5491371056358	1.39154181109022E-06	1E10	10.1935127790478	1.01170150506497E-06	1E10	1.37014880279012	5.49469716372124E-07	1E10	0.321835435854847	4.634384929825E-07	1E10	4.90602761444719E-02	1E-30	8.51159376997839E-11	0.255868186656166	1.74719336531844E-07	5.93006325732738E-12	1.39284650721092E-02	1.31758908814632E-08	3.07595697486789E-11	0.069054155153425	3.28700221527422E-11	1.33788191482643E-10	2.42097407711387	2.50888144472516E-12	1.25156032655762E-10	13.2335287108835	1E10	1E-30	1E-10	1E10	1E-30	1E-10	1E10	1E-30	1E-10
57	2.1549645785348E-08	1E10	2272727272.72727	1E-30	2.62769263936842E-10	1E10	1E-30	1E10	4.80009546237031E-02	3.00570649628021E-06	1E10	1323.77315690056	6.11237513636145E-06	1E10	159.152538604276	3.27858814187323E-06	1E10	39.9773102260386	2.78381377305462E-06	1E10	4.59000935137305	2.23235427872353E-06	1E10	0.521792977575844	1.5826659297574E-06	1E10	8.36432459729754E-02	1.42461835271248E-06	1E10	2.08179513531615E-02	1E-30	7.04954278819226E-11	0.177369910457896	1.10644842362493E-07	1.9708771235392E-11	0.029368603060773	2.45840291464491E-08	3.65466358004677E-11	5.91639883086378E-02	3.97202244416786E-12	1.55369420828975E-10	11.0002192874799	1E10	1E-30	1E-10	1E10	1E-30	1E-10	1E10	1E-30	1E-10	1E10	1E-30	1E-10
58	2.1549645785348E-08	1E10	2272727272.72727	1E-30	2.62769263936842E-10	1E10	1E-30	1E10	4.80009546237031E-02	3.00570649628021E-06	1E10	1323.77315690056	6.11237513636145E-06	1E10	159.152538604276	3.27858814187323E-06	1E10	39.9773102260386	2.78381377305462E-06	1E10	4.59000935137305	2.23235427872353E-06	1E10	0.521792977575844	1.5826659297574E-06	1E10	8.36432459729754E-02	1.42461835271248E-06	1E10	2.08179513531615E-02	1E-30	7.04954278819226E-11	0.177369910457896	1.10644842362493E-07	1.9708771235392E-11	0.029368603060773	2.45840291464491E-08	3.65466358004677E-11	5.91639883086378E-02	3.97202244416786E-12	1.55369420828975E-10	11.0002192874799	1E10	1E-30	1E-10	1E10	1E-30	1E-10	1E10	1E-30	1E-10	1E10	1E-30	1E-10
59	4.59566575424452E-08	1E10	1063829787.23404	1E-30	2.41876914645925E-10	1E10	1E-30	1E10	3.32963071169888E-02	6.34776353017314E-06	1E10	501.823359429922	1.05753148093255E-05	1E10	58.9591038005756	1.55443554331807E-05	1E10	6.76941085488415	1.06273795449692E-05	1E10	3.02378475740537	9.92855828582378E-06	1E10	0.852218334808893	7.42448226175103E-06	1E10	0.224578654506637	7.58920270480592E-06	1E10	5.67146733065181E-02	2.49830937999248E-06	1E10	3.51343220377209E-02	1E-30	1.01089677258026E-10	0.120854667788926	1.17566845094515E-07	3.51908175554953E-11	2.65949744105608E-02	1.19543455997295E-07	1.68706031974487E-11	0.02664166796069	3.87663944105208E-12	1.38170063454398E-10	12.2541306146185	1E10	1E-30	1E-10	1E10	1E-30	1E-10	1E10	1E-30	1E-10
60	4.72201376649215E-08	1E10	1063829787.23404	1E-30	2.3003414394913E-10	1E10	1E-30	1E10	1.99801109170435E-02	7.42951714198499E-06	1E10	497.28346575869	1.01684848118846E-05	1E10	48.5963912105296	9.69913518149554E-06	1E10	8.06499346017087	1.19786078509621E-05	1E10	1.27821532322682	1.52496456967507E-05	1E10	0.306622499495164	6.54413484507676E-06	1E10	0.216818306877624	3.71848031153387E-06	1E10	3.42082908394285E-02	2.04184686066575E-05	1E10	1.51829760197534E-02	1E-30	1.00581212901871E-10	0.124133192826411	1E-30	1.06128574887368E-11	9.87522073985665E-02	2.31238890292047E-07	2.48189934980052E-11	3.03391376680707E-02	5.72529099155901E-08	4.41567170454438E-11	5.26519489780393E-02	9.31306643787686E-12	6.85621320868473E-11	6.66294902338958	1E10	1E-30	1E-10	1E10	1E-30	1E-10
61	9.94619362547982E-08	1E10	5E8	1E-30	2.62656868666323E-10	1E10	1E-30	1E10	0.021591627204456	1.30023286273675E-05	1E10	306.01238372968	2.36318973512214E-05	1E10	30.601238372968	1.8843914619529E-05	1E10	7.51171326651273	1.58139877141332E-05	1E10	1.88685706315438	1.21812207527879E-05	1E10	0.136881210068443	3.58199331720404E-05	1E10	0.130538615398735	6.53930462020007E-06	1E10	2.84073399565633E-02	1E-30	1.58466662168587E-11	0.11650587153345	1E-30	1.12473192427327E-10	9.72739452788125E-02	9.53747629521818E-07	1.52423188565653E-11	1.05332543580168E-02	1.1486280098586E-07	5.03468013127567E-11	2.89512331073378E-02	4.32273808735801E-12	1.01809633419626E-10	9.76478903061452	1E10	1E-30	1E-10	1E10	1E-30	1E-10	1E10	1E-30	1E-10
62	9.82295038898808E-08	1E10	5E8	1E-30	1.99108338925244E-10	1E10	1E-30	1E10	1.26566955836677E-02	1.41545291912207E-05	1E10	261.017232248986	1.87313212913777E-05	1E10	38.6072777675924	1.86143427884195E-05	1E10	6.55645644076412	1.4319060284977E-05	1E10	1.22086932004373	1.24119784961246E-05	1E10	0.153018898158204	1.34463487307786E-05	1E10	2.99376699159834E-02	7.87194067369396E-06	1E10	1.35651656572321E-02	1E-30	1.3377286192717E-10	9.34200312706788E-02	1E-30	1.31642221098631E-11	7.94969318990613E-02	4.78930819132267E-07	2.83466909360704E-11	2.90810919325456E-02	1.33331557647441E-07	4.72498689687274E-11	4.13844284209887E-02	5.71741962155483E-12	7.44843215011173E-11	7.43659235192622	1E10	1E-30	1E-10	1E10	1E-30	1E-10	1E10	1E-30	1E-10
63	9.81671893339386E-08	1E10	5E8	1E-30	6.96487548404445E-11	1E10	1E-30	1E10	1.25303545158836E-02	1.20736170093532E-05	1E10	329.551084336618	2.46903875674072E-05	1E10	21.7732242205002	1.62476626694684E-05	1E10	8.08951984894766	1.32671613449397E-05	1E10	0.9977968324493	1.13481203211057E-05	1E10	0.122150767415433	1.01734344379776E-05	1E10	2.51919945690237E-02	1.43067523959964E-05	1E10	5.66485872685001E-03	1E-30	1.43665262908091E-10	8.79715696941868E-02	1E-30	1.0630982005645E-11	5.00973224540693E-02	7.04634013798494E-07	1.94419467229191E-11	2.11926419906542E-02	1.55954231955113E-07	4.22532111614733E-11	3.79659003101844E-02	1.22031217422232E-11	4.82983780851157E-11	5.36119996165114	8.34435332532103E-13	1.5279881376343E-10	52.2578153973648	1E10	1E-30	1E-10	1E10	1E-30	1E-10
64	9.51776945870132E-08	1E10	5E8	1E-30	2.06E-10	1E10	1E-30	1E10	1.29807020379011E-02	1.296573823336E-05	1E10	0.774502604069119	1.64291142874078E-05	1E10	0.244919228259001	1.45182516942089E-05	1E10	0.087077471624394	1.10117971667599E-05	1E10	2.02708491332289E-02	1.15439248909637E-05	1E10	4.11333550365E-3	1E-30	1.00975218427873E-10	0.085773514688043	1E-30	9.35173094024805E-12	5.03323455846204E-02	5.194351990896E-07	2.637375553185E-11	2.87486416304516E-02	1.24246552468893E-07	3.33561518552882E-11	2.80885295147705E-02	2.97977777052016E-12	9.9970143444002E-11	11.6584969878966	1E10	1E-30	1E-10	1E10	1E-30	1E-10	1E10	1E-30	1E-10	1E10	1E-30	1E-10	1E10	1E-30	1E-10
65	2.20638920894318E-07	1E10	227272727.272727	1E-30	8E-11	1E10	1E-30	1E10	1.04122077523887E-02	2.55196510740725E-05	1E10	159.54581185305	4.15477322377999E-05	1E10	18.7449984246991	2.94603690793431E-05	1E10	3.57178581565471	2.67929116370749E-05	1E10	0.517368781983212	2.31403317576492E-05	1E10	6.41875132514093E-02	1.75042222019101E-05	1E10	1.19011060983299E-02	2.43833537932621E-05	1E10	1.66980862572915E-03	1E-30	2.0085170801277E-11	9.46491375530821E-02	1E-30	1.48283818662131E-10	0.051760817261688	1.3982372106209E-06	2.01287542773123E-11	0.010347765801303	4.91925510062119E-07	2.78767626812843E-11	1.74743112165088E-02	9.57417928429312E-12	6.66588180294981E-11	6.83331425846196	1.1E-12	1.6E-10	60	1E10	1E-30	1E-10	1E10	1E-30	1E-10
66	2.18167874829371E-07	1E10	227272727.272727	1E-30	1.55E-10	1E10	1E-30	1E10	8.2121154369483E-03	3.11202387648867E-05	1E10	127.854853793307	4.64430921583754E-05	1E10	18.0599781245299	4.1248440003686E-05	1E10	2.55103971559641	3.94908567714467E-05	1E10	0.359189452789575	3.77382032779608E-05	1E10	4.21734288512994E-02	3.11919370098426E-05	1E10	8.60375033555173E-03	2.1640115317464E-05	1E10	9.62654785048936E-04	1E-30	2.02484720625979E-11	0.084816601437701	1E-30	1.41686073666378E-10	0.053414391377553	1.13717989305347E-06	2.59116475905846E-11	1.38413552422664E-02	4.63778448155173E-07	3.11321932466344E-11	2.11642366179096E-02	8.00148289748498E-12	7.49278150938989E-11	10.8818539938188	2.5E-12	1E-10	40	1E10	1E-30	1E-10	1E10	1E-30	1E-10
67	4.56518544688416E-07	1E10	106382978.723404	1E-30	2.20692034103849E-10	1E10	1E-30	1E10	9.10217513124469E-03	4.99769970027899E-05	1E10	79.614098803801	7.7529160750268E-05	1E10	6.93409813052766	8.93582726209649E-05	1E10	1.17757881357155	6.38266704665654E-05	1E10	0.34752814597392	6.10288358703596E-05	1E10	5.01544739642668E-02	4.63568611162517E-05	1E10	1.01556065947439E-02	1E-30	1.98701948037314E-11	6.85901447202375E-02	1E-30	1.58690375801077E-10	4.70089315323397E-02	3.11045037306498E-06	2.07345541338424E-11	8.58795225426318E-03	9.14435041871024E-07	3.50690123562083E-11	1.51948678820095E-02	5.74916850472328E-12	8.99362097270272E-11	8.27990503475711	1E10	1E-30	1E-10	1E10	1E-30	1E-10	1E10	1E-30	1E-10	1E10	1E-30	1E-10
68	3.76364144287253E-07	1E10	106382978.723404	1E-30	1.53313418488072E-10	1E10	1E-30	1E10	8.77970631052775E-03	1.28170281864424E-05	1E10	151.438476328543	1.41793802095478E-05	1E10	13.8113531907175	1.25017498662328E-05	1E10	1.73874635030586	9.40302419740035E-06	1E10	0.269299924342715	6.9843686542762E-06	1E10	3.95263544763987E-02	9.9463303254756E-06	1E10	5.10745340387297E-03	1E-30	1.86810992595666E-11	0.098042115985301	1E-30	1.56490661810687E-10	5.28539766842865E-02	1.99669025502485E-06	2.26464800949254E-11	1.31428811798689E-02	5.35661270543583E-07	4.23302864796492E-11	2.02898810247806E-02	1.25282808023371E-11	3.90978989605611E-11	11.9847774155132	2.931121387427E-12	8.28221679746838E-11	19.3989751711556	1E10	1E-30	1E-10	1E10	1E-30	1E-10	1E10	1E-30	1E-10
69	7.39828071585456E-07	1E10	5E7	1E-30	8.09490146560252E-11	1E10	1E-30	1E10	7.69552905708914E-03	5.35643656767996E-06	1E10	1246.87498077866	1.82481345202383E-05	1E10	19.1112948264	1.77851847921723E-05	1E10	1.7465790111307	1.38879968079154E-05	1E10	0.203009739814256	1.03684630241065E-05	1E10	0.023150085177258	1E-30	2.92523742487055E-11	0.110435481567588	1E-30	1.73659836301207E-10	4.23184743272442E-02	3.07557138336544E-06	3.05614600783778E-11	1.01908482783851E-02	9.64852933113116E-07	4.54270615313192E-11	1.55126236319264E-02	1.23003995449124E-12	2.21310410076999E-10	87.4245320896797	1E10	1E-30	1E-10	1E10	1E-30	1E-10	1E10	1E-30	1E-10	1E10	1E-30	1E-10	1E10	1E-30	1E-10
70	7.39828071585456E-07	1E10	5E7	1E-30	8.09490146560252E-11	1E10	1E-30	1E10	7.69552905708914E-03	5.35643656767996E-06	1E10	1246.87498077866	1.82481345202383E-05	1E10	19.1112948264	1.77851847921723E-05	1E10	1.7465790111307	1.38879968079154E-05	1E10	0.203009739814256	1.03684630241065E-05	1E10	0.023150085177258	1E-30	2.92523742487055E-11	0.110435481567588	1E-30	1.73659836301207E-10	4.23184743272442E-02	3.07557138336544E-06	3.05614600783778E-11	1.01908482783851E-02	9.64852933113116E-07	4.54270615313192E-11	1.55126236319264E-02	1.23003995449124E-12	2.21310410076999E-10	87.4245320896797	1E10	1E-30	1E-10	1E10	1E-30	1E-10	1E10	1E-30	1E-10	1E10	1E-30	1E-10	1E10	1E-30	1E-10
71	1.6257484901135E-06	1E10	22727272.7272727	1E-30	2.14706035709095E-10	1E10	1E-30	1E10	6.3669730700751E-03	1.11917033149027E-05	1E10	823.087266170825	5.86152867522171E-05	1E10	24.5776487084364	5.58873830728021E-05	1E10	3.01945623411833	5.86871873346916E-05	1E10	0.697338254868721	4.13192088357192E-05	1E10	0.135153840045965	3.88576043346875E-05	1E10	2.18518961980752E-02	2.2447166899809E-05	1E10	6.27889342041919E-03	1E-30	3.48571836010969E-11	0.119374152098648	1E-30	1.883032994882E-10	3.65708226166794E-02	4.06825795617756E-06	4.77215824636982E-11	6.50927657364065E-03	1.67142433806516E-06	5.42582013189076E-11	8.8751430821886E-03	7.69205613561024E-12	5.17987151435472E-11	6.37547066402365	1E10	1E-30	1E-10	1E10	1E-30	1E-10	1E10	1E-30	1E-10
72	1.54136627165893E-06	1E10	22727272.7272727	1E-30	1.68865876847935E-10	1E10	1E-30	1E10	5.97238685237669E-03	1.89602984995417E-05	1E10	306.798835318777	4.33648735435881E-05	1E10	9.87897138459408	3.83342720849309E-05	1E10	1.11360542350535	3.32810751845138E-05	1E10	0.122550956227731	2.66411406786792E-05	1E10	1.66346216894624E-02	1E-30	3.36553268165551E-11	9.20441514731529E-02	1E-30	2.06038841555417E-10	3.24825695976571E-02	7.93950721757536E-06	2.72422558950785E-11	4.64412067329436E-03	3.18356006583802E-06	3.60460082234444E-11	7.37116420676491E-03	2.77382503447449E-12	1.21734120134748E-10	32.1665339927394	1E10	1E-30	1E-10	1E10	1E-30	1E-10	1E10	1E-30	1E-10	1E10	1E-30	1E-10	1E10	1E-30	1E-10
END DSCRDATA
