BEGIN DSCRDATA
% INDEX	K01	L01	M01	K02	L02	M02	K03	L03	M03	K04	L04	M04	K05	L05	M05	K06	L06	M06	K07	L07	M07	K08	L08	M08	K09	L09	M09	K10	L10	M10	K11	L11	M11	K12	L12	M12	K13	L13	M13	K14	L14	M14	K15	L15	M15	K16	L16	M16	K17	L17	M17	K18	L18	M18
0	0	0	0	0	0	0	0	0	0	0	0	0	0	0	0	0	0	0	0	0	0	0	0	0	0	0	0	0	0	0	0	0	0	0	0	0	0	0	0	0	0	0	0	0	0	0	0	0	0	0	0	0	0	0
1	2.20825698615787E-09	1E10	1E11	1E-30	5.01187233627272E-11	1E10	1E-30	1E10	1.17185111355139E-02	1E-30	9.78370177892901E-11	0.526624928554042	1E-30	9.50001785433354E-11	2.48580571394185E-02	1.17041576181397E-08	2.06065417323452E-11	0.249125404063539	2.56139413887609E-09	3.1825360923928E-11	0.431309035201663	9.93786452748756E-13	5.98345078642834E-10	1538.4589864769	1E10	1E-30	1E-10	1E10	1E-30	1E-10	1E10	1E-30	1E-10	1E10	1E-30	1E-10	1E10	1E-30	1E-10	1E10	1E-30	1E-10	1E10	1E-30	1E-10	1E10	1E-30	1E-10	1E10	1E-30	1E-10	1E10	1E-30	1E-10
2	3.28470155660029E-09	1E10	1E11	1E-30	1.00237446725454E-10	1E10	1E-30	1E10	9.67734585059313E-03	1E-30	1.35971400606934E-10	0.42619029871815	1E-30	8.3897287731166E-11	1.20591471837688E-02	1.56975460845141E-08	3.79968028958865E-11	0.420200583409778	4.37691202445824E-09	4.81510370774918E-11	0.597121322858901	6.79464316081035E-08	1.65941070229521E-12	0.062298149654946	6.88423931816149E-09	8.72775013974333E-12	0.155585123172069	1.24339216410224E-12	4.20922787371644E-10	371.003992686851	1E10	1E-30	1E-10	1E10	1E-30	1E-10	1E10	1E-30	1E-10	1E10	1E-30	1E-10	1E10	1E-30	1E-10	1E10	1E-30	1E-10	1E10	1E-30	1E-10	1E10	1E-30	1E-10
3	4.72751075141825E-09	1E10	1E11	1E-30	5.07308927627602E-11	1E10	1E-30	1E10	8.05751576817669E-03	1E-30	1.37294606113854E-10	0.375164844573298	1E-30	8.82718915367152E-11	0.010049612754661	2.53151959605331E-08	3.6340916815869E-11	0.27393501529975	6.72311698045316E-09	4.62336368158385E-11	0.460330365972396	8.3602863733788E-09	1.12080319351436E-11	0.123741450284688	1.1327779790463E-12	5.03878891524132E-10	470.315872847629	6.87925184699919E-13	4.54463367719024E-12	125892.541179417	1E10	1E-30	1E-10	1E10	1E-30	1E-10	1E10	1E-30	1E-10	1E10	1E-30	1E-10	1E10	1E-30	1E-10	1E10	1E-30	1E-10	1E10	1E-30	1E-10	1E10	1E-30	1E-10
4	4.72751075141825E-09	1E10	1E11	1E-30	5.07308927627602E-11	1E10	1E-30	1E10	8.05751576817669E-03	1E-30	1.37294606113854E-10	0.375164844573298	1E-30	8.82718915367152E-11	0.010049612754661	2.53151959605331E-08	3.6340916815869E-11	0.27393501529975	6.72311698045316E-09	4.62336368158385E-11	0.460330365972396	8.3602863733788E-09	1.12080319351436E-11	0.123741450284688	1.1327779790463E-12	5.03878891524132E-10	470.315872847629	6.87925184699919E-13	4.54463367719024E-12	125892.541179417	1E10	1E-30	1E-10	1E10	1E-30	1E-10	1E10	1E-30	1E-10	1E10	1E-30	1E-10	1E10	1E-30	1E-10	1E10	1E-30	1E-10	1E10	1E-30	1E-10	1E10	1E-30	1E-10
5	6.64521310249951E-09	1E10	1E11	1E-30	1.99526231496888E-11	1E10	1E-30	1E10	0.01	1E-30	1.13662011333022E-10	0.362610937898265	1E-30	1.22069574648473E-10	0.016446430522058	3.6211732803078E-08	3.29641635208264E-11	0.182648646618556	8.82293966326338E-09	4.24660072657274E-11	0.316068059385478	8.07821995393898E-13	6.44990337702483E-10	1353.65377694426	1E10	1E-30	1E-10	1E10	1E-30	1E-10	1E10	1E-30	1E-10	1E10	1E-30	1E-10	1E10	1E-30	1E-10	1E10	1E-30	1E-10	1E10	1E-30	1E-10	1E10	1E-30	1E-10	1E10	1E-30	1E-10	1E10	1E-30	1E-10
6	6.70053776361165E-09	1E10	1E11	1E-30	7.94328234724282E-11	1E10	1E-30	1E10	8.53199368638018E-03	1E-30	1.15548008217547E-10	0.36388400398564	1E-30	9.65819344109051E-11	0.015734164415647	3.97421009243203E-08	2.94279396295631E-11	0.154852751323307	7.49609598210153E-09	5.39714405470262E-11	0.300075808779251	1.37461921409929E-08	8.06474136798873E-12	8.65309751284811E-02	1.15919392606798E-12	5.55685756415929E-10	1207.72083980913	1E10	1E-30	1E-10	1E10	1E-30	1E-10	1E10	1E-30	1E-10	1E10	1E-30	1E-10	1E10	1E-30	1E-10	1E10	1E-30	1E-10	1E10	1E-30	1E-10	1E10	1E-30	1E-10	1E10	1E-30	1E-10
7	1.00299801709403E-08	1E10	1E11	1E-30	1.06898104475112E-10	1E10	1E-30	1E10	7.50900984025791E-03	1E-30	1.33450866553622E-10	0.308598199653819	1E-30	1.08709900264643E-10	1.08472436135459E-02	5.15509673605329E-08	3.75544325866534E-11	0.21155919738988	1.36386674817826E-08	5.17456074537397E-11	0.321885356363758	7.28401425793827E-08	4.82329221363086E-12	4.16246458997883E-02	2.21317952532505E-08	8.83058409057386E-12	0.102176389402443	1.22360649629042E-12	4.40739776876284E-10	752.343464390494	1E10	1E-30	1E-10	1E10	1E-30	1E-10	1E10	1E-30	1E-10	1E10	1E-30	1E-10	1E10	1E-30	1E-10	1E10	1E-30	1E-10	1E10	1E-30	1E-10	1E10	1E-30	1E-10
8	1.00299801709403E-08	1E10	1E11	1E-30	1.06898104475112E-10	1E10	1E-30	1E10	7.50900984025791E-03	1E-30	1.33450866553622E-10	0.308598199653819	1E-30	1.08709900264643E-10	1.08472436135459E-02	5.15509673605329E-08	3.75544325866534E-11	0.21155919738988	1.36386674817826E-08	5.17456074537397E-11	0.321885356363758	7.28401425793827E-08	4.82329221363086E-12	4.16246458997883E-02	2.21317952532505E-08	8.83058409057386E-12	0.102176389402443	1.22360649629042E-12	4.40739776876284E-10	752.343464390494	1E10	1E-30	1E-10	1E10	1E-30	1E-10	1E10	1E-30	1E-10	1E10	1E-30	1E-10	1E10	1E-30	1E-10	1E10	1E-30	1E-10	1E10	1E-30	1E-10	1E10	1E-30	1E-10
9	1.46585583143372E-08	1E10	66666666666.6667	1E-30	5E-12	1E10	1E-30	1E10	8.39760357386588E-03	1E-30	1.26406125068958E-10	0.239174914097786	1E-30	1.12882182153015E-10	5.45090646007862E-03	5.8119999117421E-08	3.48457795064127E-11	0.133239169251933	1.61243667347883E-08	4.66956919676744E-11	0.235148370655165	8.82664811904659E-08	2.30481948307865E-12	2.55141472738743E-02	9.44218844962453E-13	5.62960290177617E-10	1856.43268182095	1.08114272188974E-11	2.90144741024921E-11	14.7209928781379	1E10	1E-30	1E-10	1E10	1E-30	1E-10	1E10	1E-30	1E-10	1E10	1E-30	1E-10	1E10	1E-30	1E-10	1E10	1E-30	1E-10	1E10	1E-30	1E-10	1E10	1E-30	1E-10
10	2.2E-8	1E10	45454545454.5455	1E-30	1.95763925580415E-10	1E10	1E-30	1E10	6.29993695954748E-03	1E-30	7.70240532626568E-11	0.311015732121573	1E-30	1.03906991357522E-10	6.19055923637881E-03	6.87549550906971E-08	5.16205077541001E-11	0.242047428667721	4.17124238615451E-08	3.34011667833783E-11	0.244471568216341	6.05145577022817E-09	7.25548604340023E-11	0.115892878000212	1.42958887392373E-12	2.82963976958768E-10	494.766490887898	1E10	1E-30	1E-10	1E10	1E-30	1E-10	1E10	1E-30	1E-10	1E10	1E-30	1E-10	1E10	1E-30	1E-10	1E10	1E-30	1E-10	1E10	1E-30	1E-10	1E10	1E-30	1E-10	1E10	1E-30	1E-10
11	3.3E-8	1E10	30303030303.0303	1E-30	1.13933100432008E-13	1E10	1E-30	1E10	5.02034790311103E-03	1E-30	1.54854774810376E-10	0.206642699388813	1E-30	1.59461865169006E-10	9.12600515550022E-04	7.58642070017941E-08	7.1159655451591E-11	0.174509100789879	5.04717659704139E-08	4.61588665820569E-11	0.217180386478852	6.70862601794296E-08	1.58524803495926E-11	3.64733946597693E-02	7.48843272600599E-08	9.06734866945832E-12	4.37062784574705E-02	8.8156330050521E-13	4.48467053203851E-10	1247.03450000447	1E10	1E-30	1E-10	1E10	1E-30	1E-10	1E10	1E-30	1E-10	1E10	1E-30	1E-10	1E10	1E-30	1E-10	1E10	1E-30	1E-10	1E10	1E-30	1E-10	1E10	1E-30	1E-10
12	4.70082556083344E-08	1E10	21276595744.6809	1E-30	1.48262048260183E-11	1E10	1E-30	1E10	4.04226832735124E-03	1E-30	2.12612039269477E-10	0.155437412439362	1E-30	5.45296954911233E-11	1.7248489315691E-03	1.28842009804029E-07	7.78297389009376E-11	0.221394645494713	6.32322016047145E-08	6.75579944563924E-11	0.186460354869566	2.32371818328687E-07	8.71247194690262E-12	3.41170235028054E-02	1.56854169183966E-07	8.00575535365191E-12	4.97315112423696E-02	1.10506569170946E-12	4.22922402415536E-10	640.06391282446	1E10	1E-30	1E-10	1E10	1E-30	1E-10	1E10	1E-30	1E-10	1E10	1E-30	1E-10	1E10	1E-30	1E-10	1E10	1E-30	1E-10	1E10	1E-30	1E-10	1E10	1E-30	1E-10
13	6.78628735786548E-08	1E10	14705882352.9412	1E-30	1.18834713726241E-11	1E10	1E-30	1E10	3.09679900369845E-03	1E-30	1.13486183399101E-11	0.511660094653822	1E-30	1.59309649979636E-10	0.131907083987336	1E-30	1.22577735189639E-10	3.2988232459206E-03	1E-30	2.74212426522362E-10	8.10052258740163E-04	1.67366121059182E-07	1.01323823031226E-10	0.178630198151577	1.05104758494641E-07	7.20628082962742E-11	0.193923554143035	2.67753247484824E-07	1.47284562588861E-11	3.76060739492353E-02	8.31144040767272E-08	2.88920720932165E-11	6.55122317919665E-02	7.67012711268435E-13	5.50430635446636E-10	1052.63687350599	1E10	1E-30	1E-10	1E10	1E-30	1E-10	1E10	1E-30	1E-10	1E10	1E-30	1E-10	1E10	1E-30	1E-10	1E10	1E-30	1E-10
14	9.74676165474965E-08	1E10	1E10	1E-30	6.76052044813973E-11	1E10	1E-30	1E10	3.08460388975215E-03	1E-30	1.69020693658284E-11	0.39901342406128	1E-30	1.62406424862099E-10	0.136909766687065	1E-30	1.28510434459531E-10	2.23705852160617E-03	1E-30	2.06735270911014E-11	1.71097863016078E-03	1.99464934732766E-07	1.28397393231144E-10	0.209141268745841	1.64764856292858E-07	7.57634845606926E-11	0.185695904763662	3.14287590879761E-07	2.10225453867273E-11	6.78962576466236E-02	1.502274818772E-07	2.70968742713242E-11	7.77116036306582E-02	4.09955475665131E-08	4.57959059547506E-11	5.07493626754307E-02	1.22599356824984E-12	3.44002504655177E-10	868.73474433118	1E10	1E-30	1E-10	1E10	1E-30	1E-10	1E10	1E-30	1E-10	1E10	1E-30	1E-10	1E10	1E-30	1E-10
15	1.00970922906519E-07	1E10	5E8	1E-30	1.71422189337392E-10	1E10	1E-30	1E10	2.77645205509488E-02	1.44871081688735E-05	1E10	274.649262704219	1.96728352196616E-05	1E10	29.4291987156846	1.68563584221738E-05	1E10	3.96988967318724	1.76341033847773E-05	1E10	0.476810152745712	2.82086857011625E-05	1E10	8.88424196649643E-02	1.44864119445945E-05	1E10	0.046103940492043	7.10504920883312E-06	1E10	1.71053429840682E-02	1E-30	9.59316861782825E-11	0.129162120233217	3.16612179099786E-07	2.99195195364484E-11	1.36198166172124E-02	4.74852296985705E-08	5.40554155966924E-11	3.39640193050624E-02	1.24714858717931E-11	1.24452008450712E-10	11.4755602345786	1.74397244501286E-12	3.48E-10	65.185721559757	1E10	1E-30	1E-10	1E10	1E-30	1E-10	1E10	1E-30	1E-10
16	2.18181636327239E-07	1E10	227272727.272727	1E-30	1.0628250131033E-10	1E10	1E-30	1E10	1.20445777858598E-02	3.0630889878397E-05	1E10	120.616017753466	6.60722736603061E-05	1E10	11.7870461992154	4.87856386818676E-05	1E10	3.90305782691332	5.59462038209824E-05	1E10	0.618592977965699	3.54577857089094E-05	1E10	0.237130417490133	2.741509475377E-05	1E10	3.86108289422815E-02	3.0427254651995E-05	1E10	7.14844933112932E-03	1.00501881185268E-05	1E10	5.27867210758984E-03	1E-30	3.01146537414777E-11	0.115350373679511	1E-30	2.16320609066104E-10	8.27952192057147E-02	1.10504658679499E-06	3.45346565847014E-11	2.05750786558626E-02	2.80355577682604E-07	5.76215589741812E-11	2.65254041353728E-02	1.40022638897582E-11	9.49240100507468E-11	10.3330656414462	1.67495584292895E-12	3.15061737516838E-10	86.3821649463389	1E10	1E-30	1E-10
17	4.57936225316879E-07	1E10	106382978.723404	1E-30	7.5160475280116E-11	1E10	1E-30	1E10	8.52319504700851E-03	7.34859180885013E-05	1E10	46.6835151888075	9.72459643972977E-05	1E10	6.90499789049431	6.75380165567374E-05	1E10	0.998075856783721	7.95451703290148E-05	1E10	8.39624419024205E-02	4.30099942072514E-05	1E10	2.46110131722776E-02	7.3875742768955E-05	1E10	2.85357786234143E-03	1E-30	2.77102843482668E-11	7.46180792034852E-02	1E-30	1.89108914401466E-10	5.94103176211986E-02	1.72688442504641E-06	4.88940188916688E-11	1.84326108665457E-02	4.57951648779835E-07	7.98155299757409E-11	2.89613804419359E-02	2.58093651591386E-11	7.00105448056606E-11	5.35365183579517	1.49703581307383E-12	3.14386855497333E-10	118.125982099628	1E10	1E-30	1E-10	1E10	1E-30	1E-10	1E10	1E-30	1E-10
18	1.0061850348778E-06	1E10	5E7	1E-30	3.4545392734667E-11	1E10	1E-30	1E10	7.05199858730183E-03	1.24643937763278E-04	1E10	25.6464770374615	2.00465799819717E-04	1E10	3.03849541841096	1.54921796881708E-04	1E10	0.667707648974844	1.26341053058912E-04	1E10	0.132786640831672	1.37494729093815E-04	1E10	2.12037574293252E-02	8.56271643083851E-05	1E10	6.43947630239757E-03	1E-30	5.59643089735934E-11	0.150700338801146	1E-30	1.97523405186542E-10	4.28056169981192E-02	3.44684013990101E-06	5.73009401576205E-11	1.15435396357304E-02	1.07107687327791E-06	7.34452560902705E-11	1.61345545641282E-02	1.9419909608664E-11	8.33981295558058E-11	6.82954359293592	1.2189405639687E-12	3.94692939910473E-10	124.350719599063	1E10	1E-30	1E-10	1E10	1E-30	1E-10	1E10	1E-30	1E-10
19	9.90790213207433E-07	1E10	5E7	1E-30	2.59390375196015E-10	1E10	1E-30	1E10	4.8985825157355E-03	1.49830794881407E-04	1E10	18.6043738780333	2.53524869204903E-04	1E10	1.9866823261948	2.01745929868242E-04	1E10	0.439467388968749	1.94556327681218E-04	1E10	0.086893113580166	1.72031984748417E-04	1E10	2.91678791988123E-02	1.00373492490649E-04	1E10	7.1838573840081E-03	1E-30	2.4455105809821E-10	4.66747376238165E-02	2.06365611934587E-06	1.18539590939302E-10	3.19936257014192E-02	1.24838746254153E-06	8.26326308723117E-11	2.49290241659862E-02	3.08224204698897E-10	7.20776757583174E-11	0.431582667803948	2.59762746401033E-12	1.57810367258136E-10	60.5130248352546	1E10	1E-30	1E-10	1E10	1E-30	1E-10	1E10	1E-30	1E-10	1E10	1E-30	1E-10
20	2.18275845936581E-06	1E10	22727272.7272727	1E-30	1.8902394337569E-11	1E10	1E-30	1E10	4.78751789170561E-03	3.25105538721984E-04	1E10	12.9620743559974	5.29043728411507E-04	1E10	1.55312820475123	3.30045870811292E-04	1E10	0.463579874141991	3.1560832908512E-04	1E10	8.42462194386721E-02	2.94798981103041E-04	1E10	1.60388379236737E-02	2.07048004860573E-04	1E10	3.43821960476685E-03	1E-30	3.87286575912359E-11	6.08348330860107E-02	1E-30	2.82339054265188E-10	3.77477293646533E-02	6.87454409438602E-06	7.67635629202123E-11	1.15756725760088E-02	2.24625587450696E-06	1.02051351209009E-10	1.57452076288038E-02	2.14144698867706E-11	6.5714382337734E-11	5.30865824881927	1.29654233757695E-12	3.48575865800621E-10	136.392634881594	1E10	1E-30	1E-10	1E10	1E-30	1E-10	1E10	1E-30	1E-10
21	2.22765950930771E-06	1E10	22727272.7272727	1E-30	4.0872423985581E-11	1E10	1E-30	1E10	4.28934088676489E-03	3.31326188527341E-04	1E10	11.5996026465566	4.36583557134256E-04	1E10	1.46093704588835	2.76380226838784E-04	1E10	0.349294629249147	2.54051534163841E-04	1E10	5.00930015334727E-02	3.48076620764796E-04	1E10	6.20903378382751E-03	2.43220049413045E-04	1E10	2.18122016771752E-03	1E-30	4.27813188268333E-11	6.72007384686311E-02	1E-30	3.21362744451411E-10	3.86041548236757E-02	5.71929514821462E-06	1.01814233751979E-10	1.63692469672882E-02	2.41224126382938E-06	1.06892759308619E-10	1.61190483535631E-02	2.13679708293392E-11	5.72120131880118E-11	3.92015508590248	1.50392888934352E-12	3.04570495670145E-10	117.584565939719	1E10	1E-30	1E-10	1E10	1E-30	1E-10	1E10	1E-30	1E-10
22	4.55210404468296E-06	1E10	10638297.8723404	1E-30	3.07639258202898E-11	1E10	1E-30	1E10	3.06863735522129E-03	1.07474446039836E-03	1E10	2.82617319985409	7.10874463907768E-04	1E10	0.413959257904705	5.7598085333664E-04	1E10	0.066055732289309	5.5127691201206E-04	1E10	7.99654867954795E-03	7.43974801030585E-04	1E10	8.91030165046868E-04	1E-30	3.75100674168284E-11	3.87941151546498E-02	1E-30	3.25612284762701E-10	2.63982967621803E-02	1.02125294738469E-05	1.21465462161139E-10	9.98181117900829E-03	5.63188219876931E-06	9.80698494586037E-11	1.04388133804131E-02	2.72186039592539E-11	6.16147948041093E-11	5.61103992582117	1.18251783180362E-12	3.57156731646621E-10	135.517491548731	1E10	1E-30	1E-10	1E10	1E-30	1E-10	1E10	1E-30	1E-10	1E10	1E-30	1E-10
23	4.55210404468296E-06	1E10	10638297.8723404	1E-30	3.07639258202898E-11	1E10	1E-30	1E10	3.06863735522129E-03	1.07474446039836E-03	1E10	2.82617319985409	7.10874463907768E-04	1E10	0.413959257904705	5.7598085333664E-04	1E10	0.066055732289309	5.5127691201206E-04	1E10	7.99654867954795E-03	7.43974801030585E-04	1E10	8.91030165046868E-04	1E-30	3.75100674168284E-11	3.87941151546498E-02	1E-30	3.25612284762701E-10	2.63982967621803E-02	1.02125294738469E-05	1.21465462161139E-10	9.98181117900829E-03	5.63188219876931E-06	9.80698494586037E-11	1.04388133804131E-02	2.72186039592539E-11	6.16147948041093E-11	5.61103992582117	1.18251783180362E-12	3.57156731646621E-10	135.517491548731	1E10	1E-30	1E-10	1E10	1E-30	1E-10	1E10	1E-30	1E-10	1E10	1E-30	1E-10
24	9.74837257471882E-06	1E10	5E6	1E-30	1.09368707946839E-10	1E10	1E-30	1E10	2.40654071025207E-03	1.90282380140555E-03	1E10	1.40978424010911	1.27752357551567E-03	1E10	0.272571778783381	1.09472206965213E-03	1E10	4.04110052489639E-02	1.01763465570763E-03	1E10	4.12603040514515E-03	1E-30	1.26474926742149E-11	6.80773502345583E-02	1E-30	5.77448095179862E-11	3.72525315679434E-02	1E-30	3.58725617648061E-10	2.10239547511664E-02	2.75979906820082E-05	1.16714255897072E-10	6.09863956123035E-03	1.07058300842305E-05	1.38919475573562E-10	7.78175952329324E-03	3.42243363877828E-11	4.57013674998208E-11	3.03721605744127	1.59572816403247E-12	2.34919347479608E-10	99.868866592395	1E10	1E-30	1E-10	1E10	1E-30	1E-10	1E10	1E-30	1E-10	1E10	1E-30	1E-10
25	7.1334216521225E-06	1E10	5E6	1E-30	4.14136330905558E-12	1E10	1E-30	1E10	3.37072327819642E-03	2.4150817988963E-04	1E10	5.8281304319498	2.32125610228462E-04	1E10	0.629330097556779	1.86155547459291E-04	1E10	8.44490801526274E-02	1.30900737216734E-04	1E10	1.14523732033205E-02	1E-30	4.55329877282223E-11	4.35154362736438E-02	1E-30	4.12878558489561E-10	2.19760855528884E-02	2.08259242759023E-05	9.37382724727251E-11	7.66454880813472E-03	1.05547053188709E-05	8.4936970372584E-11	8.05815301573742E-03	2.21435162228084E-11	6.33823469668766E-11	11.5190449792244	1.02685974782708E-12	4.0610015414987E-10	147.415343234612	1E10	1E-30	1E-10	1E10	1E-30	1E-10	1E10	1E-30	1E-10	1E10	1E-30	1E-10	1E10	1E-30	1E-10
END DSCRDATA
