BEGIN DSCRDATA
% INDEX	K01	L01	M01	K02	L02	M02	K03	L03	M03	K04	L04	M04	K05	L05	M05	K06	L06	M06	K07	L07	M07	K08	L08	M08	K09	L09	M09	K10	L10	M10	K11	L11	M11	K12	L12	M12	K13	L13	M13	K14	L14	M14	K15	L15	M15	K16	L16	M16	K17	L17	M17	K18	L18	M18
0	0	0	0	0	0	0	0	0	0	0	0	0	0	0	0	0	0	0	0	0	0	0	0	0	0	0	0	0	0	0	0	0	0	0	0	0	0	0	0	0	0	0	0	0	0	0	0	0	0	0	0	0	0	0
1	9.79826698112061E-07	1E10	5E7	1E-30	1.13517093632716E-10	1E10	1E-30	1E10	5.00604899923974E-03	1.61743106409772E-04	1E10	32.7999436111319	1.81269440765759E-04	1E10	3.6844636989853	1.40261254164181E-04	1E10	0.599461310861184	1.09461740585933E-04	1E10	9.45010267670979E-02	2.77010651937122E-04	1E10	7.21136674997145E-03	9.91227097966044E-05	1E10	7.05546611992239E-03	1E-30	1.9132969887634E-10	3.78150418491523E-02	2.06876769257673E-06	8.97007112382638E-11	3.07728980229117E-02	1.13542667732608E-06	6.69439002290372E-11	2.33619875051001E-02	1.37635751386301E-11	1.52760851391444E-10	12.8483205763399	3.03022038130374E-12	2.44407509544241E-10	31.7894183518409	1E10	1E-30	1E-10	1E10	1E-30	1E-10	1E10	1E-30	1E-10	1E10	1E-30	1E-10
2	2.21703293444409E-06	1E10	22727272.7272727	1E-30	8.0151027134857E-11	1E10	1E-30	1E10	2.6956590509985E-03	3.58403228594996E-04	1E10	14.4652839669086	4.96619320608866E-04	1E10	1.73250806697413	3.89991570566863E-04	1E10	0.374665459140308	3.0449262821466E-04	1E10	7.09777281099078E-02	3.55266399405464E-04	1E10	1.03310566371301E-02	2.68732904358438E-04	1E10	2.64901133390788E-03	1E-30	1.92149753094351E-10	3.16052847711195E-02	1E-30	1.29803361427083E-11	3.08643940168723E-02	3.57392086950368E-06	1.36298785840548E-10	2.96882049907646E-02	2.23224489442296E-06	7.11439112549942E-11	0.020370901506823	1.85937127236076E-11	6.09259552739767E-11	9.51067859799387	1.99772341892664E-12	2.4318337173679E-10	61.2831977347678	1E10	1E-30	1E-10	1E10	1E-30	1E-10	1E10	1E-30	1E-10
3	4.57735352386479E-06	1E10	10638297.8723404	1E-30	1.06098796922719E-10	1E10	1E-30	1E10	2.17213162469046E-03	7.19082169237483E-04	1E10	7.04563850899895	1.29099053202208E-03	1E10	0.651292114068388	7.30143573574889E-04	1E10	0.229768563909825	6.67454880754724E-04	1E10	4.07640160340024E-02	7.04242044055333E-04	1E10	6.08272499724806E-03	7.17596827037859E-04	1E10	1.31635559710635E-03	1E-30	2.68533837295606E-11	3.37449572195261E-02	1E-30	3.22856268921793E-10	2.33786094717105E-02	9.0697338394622E-06	1.22546636461703E-10	1.75479177128016E-02	5.8333633044151E-06	8.20543108737691E-11	1.29921734999149E-02	1.49974244677816E-11	4.58667226756508E-11	3.84391214128622	2.21246096486177E-12	1.5901282373439E-10	46.4455932606577	1E10	1E-30	1E-10	1E10	1E-30	1E-10	1E10	1E-30	1E-10
4	4.64862285226057E-06	1E10	10638297.8723404	1E-30	6.76952000025265E-11	1E10	1E-30	1E10	2.38758342751335E-03	5.09320154972627E-04	1E10	8.56706846400431	4.91064321891624E-04	1E10	0.881508834262649	4.96182758759717E-04	1E10	0.095579181506898	5.26849654465539E-04	1E10	1.44121780315767E-02	4.11567593553818E-04	1E10	2.83021988208848E-03	1E-30	2.48294221223902E-11	3.13904769566814E-02	1E-30	2.69788641588195E-10	2.55266462133221E-02	7.85880065926358E-06	1.38756368026058E-10	1.84040810365374E-02	4.60639086507236E-06	9.79054513504597E-11	1.25194158947899E-02	3.02628233037254E-11	7.15748383002069E-11	3.84431727188796	2.22039191092139E-12	2.30028532879603E-10	78.7882430914671	1E10	1E-30	1E-10	1E10	1E-30	1E-10	1E10	1E-30	1E-10	1E10	1E-30	1E-10
5	9.49529573674748E-06	1E10	5E6	1E-30	6.2529709167734E-11	1E10	1E-30	1E10	1.63535291791096E-03	2.56738524586547E-03	1E10	2.06636880003627	1.75664244240778E-03	1E10	0.457104509044312	1.20782152010697E-03	1E10	9.17690241680581E-02	1.48402229920291E-03	1E10	1.13046846020035E-02	1.22437752562998E-03	1E10	1.63645769443496E-03	1E-30	1.21472655135965E-11	3.30095123939024E-02	1E-30	2.71125900229556E-11	2.10078143611554E-02	1E-30	3.58648588585412E-10	0.018186913759865	1.62494886180856E-05	1.5464647784723E-10	1.22430732154516E-02	1.21271384019704E-05	9.04211340031081E-11	1.00952817757539E-02	1.12284685564847E-11	6.23004539738401E-11	7.08711710289201	1.63141508769737E-12	1.92279621182384E-10	97.5563756226694	1E10	1E-30	1E-10	1E10	1E-30	1E-10	1E10	1E-30	1E-10
6	2.19131162428846E-05	1E10	2272727.27272727	1E-30	1.15984324154615E-11	1E10	1E-30	1E10	1.32258528630536E-03	3.36877976100373E-03	1E10	1.46969175459303	2.9789874388152E-03	1E10	0.21410667394315	2.21505238530553E-03	1E10	0.03709495728379	3.52404175199727E-03	1E10	2.67705831564784E-03	6.57554934831914E-03	1E10	4.99297773173443E-04	1E-30	2.42811918035578E-11	0.038140806895231	1E-30	4.68367122925183E-10	1.35729738205594E-02	1E-30	2.93056729664856E-11	8.07522778874523E-03	4.11307480568906E-05	1.83288145753863E-10	8.48561882061064E-03	3.12557256752256E-05	1.03900125962021E-10	5.99061789399729E-03	1.24069393170354E-11	5.5987650674009E-11	5.52159075139282	1.53849734631034E-12	2.22980316687456E-10	147.783293199864	1E10	1E-30	1E-10	1E10	1E-30	1E-10	1E10	1E-30	1E-10
7	3.11963203017336E-05	1E10	1063829.78723404	1E-30	1.04857012576751E-10	1E10	1E-30	1E10	1.2464048303896E-03	9.60660152617434E-04	1E10	1.40608464789411	1.10745600944707E-03	1E10	0.134960938480935	1.00790377590314E-03	1E10	1.71637289403427E-02	7.40338784858914E-04	1E10	2.30331055351562E-03	1E-30	1.72953917993103E-11	2.33454691494095E-02	1E-30	4.69152047510635E-11	1.35827105238383E-02	1E-30	4.34949902069268E-10	1.05346836909917E-02	7.35133498560654E-05	1.35628477896341E-10	4.81207643987197E-03	3.32173313942785E-05	1.34263265164384E-10	4.31907192952351E-03	2.94937800494723E-11	7.86125950010346E-11	10.3620019391649	6.37292334524462E-12	1.57241872404556E-10	28.0220553844218	5.46852165850896E-12	1.22848599910861E-10	25.2852288414943	1E10	1E-30	1E-10	1E10	1E-30	1E-10	1E10	1E-30	1E-10
END DSCRDATA
