BEGIN DSCRDATA
% INDEX	K01	L01	M01	K02	L02	M02	K03	L03	M03	K04	L04	M04	K05	L05	M05	K06	L06	M06	K07	L07	M07	K08	L08	M08	K09	L09	M09	K10	L10	M10	K11	L11	M11	K12	L12	M12	K13	L13	M13	K14	L14	M14	K15	L15	M15	K16	L16	M16	K17	L17	M17	K18	L18	M18
0	0	0	0	0	0	0	0	0	0	0	0	0	0	0	0	0	0	0	0	0	0	0	0	0	0	0	0	0	0	0	0	0	0	0	0	0	0	0	0	0	0	0	0	0	0	0	0	0	0	0	0	0	0	0
1	1.02236628032376E-09	1E10	1E10	1E-30	3.00869398886588E-10	1E10	1E-30	1E10	0.249377788727033	1.22949047866127E-08	1E10	205.16107300606	2.08797440114865E-07	1E10	1.91467453739031	7.93825727105492E-08	1E10	1.26501292192075	3.30921641441357E-08	1E10	0.448843522250971	6.60275480375584E-09	1E10	0.235556428962094	1E-30	1.31800987878601E-10	1.68856374165479	5.85644815597046E-10	6.70790702616927E-11	0.536384680629036	3.44853233956214E-12	3.60235936014832E-10	22.881071895528	1E10	1E-30	1E-10	1E10	1E-30	1E-10	1E10	1E-30	1E-10	1E10	1E-30	1E-10	1E10	1E-30	1E-10	1E10	1E-30	1E-10	1E10	1E-30	1E-10
2	1.05793201117142E-09	1E10	1E10	1E-30	3.8040686546276E-10	1E10	1E-30	1E10	0.290357970436366	1.35339743985488E-08	1E10	182.13557494924	1.05057086034E-07	1E10	1.62328502041039	7.78798937982359E-08	1E10	0.513327795612975	3.90324085279236E-08	1E10	0.257273337827253	8.94180821062372E-09	1E10	0.173938123727276	4.17298095101747E-10	7.14126148187504E-11	0.520791954712003	2.63297297942041E-12	4.50583138084256E-10	26.1014279077449	1E10	1E-30	1E-10	1E10	1E-30	1E-10	1E10	1E-30	1E-10	1E10	1E-30	1E-10	1E10	1E-30	1E-10	1E10	1E-30	1E-10	1E10	1E-30	1E-10	1E10	1E-30	1E-10
3	1.53412564942524E-09	1E10	1E10	1E-30	4.56076231637222E-10	1E10	1E-30	1E10	0.245186323294765	3.23119480611267E-08	1E10	69.5756046971564	2.08623459140146E-07	1E10	6.05978184404004	2.23544063994115E-07	1E10	0.71196228720296	2.39531780140966E-07	1E10	0.419234475671917	6.30032774346504E-08	1E10	0.325429552931667	8.49890827409676E-09	1E10	0.166900250908226	1E-30	2.56821120884431E-10	3.44531972988658	1.01422439741753E-11	2.55910016120892E-10	15.8846121550192	1E10	1E-30	1E-10	1E10	1E-30	1E-10	1E10	1E-30	1E-10	1E10	1E-30	1E-10	1E10	1E-30	1E-10	1E10	1E-30	1E-10	1E10	1E-30	1E-10
4	1.54820554006099E-09	1E10	1E10	1E-30	4.6774951906607E-10	1E10	1E-30	1E10	0.222180184310506	2.66281393055601E-08	1E10	96.9347091019332	4.84552479575139E-07	1E10	1.64618754435584	1.01237362077207E-07	1E10	1.13888352712636	5.69299523492717E-08	1E10	0.279562754796389	2.16441642162279E-08	1E10	0.106286794979752	1E-30	1.75810448244405E-10	2.35854124446885	1.95217322430486E-09	1.92177697522995E-11	0.227296274260251	7.59483515103634E-12	2.71458212990385E-10	21.7066256748834	1E10	1E-30	1E-10	1E10	1E-30	1E-10	1E10	1E-30	1E-10	1E10	1E-30	1E-10	1E10	1E-30	1E-10	1E10	1E-30	1E-10	1E10	1E-30	1E-10
5	2.15054946229345E-09	1E10	1E10	1E-30	4.76600992658689E-10	1E10	1E-30	1E10	0.169389096681759	5.36222044862596E-08	1E10	40.9708965124914	4.67029877207118E-07	1E10	0.6799476343811	1.47687814732325E-07	1E10	0.6799476343811	9.75763715442068E-08	1E10	0.163108076856281	3.08563579894535E-08	1E10	0.100571624952821	1E-30	8.09646066203687E-11	1.39924577489072	1.17122136867274E-08	1.53314189054569E-11	0.080997512471691	1.77271527696348E-09	3.35414899220533E-11	0.218007623849061	6.89666271959833E-12	2.98938843594336E-10	20.8195664472003	1E10	1E-30	1E-10	1E10	1E-30	1E-10	1E10	1E-30	1E-10	1E10	1E-30	1E-10	1E10	1E-30	1E-10	1E10	1E-30	1E-10
6	2.11973691876484E-09	1E10	1E10	1E-30	4.66627609060949E-10	1E10	1E-30	1E10	0.21155969233988	4.34051848049666E-08	1E10	58.1136993164047	1.19547805863537E-07	1E10	1.03342394935555	9.7172104746344E-08	1E10	0.16378665822599	3.44779638240103E-08	1E10	0.103342394935555	9.15118355124779E-10	5.65905703753972E-11	0.248675730521418	5.51413337273033E-12	3.73890190660377E-10	20.6839463400206	1E10	1E-30	1E-10	1E10	1E-30	1E-10	1E10	1E-30	1E-10	1E10	1E-30	1E-10	1E10	1E-30	1E-10	1E10	1E-30	1E-10	1E10	1E-30	1E-10	1E10	1E-30	1E-10	1E10	1E-30	1E-10
7	3.29136787590638E-09	1E10	1E10	1E-30	4.37272519730637E-10	1E10	1E-30	1E10	0.111761496762589	1.01998810413278E-07	1E10	18.3326406197838	2.62177312133729E-07	1E10	0.607050784816631	1.69275890336081E-07	1E10	0.215389746397691	3.0101983040066E-08	1E10	0.08574820250462	1E-30	1.51643148025262E-10	0.828746267844407	1.93913724734933E-09	4.85973725097949E-11	0.262725435330292	5.59253291024167E-12	3.36211674075606E-10	24.5189642450757	1E10	1E-30	1E-10	1E10	1E-30	1E-10	1E10	1E-30	1E-10	1E10	1E-30	1E-10	1E10	1E-30	1E-10	1E10	1E-30	1E-10	1E10	1E-30	1E-10	1E10	1E-30	1E-10
8	3.40536024465022E-09	1E10	1E10	1E-30	4.64562817317444E-10	1E10	1E-30	1E10	0.170352314523211	1.11110604032878E-07	1E10	15.705964919157	2.37550259163987E-07	1E10	0.669984295752868	1.93088099771179E-06	1E10	0.413108968086904	2.21694801020231E-07	1E10	0.143240102488148	6.24820843145488E-08	1E10	9.68421946856398E-02	1.86048716549849E-09	3.05207118847926E-11	0.137241036821222	5.88337700048585E-12	4.41158507897571E-10	24.9737632540103	1E10	1E-30	1E-10	1E10	1E-30	1E-10	1E10	1E-30	1E-10	1E10	1E-30	1E-10	1E10	1E-30	1E-10	1E10	1E-30	1E-10	1E10	1E-30	1E-10	1E10	1E-30	1E-10
9	4.71687873994505E-09	1E10	1E10	1E-30	3.92500017305777E-10	1E10	1E-30	1E10	9.49671313501602E-02	1.91113372916749E-07	1E10	9.5615665979424	5.77153159331769E-07	1E10	0.550210728396503	2.24538634556135E-07	1E10	0.245770104600148	7.10053507901577E-08	1E10	6.46441239494549E-02	1E-30	1.81680022627296E-10	0.641070761071217	7.01248174870484E-08	8.09747458580142E-12	3.39812167073474E-02	6.24988093717895E-09	2.74378194288453E-11	0.132202273809921	5.83272826409138E-12	2.68132584077321E-10	17.0309519968443	1E10	1E-30	1E-10	1E10	1E-30	1E-10	1E10	1E-30	1E-10	1E10	1E-30	1E-10	1E10	1E-30	1E-10	1E10	1E-30	1E-10	1E10	1E-30	1E-10
10	4.66722651483439E-09	1E10	1E10	1E-30	3.98901318190132E-10	1E10	1E-30	1E10	0.108576575397566	1.88338024536736E-07	1E10	8.64733175116277	4.12038702411939E-07	1E10	0.413887319440352	2.31706389944042E-07	1E10	0.133931311254505	1.18833259826344E-07	1E10	2.79822170404245E-02	1E-30	1.29276411198643E-10	0.958367676942973	5.71941959101558E-08	9.92817397638262E-12	5.24515963220433E-02	2.86650008277472E-09	5.98231640168332E-11	0.199415407417274	5.85264198739949E-12	2.67220257968753E-10	26.2880704599793	1E10	1E-30	1E-10	1E10	1E-30	1E-10	1E10	1E-30	1E-10	1E10	1E-30	1E-10	1E10	1E-30	1E-10	1E10	1E-30	1E-10	1E10	1E-30	1E-10
11	6.82600115518118E-09	1E10	1E10	1E-30	4.73750114862826E-10	1E10	1E-30	1E10	9.84388229613891E-02	3.30593622642948E-07	1E10	4.81421697791756	4.06719009767352E-07	1E10	0.39131424710867	2.34042361494356E-07	1E10	7.12074871449967E-02	1E-30	9.84310358668866E-11	0.479436229948751	4.95756134696126E-08	1.37706119591054E-11	4.18641783318054E-02	8.41914708916665E-09	2.44879957105128E-11	0.107607507433156	7.67835340345174E-12	2.81159809582254E-10	21.9706331057584	1E10	1E-30	1E-10	1E10	1E-30	1E-10	1E10	1E-30	1E-10	1E10	1E-30	1E-10	1E10	1E-30	1E-10	1E10	1E-30	1E-10	1E10	1E-30	1E-10	1E10	1E-30	1E-10
12	6.80508510032135E-09	1E10	1E10	1E-30	4.877755134713E-10	1E10	1E-30	1E10	8.09024940893055E-02	3.05491120059151E-07	1E10	8.25698585949209	7.85233086673378E-07	1E10	0.377417071819086	5.55902453469362E-07	1E10	0.143489968695972	2.60015112615392E-07	1E10	4.86207373572273E-02	1E-30	9.17694027443878E-11	0.302201558199996	3.51373474696972E-08	2.94071112281051E-11	7.26677469908032E-02	1.11114048940997E-08	3.37638812543105E-11	0.135313676921846	7.01082252542539E-12	2.94071112281051E-10	25.7834895977748	1E10	1E-30	1E-10	1E10	1E-30	1E-10	1E10	1E-30	1E-10	1E10	1E-30	1E-10	1E10	1E-30	1E-10	1E10	1E-30	1E-10	1E10	1E-30	1E-10
13	1.01304791640987E-08	1E10	1E10	1E-30	3.87545775330564E-10	1E10	1E-30	1E10	6.53085543299289E-02	5.1938637144005E-07	1E10	4.85656920788103	1.24592112550048E-06	1E10	0.279466388065663	1.01272271154031E-06	1E10	9.91584163264435E-02	4.03172173246577E-07	1E10	4.63798758702639E-02	1E-30	1.39481459464768E-10	0.552223999515743	6.45236237167071E-08	2.11106977445737E-11	5.71994587017467E-02	8.70399734441483E-09	5.68201777147017E-11	0.128053637310267	5.49185105079463E-12	2.36865924526026E-10	21.2516139929877	1E10	1E-30	1E-10	1E10	1E-30	1E-10	1E10	1E-30	1E-10	1E10	1E-30	1E-10	1E10	1E-30	1E-10	1E10	1E-30	1E-10	1E10	1E-30	1E-10
14	9.92331927386654E-09	1E10	1E10	1E-30	3.76122574713845E-10	1E10	1E-30	1E10	5.79646103252827E-02	4.5060142167621E-07	1E10	5.5979314249509	7.14155125727924E-07	1E10	0.300626716909887	5.9400836052776E-07	1E10	4.44659498688883E-02	3.17789136100674E-07	1E10	1.98907468242997E-02	1E-30	1.45361727368187E-10	0.295154133181197	3.98570153465416E-08	4.50522581232427E-11	0.111328381399641	1.17626391438097E-08	6.07738239851928E-11	0.146759388972655	5.62995305935953E-12	1.9218370591138E-10	16.4666742769399	1E10	1E-30	1E-10	1E10	1E-30	1E-10	1E10	1E-30	1E-10	1E10	1E-30	1E-10	1E10	1E-30	1E-10	1E10	1E-30	1E-10	1E10	1E-30	1E-10
15	1.51434183895781E-08	1E10	6666666666.66667	1E-30	1.87872411389979E-10	1E10	1E-30	1E10	9.65998826891234E-02	7.65754976149698E-07	1E10	2.03109531289678	7.14644124848404E-07	1E10	0.131138527834427	1E-30	9.90611348437982E-11	0.17119934273996	5.8538158851654E-12	3.52194264134879E-10	29.4897852497555	2.73803540011708E-12	3.28686811719908E-10	34.6474765856296	1E10	1E-30	1E-10	1E10	1E-30	1E-10	1E10	1E-30	1E-10	1E10	1E-30	1E-10	1E10	1E-30	1E-10	1E10	1E-30	1E-10	1E10	1E-30	1E-10	1E10	1E-30	1E-10	1E10	1E-30	1E-10	1E10	1E-30	1E-10
16	1.45615282135978E-08	1E10	6666666666.66667	1E-30	4.66820786631553E-10	1E10	1E-30	1E10	5.06551612531244E-02	9.71751358773831E-07	1E10	1.63781549318047	1.4708051997553E-06	1E10	0.226081473510914	1.01754858937933E-06	1E10	6.22680083636745E-02	8.86247772360567E-07	1E10	1.79582897757788E-02	1E-30	1.64296002706967E-10	0.429759802423256	1.27687079434891E-07	1.85384911528352E-11	5.25973320153693E-02	1.21940214191051E-08	7.72812937735266E-11	0.120493526535896	1.03787954684549E-11	1.81165035749105E-10	15.1692362512735	1E10	1E-30	1E-10	1E10	1E-30	1E-10	1E10	1E-30	1E-10	1E10	1E-30	1E-10	1E10	1E-30	1E-10	1E10	1E-30	1E-10	1E10	1E-30	1E-10
17	2.20084877038193E-08	1E10	4545454545.45455	1E-30	2.95349000396053E-10	1E10	1E-30	1E10	6.42346049941252E-02	1.65295300806078E-06	1E10	0.962852194319869	2.08094454634933E-06	1E10	0.175210296471837	1.09209522229021E-06	1E10	4.20300226927807E-02	1E-30	1.07502816596299E-10	0.322863267054291	1E-30	2.04842394094655E-11	3.15514001844849E-02	1.79028525368128E-08	5.2637966471141E-11	5.42236108061271E-02	3.74043605364134E-12	4.58457522456928E-10	71.4806403340371	1E10	1E-30	1E-10	1E10	1E-30	1E-10	1E10	1E-30	1E-10	1E10	1E-30	1E-10	1E10	1E-30	1E-10	1E10	1E-30	1E-10	1E10	1E-30	1E-10	1E10	1E-30	1E-10
18	2.20008974279895E-08	1E10	4545454545.45455	1E-30	4.40740717343466E-10	1E10	1E-30	1E10	3.92097086587236E-02	1.00219692428051E-06	1E10	3.98902782851004	1.55221925174862E-06	1E10	0.190926875783733	7.77952472766887E-07	1E10	3.39521332029272E-02	1E-30	1.87490678968244E-10	0.275789975260684	1E-30	3.04074276311379E-11	0.162397177142929	1.14848313770565E-07	3.58176191603956E-11	6.12330716518283E-02	2.57113347767093E-08	6.36937346695471E-11	9.93084138972379E-02	7.76469896927554E-12	1.59991427888607E-10	14.3544331016765	1E10	1E-30	1E-10	1E10	1E-30	1E-10	1E10	1E-30	1E-10	1E10	1E-30	1E-10	1E10	1E-30	1E-10	1E10	1E-30	1E-10	1E10	1E-30	1E-10
19	3.15471001499839E-08	1E10	3030303030.30303	1E-30	5.09593803298051E-10	1E10	1E-30	1E10	5.04126505843778E-02	2.13995838633198E-06	1E10	0.743729149634058	3.9847889841826E-06	1E10	7.96920141700842E-02	1.90723991938555E-06	1E10	3.90314606133173E-02	1E-30	4.14492713343865E-11	0.175839197994903	1E-30	4.54482222641776E-11	0.113531321815472	1.39864633587903E-07	2.44632089969603E-11	1.95615271556461E-02	1.49867655009422E-08	7.21960481056975E-11	6.94069174867941E-02	7.68613329636725E-12	3.22487901069567E-10	34.7858609698027	1E10	1E-30	1E-10	1E10	1E-30	1E-10	1E10	1E-30	1E-10	1E10	1E-30	1E-10	1E10	1E-30	1E-10	1E10	1E-30	1E-10	1E10	1E-30	1E-10
20	4.79367816101274E-08	1E10	2127659574.46808	1E-30	4.39914197303324E-10	1E10	1E-30	1E10	3.45768572379403E-02	4.55128715046912E-06	1E10	0.349692159229045	5.10662817365375E-06	1E10	9.41208617225327E-02	2.93855779625147E-06	1E10	2.15618437570778E-02	1E-30	1.37982901445725E-10	0.13722210177046	1E-30	1.69756054554758E-12	2.27732003509321E-02	2.26479775105702E-07	3.97367105129233E-11	3.32721789900882E-02	4.73183317845036E-08	6.297844198273E-11	5.78204202232728E-02	2.26479775105702E-08	6.59465245118839E-13	0.132458930358935	4.21725075938626E-12	3.08455069599657E-10	28.319217152342	1E10	1E-30	1E-10	1E10	1E-30	1E-10	1E10	1E-30	1E-10	1E10	1E-30	1E-10	1E10	1E-30	1E-10	1E10	1E-30	1E-10
21	6.77933791746484E-08	1E10	1470588235.29412	1E-30	4.62274688695682E-10	1E10	1E-30	1E10	3.46325155942997E-02	4.52027891411906E-06	1E10	0.352090979595918	8.22555542117905E-06	1E10	3.06658423580014E-02	9.0191421704902E-06	1E10	1.33861256982487E-02	1E-30	3.16500002979006E-11	0.169033394317399	1E-30	1.48038173610784E-10	0.101852692112636	9.7607702587121E-08	4.83879526231135E-11	3.14504293005483E-02	9.53858800201194E-12	1.79778290633716E-10	13.7286103204394	1E10	1E-30	1E-10	1E10	1E-30	1E-10	1E10	1E-30	1E-10	1E10	1E-30	1E-10	1E10	1E-30	1E-10	1E10	1E-30	1E-10	1E10	1E-30	1E-10	1E10	1E-30	1E-10
22	1.00331916856826E-07	1E10	5E9	1E-30	1.12623211188958E-10	1E10	1E-30	1E10	0.063412856188501	1.34711952131881E-05	1E10	274.257478628396	1.94483230098222E-05	1E10	34.5269709219884	2.50941153505226E-05	1E10	4.44793548115734	1.77840981557919E-05	1E10	1.34325504085583	1.22925283440026E-05	1E10	0.314889717309797	1.02728216279164E-05	1E10	5.20975340059914E-02	1.18766103223519E-05	1E10	1.25532551320665E-02	1E-30	1.58301010387429E-10	7.26295709175106E-02	1E-30	2.61949130620137E-11	5.68575633366681E-02	5.40027284063788E-07	3.3747531928836E-11	1.78947064646551E-02	9.77569269819129E-12	1.31878958073941E-10	13.7857339194843	1.26836352421838E-12	4.04563138204417E-10	61.6400802235949	1E10	1E-30	1E-10	1E10	1E-30	1E-10	1E10	1E-30	1E-10
23	1.00331916856826E-07	1E10	5E9	1E-30	1.12623211188958E-10	1E10	1E-30	1E10	0.063412856188501	1.34711952131881E-05	1E10	274.257478628396	1.94483230098222E-05	1E10	34.5269709219884	2.50941153505226E-05	1E10	4.44793548115734	1.77840981557919E-05	1E10	1.34325504085583	1.22925283440026E-05	1E10	0.314889717309797	1.02728216279164E-05	1E10	5.20975340059914E-02	1.18766103223519E-05	1E10	1.25532551320665E-02	1E-30	1.58301010387429E-10	7.26295709175106E-02	1E-30	2.61949130620137E-11	5.68575633366681E-02	5.40027284063788E-07	3.3747531928836E-11	1.78947064646551E-02	9.77569269819129E-12	1.31878958073941E-10	13.7857339194843	1.26836352421838E-12	4.04563138204417E-10	61.6400802235949	1E10	1E-30	1E-10	1E10	1E-30	1E-10	1E10	1E-30	1E-10
24	9.90038296132172E-08	1E10	5E9	1E-30	1.40984141685549E-10	1E10	1E-30	1E10	6.20170911025183E-02	1.35908963654383E-05	1E10	252.417557011366	1.8643499408498E-05	1E10	31.0541437595838	1.8156023675869E-05	1E10	4.0005486776498	1.53348713975999E-05	1E10	0.503639239141288	5.54464972715499E-05	1E10	0.40005486776498	1.35424269995863E-05	1E10	9.84482482280388E-02	8.41682320824335E-06	1E10	3.63079546964093E-02	1E-30	1.50249382093592E-10	0.121902493011852	3.38207155551972E-07	2.97726138322E-11	1.56303786803244E-02	1.12418394841217E-07	3.1198318718293E-11	0.023159671299068	9.4533420025074E-12	1.10385719487669E-10	14.7339801095112	7.78329198140534E-13	3.95458882370113E-10	65.6669712805309	1E10	1E-30	1E-10	1E10	1E-30	1E-10	1E10	1E-30	1E-10
25	1.00331916856826E-07	1E10	5E9	1E-30	1.12623211188958E-10	1E10	1E-30	1E10	0.063412856188501	1.34711952131881E-05	1E10	274.257478628396	1.94483230098222E-05	1E10	34.5269709219884	2.50941153505226E-05	1E10	4.44793548115734	1.77840981557919E-05	1E10	1.34325504085583	1.22925283440026E-05	1E10	0.314889717309797	1.02728216279164E-05	1E10	5.20975340059914E-02	1.18766103223519E-05	1E10	1.25532551320665E-02	1E-30	1.58301010387429E-10	7.26295709175106E-02	1E-30	2.61949130620137E-11	5.68575633366681E-02	5.40027284063788E-07	3.3747531928836E-11	1.78947064646551E-02	9.77569269819129E-12	1.31878958073941E-10	13.7857339194843	1.26836352421838E-12	4.04563138204417E-10	61.6400802235949	1E10	1E-30	1E-10	1E10	1E-30	1E-10	1E10	1E-30	1E-10
26	9.90038296132172E-08	1E10	5E9	1E-30	1.40984141685549E-10	1E10	1E-30	1E10	6.20170911025183E-02	1.35908963654383E-05	1E10	252.417557011366	1.8643499408498E-05	1E10	31.0541437595838	1.8156023675869E-05	1E10	4.0005486776498	1.53348713975999E-05	1E10	0.503639239141288	5.54464972715499E-05	1E10	0.40005486776498	1.35424269995863E-05	1E10	9.84482482280388E-02	8.41682320824335E-06	1E10	3.63079546964093E-02	1E-30	1.50249382093592E-10	0.121902493011852	3.38207155551972E-07	2.97726138322E-11	1.56303786803244E-02	1.12418394841217E-07	3.1198318718293E-11	0.023159671299068	9.4533420025074E-12	1.10385719487669E-10	14.7339801095112	7.78329198140534E-13	3.95458882370113E-10	65.6669712805309	1E10	1E-30	1E-10	1E10	1E-30	1E-10	1E10	1E-30	1E-10
27	1.00331916856826E-07	1E10	5E9	1E-30	1.12623211188958E-10	1E10	1E-30	1E10	0.063412856188501	1.34711952131881E-05	1E10	274.257478628396	1.94483230098222E-05	1E10	34.5269709219884	2.50941153505226E-05	1E10	4.44793548115734	1.77840981557919E-05	1E10	1.34325504085583	1.22925283440026E-05	1E10	0.314889717309797	1.02728216279164E-05	1E10	5.20975340059914E-02	1.18766103223519E-05	1E10	1.25532551320665E-02	1E-30	1.58301010387429E-10	7.26295709175106E-02	1E-30	2.61949130620137E-11	5.68575633366681E-02	5.40027284063788E-07	3.3747531928836E-11	1.78947064646551E-02	9.77569269819129E-12	1.31878958073941E-10	13.7857339194843	1.26836352421838E-12	4.04563138204417E-10	61.6400802235949	1E10	1E-30	1E-10	1E10	1E-30	1E-10	1E10	1E-30	1E-10
28	9.90038296132172E-08	1E10	5E9	1E-30	1.40984141685549E-10	1E10	1E-30	1E10	6.20170911025183E-02	1.35908963654383E-05	1E10	252.417557011366	1.8643499408498E-05	1E10	31.0541437595838	1.8156023675869E-05	1E10	4.0005486776498	1.53348713975999E-05	1E10	0.503639239141288	5.54464972715499E-05	1E10	0.40005486776498	1.35424269995863E-05	1E10	9.84482482280388E-02	8.41682320824335E-06	1E10	3.63079546964093E-02	1E-30	1.50249382093592E-10	0.121902493011852	3.38207155551972E-07	2.97726138322E-11	1.56303786803244E-02	1.12418394841217E-07	3.1198318718293E-11	0.023159671299068	9.4533420025074E-12	1.10385719487669E-10	14.7339801095112	7.78329198140534E-13	3.95458882370113E-10	65.6669712805309	1E10	1E-30	1E-10	1E10	1E-30	1E-10	1E10	1E-30	1E-10
29	9.90038296132172E-08	1E10	5E9	1E-30	1.40984141685549E-10	1E10	1E-30	1E10	6.20170911025183E-02	1.35908963654383E-05	1E10	252.417557011366	1.8643499408498E-05	1E10	31.0541437595838	1.8156023675869E-05	1E10	4.0005486776498	1.53348713975999E-05	1E10	0.503639239141288	5.54464972715499E-05	1E10	0.40005486776498	1.35424269995863E-05	1E10	9.84482482280388E-02	8.41682320824335E-06	1E10	3.63079546964093E-02	1E-30	1.50249382093592E-10	0.121902493011852	3.38207155551972E-07	2.97726138322E-11	1.56303786803244E-02	1.12418394841217E-07	3.1198318718293E-11	0.023159671299068	9.4533420025074E-12	1.10385719487669E-10	14.7339801095112	7.78329198140534E-13	3.95458882370113E-10	65.6669712805309	1E10	1E-30	1E-10	1E10	1E-30	1E-10	1E10	1E-30	1E-10
30	9.83553205225347E-08	1E10	1E9	1E-30	4.76949803107776E-10	1E10	1E-30	1E10	0.024085009694939	7.33474006372695E-06	1E10	0.216987843753286	1.92923320184937E-05	1E10	2.07221782041166E-02	9.02370164242968E-06	1E10	0.014009911896842	1E-30	1.69314535491733E-11	0.143315458540945	1E-30	1.50901738596687E-10	0.101459574711142	3.64262269517795E-07	5.40514250459316E-11	0.02430504780809	9.14985452312635E-08	8.18101423722764E-11	4.73910662154654E-02	7.10254819114882E-12	1.91781693134516E-10	19.7558845552429	1E10	1E-30	1E-10	1E10	1E-30	1E-10	1E10	1E-30	1E-10	1E10	1E-30	1E-10	1E10	1E-30	1E-10	1E10	1E-30	1E-10	1E10	1E-30	1E-10
31	1.20111816764591E-07	1E10	4166666666.66667	1E-30	6.84964684414425E-11	1E10	1E-30	1E10	2.38564165234197E-02	1.57852800419616E-05	1E10	351.470812849933	1.84457472926021E-05	1E10	43.2403564901316	1.6507864693971E-05	1E10	4.74121080848878	1.46225051768462E-05	1E10	0.570018913206973	1.11983936964698E-05	1E10	7.28293408685548E-02	1.17336399511605E-05	1E10	1.35605022348677E-02	1E-30	1.01183385516912E-10	0.105360362731102	5.00093851106432E-07	4.06980225284003E-11	2.02709425377304E-02	4.9348223675749E-08	7.53084495632555E-11	3.40284102507765E-02	4.68247244258899E-12	2.70596309711996E-10	43.4413287000492	2.07861467923027E-12	3.37875479580041E-10	54.7538643802487	1E10	1E-30	1E-10	1E10	1E-30	1E-10	1E10	1E-30	1E-10	1E10	1E-30	1E-10
32	1.45097524336553E-07	1E10	3333333333.33333	1E-30	1.71773259270953E-10	1E10	1E-30	1E10	7.43742322211425E-02	1.64564734185834E-05	1E10	337.135731714362	2.38472547126571E-05	1E10	28.0417287584196	2.00353093647915E-05	1E10	3.78272512588109	1.72852661147557E-05	1E10	0.274034210826746	9.75482205895163E-05	1E10	0.194001364331829	1.23950585207188E-05	1E10	3.96792118503896E-02	1E-30	1.63052976487586E-10	0.108153470868574	1E-30	8.70459104031779E-12	4.56834211157256E-02	5.40069605517948E-07	4.9253946041319E-11	2.52850449678129E-02	1.2641741690467E-07	4.49530435335156E-11	2.61997491883298E-02	9.94767072545706E-12	1.25401057676029E-10	21.1619458457057	1.75677676901061E-12	3.27473650172343E-10	63.542050291248	1E10	1E-30	1E-10	1E10	1E-30	1E-10	1E10	1E-30	1E-10
33	1.45097524336553E-07	1E10	3333333333.33333	1E-30	1.71773259270953E-10	1E10	1E-30	1E10	7.43742322211425E-02	1.64564734185834E-05	1E10	337.135731714362	2.38472547126571E-05	1E10	28.0417287584196	2.00353093647915E-05	1E10	3.78272512588109	1.72852661147557E-05	1E10	0.274034210826746	9.75482205895163E-05	1E10	0.194001364331829	1.23950585207188E-05	1E10	3.96792118503896E-02	1E-30	1.63052976487586E-10	0.108153470868574	1E-30	8.70459104031779E-12	4.56834211157256E-02	5.40069605517948E-07	4.9253946041319E-11	2.52850449678129E-02	1.2641741690467E-07	4.49530435335156E-11	2.61997491883298E-02	9.94767072545706E-12	1.25401057676029E-10	21.1619458457057	1.75677676901061E-12	3.27473650172343E-10	63.542050291248	1E10	1E-30	1E-10	1E10	1E-30	1E-10	1E10	1E-30	1E-10
34	1.8471634844155E-07	1E10	2777777777.77778	1E-30	8.00823103069654E-11	1E10	1E-30	1E10	5.93643954915651E-02	1.97811044628338E-05	1E10	280.472974491195	3.14305625558719E-05	1E10	21.2760508850753	2.43046373865836E-05	1E10	2.74088630144986	2.39784260313483E-05	1E10	0.287006029320979	1.29621916467938E-05	1E10	4.38669301717378E-02	1E-30	1.5890443484238E-10	0.093173152218042	1E-30	3.42341466792964E-11	8.39586691391851E-02	8.11657464978687E-07	4.05365232068797E-11	2.16531541310002E-02	1.25669372826207E-07	7.06144409034012E-11	2.93535147449085E-02	9.28124972753757E-12	1.03114289441252E-10	16.2470449777186	1.26036074927104E-12	3.83449914227433E-10	75.727170955838	1E10	1E-30	1E-10	1E10	1E-30	1E-10	1E10	1E-30	1E-10	1E10	1E-30	1E-10
35	1.8471634844155E-07	1E10	2777777777.77778	1E-30	8.00823103069654E-11	1E10	1E-30	1E10	5.93643954915651E-02	1.97811044628338E-05	1E10	280.472974491195	3.14305625558719E-05	1E10	21.2760508850753	2.43046373865836E-05	1E10	2.74088630144986	2.39784260313483E-05	1E10	0.287006029320979	1.29621916467938E-05	1E10	4.38669301717378E-02	1E-30	1.5890443484238E-10	0.093173152218042	1E-30	3.42341466792964E-11	8.39586691391851E-02	8.11657464978687E-07	4.05365232068797E-11	2.16531541310002E-02	1.25669372826207E-07	7.06144409034012E-11	2.93535147449085E-02	9.28124972753757E-12	1.03114289441252E-10	16.2470449777186	1.26036074927104E-12	3.83449914227433E-10	75.727170955838	1E10	1E-30	1E-10	1E10	1E-30	1E-10	1E10	1E-30	1E-10	1E10	1E-30	1E-10
36	2.14294538947093E-07	1E10	2272727272.72727	1E-30	4.32574597604698E-11	1E10	1E-30	1E10	6.34730040476165E-02	2.87171216331065E-05	1E10	138.554052461523	3.72415510037516E-05	1E10	15.5460203780151	6.3667008249714E-05	1E10	1.3231809286398	4.476766728148E-05	1E10	0.618898218605862	3.89225153860673E-05	1E10	0.155460203780151	2.15559248347376E-05	1E10	5.86480357317351E-02	2.37691329529199E-05	1E10	0.015166210081827	1E-30	2.9142920161083E-10	8.32673437741667E-02	1E-30	2.67325363376568E-11	8.14465339631514E-02	1.15729245541831E-06	3.35192386560546E-11	1.97311559886255E-02	4.8198679596181E-07	3.20992275640271E-11	2.15052086739147E-02	1.02887588583564E-11	8.15481867975001E-11	12.7281080150382	8.79069112665305E-13	4.33968501888103E-10	85.6590582117562	1E10	1E-30	1E-10	1E10	1E-30	1E-10
37	2.14294538947093E-07	1E10	2272727272.72727	1E-30	4.32574597604698E-11	1E10	1E-30	1E10	6.34730040476165E-02	2.87171216331065E-05	1E10	138.554052461523	3.72415510037516E-05	1E10	15.5460203780151	6.3667008249714E-05	1E10	1.3231809286398	4.476766728148E-05	1E10	0.618898218605862	3.89225153860673E-05	1E10	0.155460203780151	2.15559248347376E-05	1E10	5.86480357317351E-02	2.37691329529199E-05	1E10	0.015166210081827	1E-30	2.9142920161083E-10	8.32673437741667E-02	1E-30	2.67325363376568E-11	8.14465339631514E-02	1.15729245541831E-06	3.35192386560546E-11	1.97311559886255E-02	4.8198679596181E-07	3.20992275640271E-11	2.15052086739147E-02	1.02887588583564E-11	8.15481867975001E-11	12.7281080150382	8.79069112665305E-13	4.33968501888103E-10	85.6590582117562	1E10	1E-30	1E-10	1E10	1E-30	1E-10
38	2.14294538947093E-07	1E10	2272727272.72727	1E-30	4.32574597604698E-11	1E10	1E-30	1E10	6.34730040476165E-02	2.87171216331065E-05	1E10	138.554052461523	3.72415510037516E-05	1E10	15.5460203780151	6.3667008249714E-05	1E10	1.3231809286398	4.476766728148E-05	1E10	0.618898218605862	3.89225153860673E-05	1E10	0.155460203780151	2.15559248347376E-05	1E10	5.86480357317351E-02	2.37691329529199E-05	1E10	0.015166210081827	1E-30	2.9142920161083E-10	8.32673437741667E-02	1E-30	2.67325363376568E-11	8.14465339631514E-02	1.15729245541831E-06	3.35192386560546E-11	1.97311559886255E-02	4.8198679596181E-07	3.20992275640271E-11	2.15052086739147E-02	1.02887588583564E-11	8.15481867975001E-11	12.7281080150382	8.79069112665305E-13	4.33968501888103E-10	85.6590582117562	1E10	1E-30	1E-10	1E10	1E-30	1E-10
39	2.14294538947093E-07	1E10	2272727272.72727	1E-30	4.32574597604698E-11	1E10	1E-30	1E10	6.34730040476165E-02	2.87171216331065E-05	1E10	138.554052461523	3.72415510037516E-05	1E10	15.5460203780151	6.3667008249714E-05	1E10	1.3231809286398	4.476766728148E-05	1E10	0.618898218605862	3.89225153860673E-05	1E10	0.155460203780151	2.15559248347376E-05	1E10	5.86480357317351E-02	2.37691329529199E-05	1E10	0.015166210081827	1E-30	2.9142920161083E-10	8.32673437741667E-02	1E-30	2.67325363376568E-11	8.14465339631514E-02	1.15729245541831E-06	3.35192386560546E-11	1.97311559886255E-02	4.8198679596181E-07	3.20992275640271E-11	2.15052086739147E-02	1.02887588583564E-11	8.15481867975001E-11	12.7281080150382	8.79069112665305E-13	4.33968501888103E-10	85.6590582117562	1E10	1E-30	1E-10	1E10	1E-30	1E-10
40	2.14294538947093E-07	1E10	2272727272.72727	1E-30	4.32574597604698E-11	1E10	1E-30	1E10	6.34730040476165E-02	2.87171216331065E-05	1E10	138.554052461523	3.72415510037516E-05	1E10	15.5460203780151	6.3667008249714E-05	1E10	1.3231809286398	4.476766728148E-05	1E10	0.618898218605862	3.89225153860673E-05	1E10	0.155460203780151	2.15559248347376E-05	1E10	5.86480357317351E-02	2.37691329529199E-05	1E10	0.015166210081827	1E-30	2.9142920161083E-10	8.32673437741667E-02	1E-30	2.67325363376568E-11	8.14465339631514E-02	1.15729245541831E-06	3.35192386560546E-11	1.97311559886255E-02	4.8198679596181E-07	3.20992275640271E-11	2.15052086739147E-02	1.02887588583564E-11	8.15481867975001E-11	12.7281080150382	8.79069112665305E-13	4.33968501888103E-10	85.6590582117562	1E10	1E-30	1E-10	1E10	1E-30	1E-10
41	2.14294538947093E-07	1E10	2272727272.72727	1E-30	4.32574597604698E-11	1E10	1E-30	1E10	6.34730040476165E-02	2.87171216331065E-05	1E10	138.554052461523	3.72415510037516E-05	1E10	15.5460203780151	6.3667008249714E-05	1E10	1.3231809286398	4.476766728148E-05	1E10	0.618898218605862	3.89225153860673E-05	1E10	0.155460203780151	2.15559248347376E-05	1E10	5.86480357317351E-02	2.37691329529199E-05	1E10	0.015166210081827	1E-30	2.9142920161083E-10	8.32673437741667E-02	1E-30	2.67325363376568E-11	8.14465339631514E-02	1.15729245541831E-06	3.35192386560546E-11	1.97311559886255E-02	4.8198679596181E-07	3.20992275640271E-11	2.15052086739147E-02	1.02887588583564E-11	8.15481867975001E-11	12.7281080150382	8.79069112665305E-13	4.33968501888103E-10	85.6590582117562	1E10	1E-30	1E-10	1E10	1E-30	1E-10
42	2.74234743021507E-07	1E10	1851851851.85185	1E-30	1.72535917136118E-10	1E10	1E-30	1E10	4.18611690653706E-02	2.84707474679195E-05	1E10	154.789924195161	4.22182752498026E-05	1E10	15.8395444704577	3.26465639680933E-05	1E10	2.04052860630906	3.1475236712044E-05	1E10	0.223739512542433	1.75074755639295E-05	1E10	3.24782150211358E-02	1E-30	2.57779523826437E-10	7.86976200331927E-02	1E-30	1.80171215533466E-11	0.040588201566791	2.20571811300292E-06	2.86205652554856E-11	1.22171519619979E-02	4.84285712016333E-07	5.5327605460909E-11	2.37030746795967E-02	1.62356256102303E-11	9.38523630179478E-11	14.4497343663016	2.49858978940583E-12	2.93236523151748E-10	28.4379771194266	3.52935188614679E-12	1.14082245667191E-10	34.1899684831503	1E10	1E-30	1E-10	1E10	1E-30	1E-10	1E10	1E-30	1E-10
43	4.12213161438312E-07	1E10	1282051282.05128	1E-30	1.38017189882366E-10	1E10	1E-30	1E10	2.36704703211312E-02	4.32500964204437E-05	1E10	91.9968718362585	6.43979928446809E-05	1E10	8.99027673698932	5.33783385796343E-05	1E10	1.36073344818245	5.22452812369887E-05	1E10	0.129949035456563	5.54271107264755E-05	1E10	2.87142773646098E-02	3.57558332174439E-05	1E10	8.02922278972501E-03	1E-30	2.00090615794294E-11	7.59894754764744E-02	1E-30	1.79920633865005E-10	0.069720063174981	2.47960046687572E-06	3.09239431659788E-11	1.36281483885438E-02	2.67431493747861E-07	9.74346764883235E-11	0.026692279343206	2.19776853057953E-11	7.17147297968125E-11	6.60197359771794	1.12360827894016E-12	3.79014547082995E-10	87.1016743569947	1E10	1E-30	1E-10	1E10	1E-30	1E-10	1E10	1E-30	1E-10
44	4.12213161438312E-07	1E10	1282051282.05128	1E-30	1.38017189882366E-10	1E10	1E-30	1E10	2.36704703211312E-02	4.32500964204437E-05	1E10	91.9968718362585	6.43979928446809E-05	1E10	8.99027673698932	5.33783385796343E-05	1E10	1.36073344818245	5.22452812369887E-05	1E10	0.129949035456563	5.54271107264755E-05	1E10	2.87142773646098E-02	3.57558332174439E-05	1E10	8.02922278972501E-03	1E-30	2.00090615794294E-11	7.59894754764744E-02	1E-30	1.79920633865005E-10	0.069720063174981	2.47960046687572E-06	3.09239431659788E-11	1.36281483885438E-02	2.67431493747861E-07	9.74346764883235E-11	0.026692279343206	2.19776853057953E-11	7.17147297968125E-11	6.60197359771794	1.12360827894016E-12	3.79014547082995E-10	87.1016743569947	1E10	1E-30	1E-10	1E10	1E-30	1E-10	1E10	1E-30	1E-10
45	4.12213161438312E-07	1E10	1282051282.05128	1E-30	1.38017189882366E-10	1E10	1E-30	1E10	2.36704703211312E-02	4.32500964204437E-05	1E10	91.9968718362585	6.43979928446809E-05	1E10	8.99027673698932	5.33783385796343E-05	1E10	1.36073344818245	5.22452812369887E-05	1E10	0.129949035456563	5.54271107264755E-05	1E10	2.87142773646098E-02	3.57558332174439E-05	1E10	8.02922278972501E-03	1E-30	2.00090615794294E-11	7.59894754764744E-02	1E-30	1.79920633865005E-10	0.069720063174981	2.47960046687572E-06	3.09239431659788E-11	1.36281483885438E-02	2.67431493747861E-07	9.74346764883235E-11	0.026692279343206	2.19776853057953E-11	7.17147297968125E-11	6.60197359771794	1.12360827894016E-12	3.79014547082995E-10	87.1016743569947	1E10	1E-30	1E-10	1E10	1E-30	1E-10	1E10	1E-30	1E-10
46	4.12213161438312E-07	1E10	1282051282.05128	1E-30	1.38017189882366E-10	1E10	1E-30	1E10	2.36704703211312E-02	4.32500964204437E-05	1E10	91.9968718362585	6.43979928446809E-05	1E10	8.99027673698932	5.33783385796343E-05	1E10	1.36073344818245	5.22452812369887E-05	1E10	0.129949035456563	5.54271107264755E-05	1E10	2.87142773646098E-02	3.57558332174439E-05	1E10	8.02922278972501E-03	1E-30	2.00090615794294E-11	7.59894754764744E-02	1E-30	1.79920633865005E-10	0.069720063174981	2.47960046687572E-06	3.09239431659788E-11	1.36281483885438E-02	2.67431493747861E-07	9.74346764883235E-11	0.026692279343206	2.19776853057953E-11	7.17147297968125E-11	6.60197359771794	1.12360827894016E-12	3.79014547082995E-10	87.1016743569947	1E10	1E-30	1E-10	1E10	1E-30	1E-10	1E10	1E-30	1E-10
47	4.12213161438312E-07	1E10	1282051282.05128	1E-30	1.38017189882366E-10	1E10	1E-30	1E10	2.36704703211312E-02	4.32500964204437E-05	1E10	91.9968718362585	6.43979928446809E-05	1E10	8.99027673698932	5.33783385796343E-05	1E10	1.36073344818245	5.22452812369887E-05	1E10	0.129949035456563	5.54271107264755E-05	1E10	2.87142773646098E-02	3.57558332174439E-05	1E10	8.02922278972501E-03	1E-30	2.00090615794294E-11	7.59894754764744E-02	1E-30	1.79920633865005E-10	0.069720063174981	2.47960046687572E-06	3.09239431659788E-11	1.36281483885438E-02	2.67431493747861E-07	9.74346764883235E-11	0.026692279343206	2.19776853057953E-11	7.17147297968125E-11	6.60197359771794	1.12360827894016E-12	3.79014547082995E-10	87.1016743569947	1E10	1E-30	1E-10	1E10	1E-30	1E-10	1E10	1E-30	1E-10
48	4.12213161438312E-07	1E10	1282051282.05128	1E-30	1.38017189882366E-10	1E10	1E-30	1E10	2.36704703211312E-02	4.32500964204437E-05	1E10	91.9968718362585	6.43979928446809E-05	1E10	8.99027673698932	5.33783385796343E-05	1E10	1.36073344818245	5.22452812369887E-05	1E10	0.129949035456563	5.54271107264755E-05	1E10	2.87142773646098E-02	3.57558332174439E-05	1E10	8.02922278972501E-03	1E-30	2.00090615794294E-11	7.59894754764744E-02	1E-30	1.79920633865005E-10	0.069720063174981	2.47960046687572E-06	3.09239431659788E-11	1.36281483885438E-02	2.67431493747861E-07	9.74346764883235E-11	0.026692279343206	2.19776853057953E-11	7.17147297968125E-11	6.60197359771794	1.12360827894016E-12	3.79014547082995E-10	87.1016743569947	1E10	1E-30	1E-10	1E10	1E-30	1E-10	1E10	1E-30	1E-10
49	4.50514720242611E-07	1E10	1063829787.23404	1E-30	8.6324127599586E-11	1E10	1E-30	1E10	3.81617017171389E-02	5.77613181267323E-05	1E10	68.8847433946618	7.66517980750306E-05	1E10	7.5530619179165	5.92945895949762E-05	1E10	1.22496320844542	5.70288644126163E-05	1E10	0.131257172605506	2.93485612446721E-05	1E10	3.59903719188366E-02	1E-30	2.66608608730965E-11	0.104989788257221	1E-30	2.15777126356158E-10	6.52045055879566E-02	1.26371402320915E-06	6.80324809465733E-11	1.81104868637432E-02	4.92054761852711E-07	6.33525916533198E-11	2.25960629225544E-02	1.90401425042352E-11	5.94317185095921E-11	5.21143118745411	7.9905220737018E-13	3.76534851337664E-10	136.094257187915	1E10	1E-30	1E-10	1E10	1E-30	1E-10	1E10	1E-30	1E-10	1E10	1E-30	1E-10
50	4.50514720242611E-07	1E10	1063829787.23404	1E-30	8.6324127599586E-11	1E10	1E-30	1E10	3.81617017171389E-02	5.77613181267323E-05	1E10	68.8847433946618	7.66517980750306E-05	1E10	7.5530619179165	5.92945895949762E-05	1E10	1.22496320844542	5.70288644126163E-05	1E10	0.131257172605506	2.93485612446721E-05	1E10	3.59903719188366E-02	1E-30	2.66608608730965E-11	0.104989788257221	1E-30	2.15777126356158E-10	6.52045055879566E-02	1.26371402320915E-06	6.80324809465733E-11	1.81104868637432E-02	4.92054761852711E-07	6.33525916533198E-11	2.25960629225544E-02	1.90401425042352E-11	5.94317185095921E-11	5.21143118745411	7.9905220737018E-13	3.76534851337664E-10	136.094257187915	1E10	1E-30	1E-10	1E10	1E-30	1E-10	1E10	1E-30	1E-10	1E10	1E-30	1E-10
51	4.50514720242611E-07	1E10	1063829787.23404	1E-30	8.6324127599586E-11	1E10	1E-30	1E10	3.81617017171389E-02	5.77613181267323E-05	1E10	68.8847433946618	7.66517980750306E-05	1E10	7.5530619179165	5.92945895949762E-05	1E10	1.22496320844542	5.70288644126163E-05	1E10	0.131257172605506	2.93485612446721E-05	1E10	3.59903719188366E-02	1E-30	2.66608608730965E-11	0.104989788257221	1E-30	2.15777126356158E-10	6.52045055879566E-02	1.26371402320915E-06	6.80324809465733E-11	1.81104868637432E-02	4.92054761852711E-07	6.33525916533198E-11	2.25960629225544E-02	1.90401425042352E-11	5.94317185095921E-11	5.21143118745411	7.9905220737018E-13	3.76534851337664E-10	136.094257187915	1E10	1E-30	1E-10	1E10	1E-30	1E-10	1E10	1E-30	1E-10	1E10	1E-30	1E-10
52	4.50514720242611E-07	1E10	1063829787.23404	1E-30	8.6324127599586E-11	1E10	1E-30	1E10	3.81617017171389E-02	5.77613181267323E-05	1E10	68.8847433946618	7.66517980750306E-05	1E10	7.5530619179165	5.92945895949762E-05	1E10	1.22496320844542	5.70288644126163E-05	1E10	0.131257172605506	2.93485612446721E-05	1E10	3.59903719188366E-02	1E-30	2.66608608730965E-11	0.104989788257221	1E-30	2.15777126356158E-10	6.52045055879566E-02	1.26371402320915E-06	6.80324809465733E-11	1.81104868637432E-02	4.92054761852711E-07	6.33525916533198E-11	2.25960629225544E-02	1.90401425042352E-11	5.94317185095921E-11	5.21143118745411	7.9905220737018E-13	3.76534851337664E-10	136.094257187915	1E10	1E-30	1E-10	1E10	1E-30	1E-10	1E10	1E-30	1E-10	1E10	1E-30	1E-10
53	4.50514720242611E-07	1E10	1063829787.23404	1E-30	8.6324127599586E-11	1E10	1E-30	1E10	3.81617017171389E-02	5.77613181267323E-05	1E10	68.8847433946618	7.66517980750306E-05	1E10	7.5530619179165	5.92945895949762E-05	1E10	1.22496320844542	5.70288644126163E-05	1E10	0.131257172605506	2.93485612446721E-05	1E10	3.59903719188366E-02	1E-30	2.66608608730965E-11	0.104989788257221	1E-30	2.15777126356158E-10	6.52045055879566E-02	1.26371402320915E-06	6.80324809465733E-11	1.81104868637432E-02	4.92054761852711E-07	6.33525916533198E-11	2.25960629225544E-02	1.90401425042352E-11	5.94317185095921E-11	5.21143118745411	7.9905220737018E-13	3.76534851337664E-10	136.094257187915	1E10	1E-30	1E-10	1E10	1E-30	1E-10	1E10	1E-30	1E-10	1E10	1E-30	1E-10
54	4.50514720242611E-07	1E10	1063829787.23404	1E-30	8.6324127599586E-11	1E10	1E-30	1E10	3.81617017171389E-02	5.77613181267323E-05	1E10	68.8847433946618	7.66517980750306E-05	1E10	7.5530619179165	5.92945895949762E-05	1E10	1.22496320844542	5.70288644126163E-05	1E10	0.131257172605506	2.93485612446721E-05	1E10	3.59903719188366E-02	1E-30	2.66608608730965E-11	0.104989788257221	1E-30	2.15777126356158E-10	6.52045055879566E-02	1.26371402320915E-06	6.80324809465733E-11	1.81104868637432E-02	4.92054761852711E-07	6.33525916533198E-11	2.25960629225544E-02	1.90401425042352E-11	5.94317185095921E-11	5.21143118745411	7.9905220737018E-13	3.76534851337664E-10	136.094257187915	1E10	1E-30	1E-10	1E10	1E-30	1E-10	1E10	1E-30	1E-10	1E10	1E-30	1E-10
55	5.46772725969443E-07	1E10	892857142.857143	1E-30	1.18927104848451E-10	1E10	1E-30	1E10	9.29149420505304E-03	7.91767253121315E-05	1E10	29.2891078985844	8.33286393049727E-05	1E10	3.86105638536145	7.01155499381969E-05	1E10	0.443308587165642	1.11689151481722E-04	1E10	4.33217651747598E-02	3.87224582187315E-05	1E10	2.45008369811029E-02	1E-30	1.41771833522569E-11	6.02523229147876E-02	1E-30	2.83325232390675E-10	5.56541882686696E-02	2.41290093245178E-06	5.11837238829676E-11	1.91344579706278E-02	8.26791082749219E-07	5.99674573814071E-11	2.09471812803339E-02	1.40518895842805E-11	1.47929690712083E-10	25.9706750004395	3.48007461314565E-12	2.85533987214085E-10	50.4904431745362	2.16358751905246E-12	1.58175508825721E-10	18.1015598513759	1E10	1E-30	1E-10	1E10	1E-30	1E-10	1E10	1E-30	1E-10
56	5.46772725969443E-07	1E10	892857142.857143	1E-30	1.18927104848451E-10	1E10	1E-30	1E10	9.29149420505304E-03	7.91767253121315E-05	1E10	29.2891078985844	8.33286393049727E-05	1E10	3.86105638536145	7.01155499381969E-05	1E10	0.443308587165642	1.11689151481722E-04	1E10	4.33217651747598E-02	3.87224582187315E-05	1E10	2.45008369811029E-02	1E-30	1.41771833522569E-11	6.02523229147876E-02	1E-30	2.83325232390675E-10	5.56541882686696E-02	2.41290093245178E-06	5.11837238829676E-11	1.91344579706278E-02	8.26791082749219E-07	5.99674573814071E-11	2.09471812803339E-02	1.40518895842805E-11	1.47929690712083E-10	25.9706750004395	3.48007461314565E-12	2.85533987214085E-10	50.4904431745362	2.16358751905246E-12	1.58175508825721E-10	18.1015598513759	1E10	1E-30	1E-10	1E10	1E-30	1E-10	1E10	1E-30	1E-10
57	5.59932623900748E-07	1E10	892857142.857143	1E-30	1.81860454266619E-10	1E10	1E-30	1E10	3.12032200128843E-02	6.75853326580508E-05	1E10	58.871850160575	8.76471315177432E-05	1E10	6.60553023190652	8.29921948489238E-05	1E10	0.812657755897165	6.98731116651196E-05	1E10	0.107129156285157	3.99162179949708E-05	1E10	2.43216907712368E-02	1E-30	3.61558907341882E-11	0.133225993605121	1E-30	2.61942271695727E-10	5.70797929529329E-02	2.54032386133696E-06	4.50534396527561E-11	1.27466522448313E-02	7.95067939013359E-07	5.795669602222E-11	1.81601915809741E-02	1.59897303053123E-11	6.69715610722837E-11	7.10888307755138	1.38990191264122E-12	2.61581671055432E-10	108.988233383504	1E10	1E-30	1E-10	1E10	1E-30	1E-10	1E10	1E-30	1E-10	1E10	1E-30	1E-10
58	5.59932623900748E-07	1E10	892857142.857143	1E-30	1.81860454266619E-10	1E10	1E-30	1E10	3.12032200128843E-02	6.75853326580508E-05	1E10	58.871850160575	8.76471315177432E-05	1E10	6.60553023190652	8.29921948489238E-05	1E10	0.812657755897165	6.98731116651196E-05	1E10	0.107129156285157	3.99162179949708E-05	1E10	2.43216907712368E-02	1E-30	3.61558907341882E-11	0.133225993605121	1E-30	2.61942271695727E-10	5.70797929529329E-02	2.54032386133696E-06	4.50534396527561E-11	1.27466522448313E-02	7.95067939013359E-07	5.795669602222E-11	1.81601915809741E-02	1.59897303053123E-11	6.69715610722837E-11	7.10888307755138	1.38990191264122E-12	2.61581671055432E-10	108.988233383504	1E10	1E-30	1E-10	1E10	1E-30	1E-10	1E10	1E-30	1E-10	1E10	1E-30	1E-10
59	6.78227119903238E-07	1E10	735294117.647059	1E-30	1.59169902892295E-10	1E10	1E-30	1E10	1.42602350318433E-02	9.34579193973482E-05	1E10	42.5739584505481	1.08019300306875E-04	1E10	5.35974381740641	1.02800228600651E-04	1E10	0.706551840423204	8.17854598046757E-05	1E10	0.104506675384565	4.68998707041025E-05	1E10	1.70307929849322E-02	1E-30	2.90349400971195E-11	7.61314991689947E-02	1E-30	3.26596164957547E-10	4.96967283440016E-02	2.52089006567348E-06	6.40260043471197E-11	1.80637278813755E-02	1.19783169922893E-06	5.66883116997393E-11	1.76124121182141E-02	4.63814498375653E-11	3.53652507248451E-11	4.23533145481915	8.70280020026362E-13	3.66150860378161E-10	88.4028511290414	1E10	1E-30	1E-10	1E10	1E-30	1E-10	1E10	1E-30	1E-10	1E10	1E-30	1E-10
60	6.78227119903238E-07	1E10	735294117.647059	1E-30	1.59169902892295E-10	1E10	1E-30	1E10	1.42602350318433E-02	9.34579193973482E-05	1E10	42.5739584505481	1.08019300306875E-04	1E10	5.35974381740641	1.02800228600651E-04	1E10	0.706551840423204	8.17854598046757E-05	1E10	0.104506675384565	4.68998707041025E-05	1E10	1.70307929849322E-02	1E-30	2.90349400971195E-11	7.61314991689947E-02	1E-30	3.26596164957547E-10	4.96967283440016E-02	2.52089006567348E-06	6.40260043471197E-11	1.80637278813755E-02	1.19783169922893E-06	5.66883116997393E-11	1.76124121182141E-02	4.63814498375653E-11	3.53652507248451E-11	4.23533145481915	8.70280020026362E-13	3.66150860378161E-10	88.4028511290414	1E10	1E-30	1E-10	1E10	1E-30	1E-10	1E10	1E-30	1E-10	1E10	1E-30	1E-10
61	6.78227119903238E-07	1E10	735294117.647059	1E-30	1.59169902892295E-10	1E10	1E-30	1E10	1.42602350318433E-02	9.34579193973482E-05	1E10	42.5739584505481	1.08019300306875E-04	1E10	5.35974381740641	1.02800228600651E-04	1E10	0.706551840423204	8.17854598046757E-05	1E10	0.104506675384565	4.68998707041025E-05	1E10	1.70307929849322E-02	1E-30	2.90349400971195E-11	7.61314991689947E-02	1E-30	3.26596164957547E-10	4.96967283440016E-02	2.52089006567348E-06	6.40260043471197E-11	1.80637278813755E-02	1.19783169922893E-06	5.66883116997393E-11	1.76124121182141E-02	4.63814498375653E-11	3.53652507248451E-11	4.23533145481915	8.70280020026362E-13	3.66150860378161E-10	88.4028511290414	1E10	1E-30	1E-10	1E10	1E-30	1E-10	1E10	1E-30	1E-10	1E10	1E-30	1E-10
62	6.78227119903238E-07	1E10	735294117.647059	1E-30	1.59169902892295E-10	1E10	1E-30	1E10	1.42602350318433E-02	9.34579193973482E-05	1E10	42.5739584505481	1.08019300306875E-04	1E10	5.35974381740641	1.02800228600651E-04	1E10	0.706551840423204	8.17854598046757E-05	1E10	0.104506675384565	4.68998707041025E-05	1E10	1.70307929849322E-02	1E-30	2.90349400971195E-11	7.61314991689947E-02	1E-30	3.26596164957547E-10	4.96967283440016E-02	2.52089006567348E-06	6.40260043471197E-11	1.80637278813755E-02	1.19783169922893E-06	5.66883116997393E-11	1.76124121182141E-02	4.63814498375653E-11	3.53652507248451E-11	4.23533145481915	8.70280020026362E-13	3.66150860378161E-10	88.4028511290414	1E10	1E-30	1E-10	1E10	1E-30	1E-10	1E10	1E-30	1E-10	1E10	1E-30	1E-10
63	6.78227119903238E-07	1E10	735294117.647059	1E-30	1.59169902892295E-10	1E10	1E-30	1E10	1.42602350318433E-02	9.34579193973482E-05	1E10	42.5739584505481	1.08019300306875E-04	1E10	5.35974381740641	1.02800228600651E-04	1E10	0.706551840423204	8.17854598046757E-05	1E10	0.104506675384565	4.68998707041025E-05	1E10	1.70307929849322E-02	1E-30	2.90349400971195E-11	7.61314991689947E-02	1E-30	3.26596164957547E-10	4.96967283440016E-02	2.52089006567348E-06	6.40260043471197E-11	1.80637278813755E-02	1.19783169922893E-06	5.66883116997393E-11	1.76124121182141E-02	4.63814498375653E-11	3.53652507248451E-11	4.23533145481915	8.70280020026362E-13	3.66150860378161E-10	88.4028511290414	1E10	1E-30	1E-10	1E10	1E-30	1E-10	1E10	1E-30	1E-10	1E10	1E-30	1E-10
64	6.78227119903238E-07	1E10	735294117.647059	1E-30	1.59169902892295E-10	1E10	1E-30	1E10	1.42602350318433E-02	9.34579193973482E-05	1E10	42.5739584505481	1.08019300306875E-04	1E10	5.35974381740641	1.02800228600651E-04	1E10	0.706551840423204	8.17854598046757E-05	1E10	0.104506675384565	4.68998707041025E-05	1E10	1.70307929849322E-02	1E-30	2.90349400971195E-11	7.61314991689947E-02	1E-30	3.26596164957547E-10	4.96967283440016E-02	2.52089006567348E-06	6.40260043471197E-11	1.80637278813755E-02	1.19783169922893E-06	5.66883116997393E-11	1.76124121182141E-02	4.63814498375653E-11	3.53652507248451E-11	4.23533145481915	8.70280020026362E-13	3.66150860378161E-10	88.4028511290414	1E10	1E-30	1E-10	1E10	1E-30	1E-10	1E10	1E-30	1E-10	1E10	1E-30	1E-10
65	8.0343521098208E-07	1E10	609756097.560976	1E-30	1.90157691470234E-10	1E10	1E-30	1E10	7.45793536915663E-03	9.88601710378172E-05	1E10	24.9121594441309	1.27068902020385E-04	1E10	1.97884316344263	1.24439721635018E-04	1E10	0.254924381817599	1.787471205349E-04	1E10	3.36055784153377E-02	6.51317178328007E-05	1E10	1.67155733659371E-02	1E-30	2.57734545583948E-11	0.054793526473445	1E-30	3.30309233647032E-10	4.91077444076703E-02	2.74075558259239E-06	7.06606688675181E-11	1.84917098787588E-02	1.32606768153467E-06	6.09133333075987E-11	0.019412480199224	9.70606716043641E-12	1.53010367330493E-10	19.6299750563937	2.48622140858854E-12	2.93925655811061E-10	61.8852342290395	1E10	1E-30	1E-10	1E10	1E-30	1E-10	1E10	1E-30	1E-10	1E10	1E-30	1E-10
66	8.0343521098208E-07	1E10	609756097.560976	1E-30	1.90157691470234E-10	1E10	1E-30	1E10	7.45793536915663E-03	9.88601710378172E-05	1E10	24.9121594441309	1.27068902020385E-04	1E10	1.97884316344263	1.24439721635018E-04	1E10	0.254924381817599	1.787471205349E-04	1E10	3.36055784153377E-02	6.51317178328007E-05	1E10	1.67155733659371E-02	1E-30	2.57734545583948E-11	0.054793526473445	1E-30	3.30309233647032E-10	4.91077444076703E-02	2.74075558259239E-06	7.06606688675181E-11	1.84917098787588E-02	1.32606768153467E-06	6.09133333075987E-11	0.019412480199224	9.70606716043641E-12	1.53010367330493E-10	19.6299750563937	2.48622140858854E-12	2.93925655811061E-10	61.8852342290395	1E10	1E-30	1E-10	1E10	1E-30	1E-10	1E10	1E-30	1E-10	1E10	1E-30	1E-10
67	9.94395056446156E-07	1E10	5E8	1E-30	1.16714571641686E-10	1E10	1E-30	1E10	2.65106377408328E-02	1.49977684168234E-04	1E10	15.9282687787965	1.36193067400975E-04	1E10	2.16702719946438	1.37660990894994E-04	1E10	0.287751966414703	1.29657960813049E-04	1E10	4.81119731521474E-02	9.08297225868595E-05	1E10	1.50527821998419E-02	1E-30	5.29317060752646E-11	0.154357784893945	1E-30	2.21934266733527E-10	5.19533393298469E-02	2.90221700827629E-06	7.01378597479436E-11	1.11124855860125E-02	1.37446021664252E-06	6.04953948391875E-11	1.63449847522213E-02	1.80406283997824E-11	7.22237651207889E-11	5.34375468689749	7.42836603148319E-13	3.28787499737826E-10	141.601168243007	1E10	1E-30	1E-10	1E10	1E-30	1E-10	1E10	1E-30	1E-10	1E10	1E-30	1E-10
68	9.94395056446156E-07	1E10	5E8	1E-30	1.16714571641686E-10	1E10	1E-30	1E10	2.65106377408328E-02	1.49977684168234E-04	1E10	15.9282687787965	1.36193067400975E-04	1E10	2.16702719946438	1.37660990894994E-04	1E10	0.287751966414703	1.29657960813049E-04	1E10	4.81119731521474E-02	9.08297225868595E-05	1E10	1.50527821998419E-02	1E-30	5.29317060752646E-11	0.154357784893945	1E-30	2.21934266733527E-10	5.19533393298469E-02	2.90221700827629E-06	7.01378597479436E-11	1.11124855860125E-02	1.37446021664252E-06	6.04953948391875E-11	1.63449847522213E-02	1.80406283997824E-11	7.22237651207889E-11	5.34375468689749	7.42836603148319E-13	3.28787499737826E-10	141.601168243007	1E10	1E-30	1E-10	1E10	1E-30	1E-10	1E10	1E-30	1E-10	1E10	1E-30	1E-10
69	1.04948487897623E-06	1E10	5E8	1E-30	7.88050127106763E-11	1E10	1E-30	1E10	0.033948144285649	1.25515038199616E-04	1E10	39.4136185409241	1.5749720185428E-04	1E10	2.77597594565956	1.91077296271505E-04	1E10	0.365567787337911	2.56402555661757E-04	1E10	0.102866493838938	8.20333937063188E-05	1E10	3.71776308627207E-02	1E-30	5.28062194888434E-11	0.107211579767884	1E-30	4.16058417621859E-10	0.049942741889845	3.60398625158165E-06	7.73100872705465E-11	1.74019074512087E-02	2.63616742579361E-06	4.50906156032252E-11	1.39801886175448E-02	1.68078013157502E-11	7.88852154205668E-11	6.67015643320514	1.26640819806293E-12	3.45033003071879E-10	118.562606468216	1E10	1E-30	1E-10	1E10	1E-30	1E-10	1E10	1E-30	1E-10	1E10	1E-30	1E-10
70	1.04948487897623E-06	1E10	5E8	1E-30	7.88050127106763E-11	1E10	1E-30	1E10	0.033948144285649	1.25515038199616E-04	1E10	39.4136185409241	1.5749720185428E-04	1E10	2.77597594565956	1.91077296271505E-04	1E10	0.365567787337911	2.56402555661757E-04	1E10	0.102866493838938	8.20333937063188E-05	1E10	3.71776308627207E-02	1E-30	5.28062194888434E-11	0.107211579767884	1E-30	4.16058417621859E-10	0.049942741889845	3.60398625158165E-06	7.73100872705465E-11	1.74019074512087E-02	2.63616742579361E-06	4.50906156032252E-11	1.39801886175448E-02	1.68078013157502E-11	7.88852154205668E-11	6.67015643320514	1.26640819806293E-12	3.45033003071879E-10	118.562606468216	1E10	1E-30	1E-10	1E10	1E-30	1E-10	1E10	1E-30	1E-10	1E10	1E-30	1E-10
71	9.85380616096101E-07	1E10	5E8	1E-30	3.02276693476418E-10	1E10	1E-30	1E10	4.44293772065867E-03	2.22404376886338E-04	1E10	17.4855690399239	1.85296402931857E-04	1E10	3.4838157812122	1.41165615565158E-04	1E10	0.552611691964587	1.52090864060073E-04	1E10	5.59311965236384E-02	2.81133785543817E-04	1E10	6.20683154594821E-03	1.54546903579921E-04	1E10	3.67368721415583E-03	3.06724300485504E-05	1E10	2.67058854955256E-03	1E-30	5.31131190475776E-11	6.37384794542479E-02	1E-30	4.03802249777931E-10	3.89651011086994E-02	2.77557213252974E-06	8.91167322485327E-11	2.50695906442754E-02	2.84367132880629E-06	3.68878001434595E-11	0.01766966471556	6.84881195495143E-10	4.23376504834081E-11	0.303953615758016	4.76192051208625E-12	1.19955843297021E-10	9.80774287925598	1E10	1E-30	1E-10	1E10	1E-30	1E-10
72	1.04948487897623E-06	1E10	5E8	1E-30	7.88050127106763E-11	1E10	1E-30	1E10	0.033948144285649	1.25515038199616E-04	1E10	39.4136185409241	1.5749720185428E-04	1E10	2.77597594565956	1.91077296271505E-04	1E10	0.365567787337911	2.56402555661757E-04	1E10	0.102866493838938	8.20333937063188E-05	1E10	3.71776308627207E-02	1E-30	5.28062194888434E-11	0.107211579767884	1E-30	4.16058417621859E-10	0.049942741889845	3.60398625158165E-06	7.73100872705465E-11	1.74019074512087E-02	2.63616742579361E-06	4.50906156032252E-11	1.39801886175448E-02	1.68078013157502E-11	7.88852154205668E-11	6.67015643320514	1.26640819806293E-12	3.45033003071879E-10	118.562606468216	1E10	1E-30	1E-10	1E10	1E-30	1E-10	1E10	1E-30	1E-10	1E10	1E-30	1E-10
73	1.04948487897623E-06	1E10	5E8	1E-30	7.88050127106763E-11	1E10	1E-30	1E10	0.033948144285649	1.25515038199616E-04	1E10	39.4136185409241	1.5749720185428E-04	1E10	2.77597594565956	1.91077296271505E-04	1E10	0.365567787337911	2.56402555661757E-04	1E10	0.102866493838938	8.20333937063188E-05	1E10	3.71776308627207E-02	1E-30	5.28062194888434E-11	0.107211579767884	1E-30	4.16058417621859E-10	0.049942741889845	3.60398625158165E-06	7.73100872705465E-11	1.74019074512087E-02	2.63616742579361E-06	4.50906156032252E-11	1.39801886175448E-02	1.68078013157502E-11	7.88852154205668E-11	6.67015643320514	1.26640819806293E-12	3.45033003071879E-10	118.562606468216	1E10	1E-30	1E-10	1E10	1E-30	1E-10	1E10	1E-30	1E-10	1E10	1E-30	1E-10
74	9.94395056446156E-07	1E10	5E8	1E-30	1.16714571641686E-10	1E10	1E-30	1E10	2.65106377408328E-02	1.49977684168234E-04	1E10	15.9282687787965	1.36193067400975E-04	1E10	2.16702719946438	1.37660990894994E-04	1E10	0.287751966414703	1.29657960813049E-04	1E10	4.81119731521474E-02	9.08297225868595E-05	1E10	1.50527821998419E-02	1E-30	5.29317060752646E-11	0.154357784893945	1E-30	2.21934266733527E-10	5.19533393298469E-02	2.90221700827629E-06	7.01378597479436E-11	1.11124855860125E-02	1.37446021664252E-06	6.04953948391875E-11	1.63449847522213E-02	1.80406283997824E-11	7.22237651207889E-11	5.34375468689749	7.42836603148319E-13	3.28787499737826E-10	141.601168243007	1E10	1E-30	1E-10	1E10	1E-30	1E-10	1E10	1E-30	1E-10	1E10	1E-30	1E-10
75	9.94395056446156E-07	1E10	5E8	1E-30	1.16714571641686E-10	1E10	1E-30	1E10	2.65106377408328E-02	1.49977684168234E-04	1E10	15.9282687787965	1.36193067400975E-04	1E10	2.16702719946438	1.37660990894994E-04	1E10	0.287751966414703	1.29657960813049E-04	1E10	4.81119731521474E-02	9.08297225868595E-05	1E10	1.50527821998419E-02	1E-30	5.29317060752646E-11	0.154357784893945	1E-30	2.21934266733527E-10	5.19533393298469E-02	2.90221700827629E-06	7.01378597479436E-11	1.11124855860125E-02	1.37446021664252E-06	6.04953948391875E-11	1.63449847522213E-02	1.80406283997824E-11	7.22237651207889E-11	5.34375468689749	7.42836603148319E-13	3.28787499737826E-10	141.601168243007	1E10	1E-30	1E-10	1E10	1E-30	1E-10	1E10	1E-30	1E-10	1E10	1E-30	1E-10
76	9.94395056446156E-07	1E10	5E8	1E-30	1.16714571641686E-10	1E10	1E-30	1E10	2.65106377408328E-02	1.49977684168234E-04	1E10	15.9282687787965	1.36193067400975E-04	1E10	2.16702719946438	1.37660990894994E-04	1E10	0.287751966414703	1.29657960813049E-04	1E10	4.81119731521474E-02	9.08297225868595E-05	1E10	1.50527821998419E-02	1E-30	5.29317060752646E-11	0.154357784893945	1E-30	2.21934266733527E-10	5.19533393298469E-02	2.90221700827629E-06	7.01378597479436E-11	1.11124855860125E-02	1.37446021664252E-06	6.04953948391875E-11	1.63449847522213E-02	1.80406283997824E-11	7.22237651207889E-11	5.34375468689749	7.42836603148319E-13	3.28787499737826E-10	141.601168243007	1E10	1E-30	1E-10	1E10	1E-30	1E-10	1E10	1E-30	1E-10	1E10	1E-30	1E-10
77	9.94395056446156E-07	1E10	5E8	1E-30	1.16714571641686E-10	1E10	1E-30	1E10	2.65106377408328E-02	1.49977684168234E-04	1E10	15.9282687787965	1.36193067400975E-04	1E10	2.16702719946438	1.37660990894994E-04	1E10	0.287751966414703	1.29657960813049E-04	1E10	4.81119731521474E-02	9.08297225868595E-05	1E10	1.50527821998419E-02	1E-30	5.29317060752646E-11	0.154357784893945	1E-30	2.21934266733527E-10	5.19533393298469E-02	2.90221700827629E-06	7.01378597479436E-11	1.11124855860125E-02	1.37446021664252E-06	6.04953948391875E-11	1.63449847522213E-02	1.80406283997824E-11	7.22237651207889E-11	5.34375468689749	7.42836603148319E-13	3.28787499737826E-10	141.601168243007	1E10	1E-30	1E-10	1E10	1E-30	1E-10	1E10	1E-30	1E-10	1E10	1E-30	1E-10
78	1.04948487897623E-06	1E10	5E8	1E-30	7.88050127106763E-11	1E10	1E-30	1E10	0.033948144285649	1.25515038199616E-04	1E10	39.4136185409241	1.5749720185428E-04	1E10	2.77597594565956	1.91077296271505E-04	1E10	0.365567787337911	2.56402555661757E-04	1E10	0.102866493838938	8.20333937063188E-05	1E10	3.71776308627207E-02	1E-30	5.28062194888434E-11	0.107211579767884	1E-30	4.16058417621859E-10	0.049942741889845	3.60398625158165E-06	7.73100872705465E-11	1.74019074512087E-02	2.63616742579361E-06	4.50906156032252E-11	1.39801886175448E-02	1.68078013157502E-11	7.88852154205668E-11	6.67015643320514	1.26640819806293E-12	3.45033003071879E-10	118.562606468216	1E10	1E-30	1E-10	1E10	1E-30	1E-10	1E10	1E-30	1E-10	1E10	1E-30	1E-10
79	9.94395056446156E-07	1E10	5E8	1E-30	1.16714571641686E-10	1E10	1E-30	1E10	2.65106377408328E-02	1.49977684168234E-04	1E10	15.9282687787965	1.36193067400975E-04	1E10	2.16702719946438	1.37660990894994E-04	1E10	0.287751966414703	1.29657960813049E-04	1E10	4.81119731521474E-02	9.08297225868595E-05	1E10	1.50527821998419E-02	1E-30	5.29317060752646E-11	0.154357784893945	1E-30	2.21934266733527E-10	5.19533393298469E-02	2.90221700827629E-06	7.01378597479436E-11	1.11124855860125E-02	1.37446021664252E-06	6.04953948391875E-11	1.63449847522213E-02	1.80406283997824E-11	7.22237651207889E-11	5.34375468689749	7.42836603148319E-13	3.28787499737826E-10	141.601168243007	1E10	1E-30	1E-10	1E10	1E-30	1E-10	1E10	1E-30	1E-10	1E10	1E-30	1E-10
80	1.04948487897623E-06	1E10	5E8	1E-30	7.88050127106763E-11	1E10	1E-30	1E10	0.033948144285649	1.25515038199616E-04	1E10	39.4136185409241	1.5749720185428E-04	1E10	2.77597594565956	1.91077296271505E-04	1E10	0.365567787337911	2.56402555661757E-04	1E10	0.102866493838938	8.20333937063188E-05	1E10	3.71776308627207E-02	1E-30	5.28062194888434E-11	0.107211579767884	1E-30	4.16058417621859E-10	0.049942741889845	3.60398625158165E-06	7.73100872705465E-11	1.74019074512087E-02	2.63616742579361E-06	4.50906156032252E-11	1.39801886175448E-02	1.68078013157502E-11	7.88852154205668E-11	6.67015643320514	1.26640819806293E-12	3.45033003071879E-10	118.562606468216	1E10	1E-30	1E-10	1E10	1E-30	1E-10	1E10	1E-30	1E-10	1E10	1E-30	1E-10
81	9.94395056446156E-07	1E10	5E8	1E-30	1.16714571641686E-10	1E10	1E-30	1E10	2.65106377408328E-02	1.49977684168234E-04	1E10	15.9282687787965	1.36193067400975E-04	1E10	2.16702719946438	1.37660990894994E-04	1E10	0.287751966414703	1.29657960813049E-04	1E10	4.81119731521474E-02	9.08297225868595E-05	1E10	1.50527821998419E-02	1E-30	5.29317060752646E-11	0.154357784893945	1E-30	2.21934266733527E-10	5.19533393298469E-02	2.90221700827629E-06	7.01378597479436E-11	1.11124855860125E-02	1.37446021664252E-06	6.04953948391875E-11	1.63449847522213E-02	1.80406283997824E-11	7.22237651207889E-11	5.34375468689749	7.42836603148319E-13	3.28787499737826E-10	141.601168243007	1E10	1E-30	1E-10	1E10	1E-30	1E-10	1E10	1E-30	1E-10	1E10	1E-30	1E-10
82	9.85380616096101E-07	1E10	5E8	1E-30	3.02276693476418E-10	1E10	1E-30	1E10	4.44293772065867E-03	2.22404376886338E-04	1E10	17.4855690399239	1.85296402931857E-04	1E10	3.4838157812122	1.41165615565158E-04	1E10	0.552611691964587	1.52090864060073E-04	1E10	5.59311965236384E-02	2.81133785543817E-04	1E10	6.20683154594821E-03	1.54546903579921E-04	1E10	3.67368721415583E-03	3.06724300485504E-05	1E10	2.67058854955256E-03	1E-30	5.31131190475776E-11	6.37384794542479E-02	1E-30	4.03802249777931E-10	3.89651011086994E-02	2.77557213252974E-06	8.91167322485327E-11	2.50695906442754E-02	2.84367132880629E-06	3.68878001434595E-11	0.01766966471556	6.84881195495143E-10	4.23376504834081E-11	0.303953615758016	4.76192051208625E-12	1.19955843297021E-10	9.80774287925598	1E10	1E-30	1E-10	1E10	1E-30	1E-10
83	9.85380616096101E-07	1E10	5E8	1E-30	3.02276693476418E-10	1E10	1E-30	1E10	4.44293772065867E-03	2.22404376886338E-04	1E10	17.4855690399239	1.85296402931857E-04	1E10	3.4838157812122	1.41165615565158E-04	1E10	0.552611691964587	1.52090864060073E-04	1E10	5.59311965236384E-02	2.81133785543817E-04	1E10	6.20683154594821E-03	1.54546903579921E-04	1E10	3.67368721415583E-03	3.06724300485504E-05	1E10	2.67058854955256E-03	1E-30	5.31131190475776E-11	6.37384794542479E-02	1E-30	4.03802249777931E-10	3.89651011086994E-02	2.77557213252974E-06	8.91167322485327E-11	2.50695906442754E-02	2.84367132880629E-06	3.68878001434595E-11	0.01766966471556	6.84881195495143E-10	4.23376504834081E-11	0.303953615758016	4.76192051208625E-12	1.19955843297021E-10	9.80774287925598	1E10	1E-30	1E-10	1E10	1E-30	1E-10
84	1.49502624052525E-06	1E10	333333333.333333	1E-30	2.04614347737725E-10	1E10	1E-30	1E10	8.04577622223597E-03	5.25084419179017E-04	1E10	9.69380522614668	2.02199891697651E-04	1E10	3.34811467750887	1.72272108434635E-04	1E10	0.424484553003402	1.64597564655827E-04	1E10	5.01035231434131E-02	1.24107098904913E-04	1E10	8.53312037541059E-03	1E-30	2.79545058844465E-11	3.51543074129409E-02	1E-30	2.93043326362346E-10	3.42119432595606E-02	5.54980889187657E-06	6.44992422689077E-11	1.20775513172402E-02	2.55608370741234E-06	5.7353038514071E-11	1.30116873887376E-02	2.33258227096331E-11	7.61052561935922E-11	8.4750442351545	1.36254605679508E-12	3.5247639533274E-10	51.305297151474	1E10	1E-30	1E-10	1E10	1E-30	1E-10	1E10	1E-30	1E-10	1E10	1E-30	1E-10
85	1.49502624052525E-06	1E10	333333333.333333	1E-30	2.04614347737725E-10	1E10	1E-30	1E10	8.04577622223597E-03	5.25084419179017E-04	1E10	9.69380522614668	2.02199891697651E-04	1E10	3.34811467750887	1.72272108434635E-04	1E10	0.424484553003402	1.64597564655827E-04	1E10	5.01035231434131E-02	1.24107098904913E-04	1E10	8.53312037541059E-03	1E-30	2.79545058844465E-11	3.51543074129409E-02	1E-30	2.93043326362346E-10	3.42119432595606E-02	5.54980889187657E-06	6.44992422689077E-11	1.20775513172402E-02	2.55608370741234E-06	5.7353038514071E-11	1.30116873887376E-02	2.33258227096331E-11	7.61052561935922E-11	8.4750442351545	1.36254605679508E-12	3.5247639533274E-10	51.305297151474	1E10	1E-30	1E-10	1E10	1E-30	1E-10	1E10	1E-30	1E-10	1E10	1E-30	1E-10
86	2.08068859478948E-06	1E10	22727272.7272727	1E-30	3.71174631014532E-12	1E10	1E-30	1E10	6.5778705895441E-03	2.7821369205384E-04	1E10	19.0686688730732	2.16453611285535E-04	1E10	3.12763747004691	1.70331170352491E-04	1E10	0.530285066503832	1.87270119614452E-04	1E10	5.21903569638336E-02	1.20441478427532E-04	1E10	9.03740063780095E-03	1E-30	4.37363172195677E-11	7.05363339600189E-02	1E-30	3.56123094136216E-10	3.33416520250834E-02	5.94824315917887E-06	9.33857683079711E-11	1.27652272126048E-02	2.56703412749886E-06	8.88829842688445E-11	1.21417068873667E-02	1.67287473775816E-11	7.73149420669064E-11	8.6950254026791	8.48624135239264E-13	4.02264307116311E-10	167.56100439251	1E10	1E-30	1E-10	1E10	1E-30	1E-10	1E10	1E-30	1E-10	1E10	1E-30	1E-10
87	2.14233019117262E-06	1E10	227272727.272727	1E-30	1.74943659671171E-10	1E10	1E-30	1E10	9.62580374667994E-03	2.72053348956338E-04	1E10	18.1839402298376	2.72171271170748E-04	1E10	2.37180996348023	2.44486714850888E-04	1E10	0.30968144594386	3.39042987178368E-04	1E10	3.27980424910281E-02	1.54061234616188E-04	1E10	1.15901651782122E-02	1E-30	6.83212476984345E-11	6.51926488497643E-02	1E-30	4.23262422278747E-10	3.01994300921565E-02	1.17894681679283E-05	4.59814964491945E-11	7.80232033970268E-03	5.58123346269205E-06	4.21057024413531E-11	7.75643266984153E-03	1.68574350630887E-11	7.27490134756672E-11	5.82085229059514	1.4300181055961E-12	2.28306277163553E-10	70.3887288755003	1E10	1E-30	1E-10	1E10	1E-30	1E-10	1E10	1E-30	1E-10	1E10	1E-30	1E-10
88	2.14233019117262E-06	1E10	227272727.272727	1E-30	1.74943659671171E-10	1E10	1E-30	1E10	9.62580374667994E-03	2.72053348956338E-04	1E10	18.1839402298376	2.72171271170748E-04	1E10	2.37180996348023	2.44486714850888E-04	1E10	0.30968144594386	3.39042987178368E-04	1E10	3.27980424910281E-02	1.54061234616188E-04	1E10	1.15901651782122E-02	1E-30	6.83212476984345E-11	6.51926488497643E-02	1E-30	4.23262422278747E-10	3.01994300921565E-02	1.17894681679283E-05	4.59814964491945E-11	7.80232033970268E-03	5.58123346269205E-06	4.21057024413531E-11	7.75643266984153E-03	1.68574350630887E-11	7.27490134756672E-11	5.82085229059514	1.4300181055961E-12	2.28306277163553E-10	70.3887288755003	1E10	1E-30	1E-10	1E10	1E-30	1E-10	1E10	1E-30	1E-10	1E10	1E-30	1E-10
89	2.14233019117262E-06	1E10	227272727.272727	1E-30	1.74943659671171E-10	1E10	1E-30	1E10	9.62580374667994E-03	2.72053348956338E-04	1E10	18.1839402298376	2.72171271170748E-04	1E10	2.37180996348023	2.44486714850888E-04	1E10	0.30968144594386	3.39042987178368E-04	1E10	3.27980424910281E-02	1.54061234616188E-04	1E10	1.15901651782122E-02	1E-30	6.83212476984345E-11	6.51926488497643E-02	1E-30	4.23262422278747E-10	3.01994300921565E-02	1.17894681679283E-05	4.59814964491945E-11	7.80232033970268E-03	5.58123346269205E-06	4.21057024413531E-11	7.75643266984153E-03	1.68574350630887E-11	7.27490134756672E-11	5.82085229059514	1.4300181055961E-12	2.28306277163553E-10	70.3887288755003	1E10	1E-30	1E-10	1E10	1E-30	1E-10	1E10	1E-30	1E-10	1E10	1E-30	1E-10
90	2.14233019117262E-06	1E10	227272727.272727	1E-30	1.74943659671171E-10	1E10	1E-30	1E10	9.62580374667994E-03	2.72053348956338E-04	1E10	18.1839402298376	2.72171271170748E-04	1E10	2.37180996348023	2.44486714850888E-04	1E10	0.30968144594386	3.39042987178368E-04	1E10	3.27980424910281E-02	1.54061234616188E-04	1E10	1.15901651782122E-02	1E-30	6.83212476984345E-11	6.51926488497643E-02	1E-30	4.23262422278747E-10	3.01994300921565E-02	1.17894681679283E-05	4.59814964491945E-11	7.80232033970268E-03	5.58123346269205E-06	4.21057024413531E-11	7.75643266984153E-03	1.68574350630887E-11	7.27490134756672E-11	5.82085229059514	1.4300181055961E-12	2.28306277163553E-10	70.3887288755003	1E10	1E-30	1E-10	1E10	1E-30	1E-10	1E10	1E-30	1E-10	1E10	1E-30	1E-10
91	2.14233019117262E-06	1E10	227272727.272727	1E-30	1.74943659671171E-10	1E10	1E-30	1E10	9.62580374667994E-03	2.72053348956338E-04	1E10	18.1839402298376	2.72171271170748E-04	1E10	2.37180996348023	2.44486714850888E-04	1E10	0.30968144594386	3.39042987178368E-04	1E10	3.27980424910281E-02	1.54061234616188E-04	1E10	1.15901651782122E-02	1E-30	6.83212476984345E-11	6.51926488497643E-02	1E-30	4.23262422278747E-10	3.01994300921565E-02	1.17894681679283E-05	4.59814964491945E-11	7.80232033970268E-03	5.58123346269205E-06	4.21057024413531E-11	7.75643266984153E-03	1.68574350630887E-11	7.27490134756672E-11	5.82085229059514	1.4300181055961E-12	2.28306277163553E-10	70.3887288755003	1E10	1E-30	1E-10	1E10	1E-30	1E-10	1E10	1E-30	1E-10	1E10	1E-30	1E-10
92	2.14233019117262E-06	1E10	227272727.272727	1E-30	1.74943659671171E-10	1E10	1E-30	1E10	9.62580374667994E-03	2.72053348956338E-04	1E10	18.1839402298376	2.72171271170748E-04	1E10	2.37180996348023	2.44486714850888E-04	1E10	0.30968144594386	3.39042987178368E-04	1E10	3.27980424910281E-02	1.54061234616188E-04	1E10	1.15901651782122E-02	1E-30	6.83212476984345E-11	6.51926488497643E-02	1E-30	4.23262422278747E-10	3.01994300921565E-02	1.17894681679283E-05	4.59814964491945E-11	7.80232033970268E-03	5.58123346269205E-06	4.21057024413531E-11	7.75643266984153E-03	1.68574350630887E-11	7.27490134756672E-11	5.82085229059514	1.4300181055961E-12	2.28306277163553E-10	70.3887288755003	1E10	1E-30	1E-10	1E10	1E-30	1E-10	1E10	1E-30	1E-10	1E10	1E-30	1E-10
93	2.1011161304839E-06	1E10	227272727.272727	1E-30	1.99835535416401E-10	1E10	1E-30	1E10	0.013797913105718	3.46092141612413E-04	1E10	5.49464018202254	2.68924425941969E-04	1E10	0.806911576301471	2.57574979523677E-04	1E10	9.29746547894868E-02	1.62403867022428E-04	1E10	0.014896646514239	1E-30	5.1417863191419E-11	6.49068364314675E-02	1E-30	3.68318957468134E-10	4.04845729815266E-02	5.78148049003811E-06	1.02393729922126E-10	1.67945489344997E-02	3.42246597912251E-06	7.52027546511142E-11	1.49381413534656E-02	1.50589054740869E-11	5.87601547854261E-11	5.03833035418989	2.23944916998837E-12	1.55042922956773E-10	64.8052187320155	1E10	1E-30	1E-10	1E10	1E-30	1E-10	1E10	1E-30	1E-10	1E10	1E-30	1E-10	1E10	1E-30	1E-10
94	2.1011161304839E-06	1E10	227272727.272727	1E-30	1.99835535416401E-10	1E10	1E-30	1E10	0.013797913105718	3.46092141612413E-04	1E10	5.49464018202254	2.68924425941969E-04	1E10	0.806911576301471	2.57574979523677E-04	1E10	9.29746547894868E-02	1.62403867022428E-04	1E10	0.014896646514239	1E-30	5.1417863191419E-11	6.49068364314675E-02	1E-30	3.68318957468134E-10	4.04845729815266E-02	5.78148049003811E-06	1.02393729922126E-10	1.67945489344997E-02	3.42246597912251E-06	7.52027546511142E-11	1.49381413534656E-02	1.50589054740869E-11	5.87601547854261E-11	5.03833035418989	2.23944916998837E-12	1.55042922956773E-10	64.8052187320155	1E10	1E-30	1E-10	1E10	1E-30	1E-10	1E10	1E-30	1E-10	1E10	1E-30	1E-10	1E10	1E-30	1E-10
95	3.10639302401374E-06	1E10	151515151.515152	1E-30	1.40529542295119E-10	1E10	1E-30	1E10	0.016204756041533	5.95151556270592E-04	1E10	8.35807892143996	4.65755378344091E-04	1E10	1.07662611177506	3.4143327059285E-04	1E10	0.170922479959888	2.56734775053617E-04	1E10	1.87154624027366E-02	1E-30	1.6417454277562E-11	9.26718654229023E-02	1E-30	5.71890548772773E-11	5.68682073454668E-02	1E-30	3.83721062948279E-10	2.89899109310584E-02	1.06304238994129E-05	7.77867391645364E-11	8.23240640847101E-03	5.74048691437242E-06	6.33046252584888E-11	9.22363854947955E-03	4.59223500686882E-11	2.28580971602763E-11	2.81970684391923	9.73383006398416E-13	2.46778717258884E-10	115.366576641041	1E10	1E-30	1E-10	1E10	1E-30	1E-10	1E10	1E-30	1E-10	1E10	1E-30	1E-10
96	3.10639302401374E-06	1E10	151515151.515152	1E-30	1.40529542295119E-10	1E10	1E-30	1E10	0.016204756041533	5.95151556270592E-04	1E10	8.35807892143996	4.65755378344091E-04	1E10	1.07662611177506	3.4143327059285E-04	1E10	0.170922479959888	2.56734775053617E-04	1E10	1.87154624027366E-02	1E-30	1.6417454277562E-11	9.26718654229023E-02	1E-30	5.71890548772773E-11	5.68682073454668E-02	1E-30	3.83721062948279E-10	2.89899109310584E-02	1.06304238994129E-05	7.77867391645364E-11	8.23240640847101E-03	5.74048691437242E-06	6.33046252584888E-11	9.22363854947955E-03	4.59223500686882E-11	2.28580971602763E-11	2.81970684391923	9.73383006398416E-13	2.46778717258884E-10	115.366576641041	1E10	1E-30	1E-10	1E10	1E-30	1E-10	1E10	1E-30	1E-10	1E10	1E-30	1E-10
97	4.51639061323956E-06	1E10	106382978.723404	1E-30	1.69230528776512E-10	1E10	1E-30	1E10	8.39125134300554E-03	9.1806634083343E-04	1E10	11.5298806512535	8.37865399870296E-04	1E10	1.13029512078308	7.9376318880594E-04	1E10	0.170788270715562	8.77660282583719E-04	1E10	2.21391962339419E-02	5.92206542678659E-04	1E10	5.54393933602541E-03	1E-30	1.69134777158474E-11	0.102299851966421	1E-30	5.66945945482589E-11	4.30785076358545E-02	1E-30	5.68027591747013E-10	2.58805516575184E-02	1.58731498958798E-05	9.83624991701109E-11	8.58165267752776E-03	1.34769540208144E-05	5.24557385712481E-11	7.18783685595787E-03	4.70896076612296E-11	2.21599139238788E-11	2.35940097813458	1.50345086494131E-12	2.0444450537029E-10	76.975837836068	1E10	1E-30	1E-10	1E10	1E-30	1E-10	1E10	1E-30	1E-10
98	4.51639061323956E-06	1E10	106382978.723404	1E-30	1.69230528776512E-10	1E10	1E-30	1E10	8.39125134300554E-03	9.1806634083343E-04	1E10	11.5298806512535	8.37865399870296E-04	1E10	1.13029512078308	7.9376318880594E-04	1E10	0.170788270715562	8.77660282583719E-04	1E10	2.21391962339419E-02	5.92206542678659E-04	1E10	5.54393933602541E-03	1E-30	1.69134777158474E-11	0.102299851966421	1E-30	5.66945945482589E-11	4.30785076358545E-02	1E-30	5.68027591747013E-10	2.58805516575184E-02	1.58731498958798E-05	9.83624991701109E-11	8.58165267752776E-03	1.34769540208144E-05	5.24557385712481E-11	7.18783685595787E-03	4.70896076612296E-11	2.21599139238788E-11	2.35940097813458	1.50345086494131E-12	2.0444450537029E-10	76.975837836068	1E10	1E-30	1E-10	1E10	1E-30	1E-10	1E10	1E-30	1E-10
99	4.50298503077998E-06	1E10	106382978.723404	1E-30	6.08773545476615E-11	1E10	1E-30	1E10	1.64019396508833E-02	9.38968515914483E-04	1E10	5.64999217738735	6.75324219065215E-04	1E10	1.02042788554765	8.2971585930611E-04	1E10	0.148942294202526	8.97455660965784E-04	1E10	3.21592237294548E-02	5.7858915034517E-04	1E10	1.31233899071598E-02	1E-30	7.19443369188139E-11	5.76381993485184E-02	1E-30	5.39729793415693E-10	2.33234748216225E-02	1.89624364024764E-05	7.52313876361504E-11	9.7047065381893E-03	1.53820399313699E-05	4.47898058076116E-11	7.78435820649682E-03	3.40136674578415E-11	3.50155104332079E-11	4.61541198890288	8.45556400671248E-13	3.57643696869944E-10	111.04384665457	1E10	1E-30	1E-10	1E10	1E-30	1E-10	1E10	1E-30	1E-10	1E10	1E-30	1E-10
100	4.50298503077998E-06	1E10	106382978.723404	1E-30	6.08773545476615E-11	1E10	1E-30	1E10	1.64019396508833E-02	9.38968515914483E-04	1E10	5.64999217738735	6.75324219065215E-04	1E10	1.02042788554765	8.2971585930611E-04	1E10	0.148942294202526	8.97455660965784E-04	1E10	3.21592237294548E-02	5.7858915034517E-04	1E10	1.31233899071598E-02	1E-30	7.19443369188139E-11	5.76381993485184E-02	1E-30	5.39729793415693E-10	2.33234748216225E-02	1.89624364024764E-05	7.52313876361504E-11	9.7047065381893E-03	1.53820399313699E-05	4.47898058076116E-11	7.78435820649682E-03	3.40136674578415E-11	3.50155104332079E-11	4.61541198890288	8.45556400671248E-13	3.57643696869944E-10	111.04384665457	1E10	1E-30	1E-10	1E10	1E-30	1E-10	1E10	1E-30	1E-10	1E10	1E-30	1E-10
101	4.50298503077998E-06	1E10	106382978.723404	1E-30	6.08773545476615E-11	1E10	1E-30	1E10	1.64019396508833E-02	9.38968515914483E-04	1E10	5.64999217738735	6.75324219065215E-04	1E10	1.02042788554765	8.2971585930611E-04	1E10	0.148942294202526	8.97455660965784E-04	1E10	3.21592237294548E-02	5.7858915034517E-04	1E10	1.31233899071598E-02	1E-30	7.19443369188139E-11	5.76381993485184E-02	1E-30	5.39729793415693E-10	2.33234748216225E-02	1.89624364024764E-05	7.52313876361504E-11	9.7047065381893E-03	1.53820399313699E-05	4.47898058076116E-11	7.78435820649682E-03	3.40136674578415E-11	3.50155104332079E-11	4.61541198890288	8.45556400671248E-13	3.57643696869944E-10	111.04384665457	1E10	1E-30	1E-10	1E10	1E-30	1E-10	1E10	1E-30	1E-10	1E10	1E-30	1E-10
102	4.50298503077998E-06	1E10	106382978.723404	1E-30	6.08773545476615E-11	1E10	1E-30	1E10	1.64019396508833E-02	9.38968515914483E-04	1E10	5.64999217738735	6.75324219065215E-04	1E10	1.02042788554765	8.2971585930611E-04	1E10	0.148942294202526	8.97455660965784E-04	1E10	3.21592237294548E-02	5.7858915034517E-04	1E10	1.31233899071598E-02	1E-30	7.19443369188139E-11	5.76381993485184E-02	1E-30	5.39729793415693E-10	2.33234748216225E-02	1.89624364024764E-05	7.52313876361504E-11	9.7047065381893E-03	1.53820399313699E-05	4.47898058076116E-11	7.78435820649682E-03	3.40136674578415E-11	3.50155104332079E-11	4.61541198890288	8.45556400671248E-13	3.57643696869944E-10	111.04384665457	1E10	1E-30	1E-10	1E10	1E-30	1E-10	1E10	1E-30	1E-10	1E10	1E-30	1E-10
103	4.50298503077998E-06	1E10	106382978.723404	1E-30	6.08773545476615E-11	1E10	1E-30	1E10	1.64019396508833E-02	9.38968515914483E-04	1E10	5.64999217738735	6.75324219065215E-04	1E10	1.02042788554765	8.2971585930611E-04	1E10	0.148942294202526	8.97455660965784E-04	1E10	3.21592237294548E-02	5.7858915034517E-04	1E10	1.31233899071598E-02	1E-30	7.19443369188139E-11	5.76381993485184E-02	1E-30	5.39729793415693E-10	2.33234748216225E-02	1.89624364024764E-05	7.52313876361504E-11	9.7047065381893E-03	1.53820399313699E-05	4.47898058076116E-11	7.78435820649682E-03	3.40136674578415E-11	3.50155104332079E-11	4.61541198890288	8.45556400671248E-13	3.57643696869944E-10	111.04384665457	1E10	1E-30	1E-10	1E10	1E-30	1E-10	1E10	1E-30	1E-10	1E10	1E-30	1E-10
104	4.50298503077998E-06	1E10	106382978.723404	1E-30	6.08773545476615E-11	1E10	1E-30	1E10	1.64019396508833E-02	9.38968515914483E-04	1E10	5.64999217738735	6.75324219065215E-04	1E10	1.02042788554765	8.2971585930611E-04	1E10	0.148942294202526	8.97455660965784E-04	1E10	3.21592237294548E-02	5.7858915034517E-04	1E10	1.31233899071598E-02	1E-30	7.19443369188139E-11	5.76381993485184E-02	1E-30	5.39729793415693E-10	2.33234748216225E-02	1.89624364024764E-05	7.52313876361504E-11	9.7047065381893E-03	1.53820399313699E-05	4.47898058076116E-11	7.78435820649682E-03	3.40136674578415E-11	3.50155104332079E-11	4.61541198890288	8.45556400671248E-13	3.57643696869944E-10	111.04384665457	1E10	1E-30	1E-10	1E10	1E-30	1E-10	1E10	1E-30	1E-10	1E10	1E-30	1E-10
105	9.40238611983601E-06	1E10	5E7	1E-30	1.57303795677704E-10	1E10	1E-30	1E10	1.59257538902713E-02	1.42028411667589E-03	1E10	3.73528416423211	1.79856206395589E-03	1E10	0.462591421700261	1.83341925182964E-03	1E10	8.71213558099432E-02	1.04887441208116E-03	1E10	1.65552596657784E-02	1E-30	1.65730896298519E-11	6.02271864589845E-02	1E-30	8.57496663146127E-11	4.06937109546317E-02	1E-30	7.72156867219602E-10	1.87019158178489E-02	5.01815694961874E-05	6.97390060707021E-11	6.66714598175983E-03	3.64487837471958E-05	4.43232044771316E-11	4.85564557003301E-03	1.14765244035982E-11	6.09041721721214E-11	5.47175107665537	1.81255863871262E-12	1.77150597351655E-10	81.3461402387374	1E10	1E-30	1E-10	1E10	1E-30	1E-10	1E10	1E-30	1E-10	1E10	1E-30	1E-10
106	9.40238611983601E-06	1E10	5E7	1E-30	1.57303795677704E-10	1E10	1E-30	1E10	1.59257538902713E-02	1.42028411667589E-03	1E10	3.73528416423211	1.79856206395589E-03	1E10	0.462591421700261	1.83341925182964E-03	1E10	8.71213558099432E-02	1.04887441208116E-03	1E10	1.65552596657784E-02	1E-30	1.65730896298519E-11	6.02271864589845E-02	1E-30	8.57496663146127E-11	4.06937109546317E-02	1E-30	7.72156867219602E-10	1.87019158178489E-02	5.01815694961874E-05	6.97390060707021E-11	6.66714598175983E-03	3.64487837471958E-05	4.43232044771316E-11	4.85564557003301E-03	1.14765244035982E-11	6.09041721721214E-11	5.47175107665537	1.81255863871262E-12	1.77150597351655E-10	81.3461402387374	1E10	1E-30	1E-10	1E10	1E-30	1E-10	1E10	1E-30	1E-10	1E10	1E-30	1E-10
107	9.40238611983601E-06	1E10	5E7	1E-30	1.57303795677704E-10	1E10	1E-30	1E10	1.59257538902713E-02	1.42028411667589E-03	1E10	3.73528416423211	1.79856206395589E-03	1E10	0.462591421700261	1.83341925182964E-03	1E10	8.71213558099432E-02	1.04887441208116E-03	1E10	1.65552596657784E-02	1E-30	1.65730896298519E-11	6.02271864589845E-02	1E-30	8.57496663146127E-11	4.06937109546317E-02	1E-30	7.72156867219602E-10	1.87019158178489E-02	5.01815694961874E-05	6.97390060707021E-11	6.66714598175983E-03	3.64487837471958E-05	4.43232044771316E-11	4.85564557003301E-03	1.14765244035982E-11	6.09041721721214E-11	5.47175107665537	1.81255863871262E-12	1.77150597351655E-10	81.3461402387374	1E10	1E-30	1E-10	1E10	1E-30	1E-10	1E10	1E-30	1E-10	1E10	1E-30	1E-10
108	9.01068930477378E-06	1E10	5E7	1E-30	1.24737900876742E-10	1E10	1E-30	1E10	6.71466031459837E-03	1.43380003795457E-03	1E10	3.70007297342388	1.40217840328559E-03	1E10	0.724302772022945	1.38302352095565E-03	1E10	0.149808165088049	1.24541730632021E-03	1E10	0.027819197083166	7.46586691963313E-04	1E10	5.15195559436864E-03	1E-30	1.51536225069776E-11	6.93401372836903E-02	1E-30	9.83722214672452E-11	5.01695874178176E-02	1E-30	5.44268252647541E-10	0.018526993909925	2.92560540058654E-05	1.10529943305924E-10	6.21225434436564E-03	2.49581561803193E-05	5.76350249539561E-11	5.14321478065008E-03	8.50915380414658E-11	1.11402414211973E-11	1.71666276397225	1.34063063350462E-12	2.35559808324913E-10	49.5791345019745	1E10	1E-30	1E-10	1E10	1E-30	1E-10	1E10	1E-30	1E-10
109	9.01068930477378E-06	1E10	5E7	1E-30	1.24737900876742E-10	1E10	1E-30	1E10	6.71466031459837E-03	1.43380003795457E-03	1E10	3.70007297342388	1.40217840328559E-03	1E10	0.724302772022945	1.38302352095565E-03	1E10	0.149808165088049	1.24541730632021E-03	1E10	0.027819197083166	7.46586691963313E-04	1E10	5.15195559436864E-03	1E-30	1.51536225069776E-11	6.93401372836903E-02	1E-30	9.83722214672452E-11	5.01695874178176E-02	1E-30	5.44268252647541E-10	0.018526993909925	2.92560540058654E-05	1.10529943305924E-10	6.21225434436564E-03	2.49581561803193E-05	5.76350249539561E-11	5.14321478065008E-03	8.50915380414658E-11	1.11402414211973E-11	1.71666276397225	1.34063063350462E-12	2.35559808324913E-10	49.5791345019745	1E10	1E-30	1E-10	1E10	1E-30	1E-10	1E10	1E-30	1E-10
110	6.89543411595216E-06	1E10	5E6	1E-30	1.65330032057917E-10	1E10	1E-30	1E10	6.86300743267509E-03	1.59010689560568E-04	1E10	29.735315852302	2.13410380034943E-04	1E10	2.51597679687626	2.49047774145262E-04	1E10	0.32052826370874	1.86698301951472E-04	1E10	7.29683104208119E-02	1.0381253838963E-04	1E10	1.24138551116379E-02	1E-30	1.47611948741501E-11	0.100278204558994	1E-30	8.14389755358342E-11	5.76069842248687E-02	1E-30	5.61201994794977E-10	2.01628879825484E-02	2.60240698022867E-05	7.31070114451247E-11	4.88318555531144E-03	2.45848343074632E-05	3.55697252288005E-11	3.80358499063292E-03	2.27698763265081E-11	6.26596288043773E-11	5.16463907122649	1.5977811426931E-12	2.26095178863591E-10	127.588122676722	1E10	1E-30	1E-10	1E10	1E-30	1E-10	1E10	1E-30	1E-10
111	6.89543411595216E-06	1E10	5E6	1E-30	1.65330032057917E-10	1E10	1E-30	1E10	6.86300743267509E-03	1.59010689560568E-04	1E10	29.735315852302	2.13410380034943E-04	1E10	2.51597679687626	2.49047774145262E-04	1E10	0.32052826370874	1.86698301951472E-04	1E10	7.29683104208119E-02	1.0381253838963E-04	1E10	1.24138551116379E-02	1E-30	1.47611948741501E-11	0.100278204558994	1E-30	8.14389755358342E-11	5.76069842248687E-02	1E-30	5.61201994794977E-10	2.01628879825484E-02	2.60240698022867E-05	7.31070114451247E-11	4.88318555531144E-03	2.45848343074632E-05	3.55697252288005E-11	3.80358499063292E-03	2.27698763265081E-11	6.26596288043773E-11	5.16463907122649	1.5977811426931E-12	2.26095178863591E-10	127.588122676722	1E10	1E-30	1E-10	1E10	1E-30	1E-10	1E10	1E-30	1E-10
112	1.57922584553056E-05	1E10	2272727.27272727	1E-30	2.35106921572097E-10	1E10	1E-30	1E10	4.50223825350452E-03	3.3048451239785E-04	1E10	24.8366341817071	5.21136077203998E-04	1E10	1.63542300991097	4.94182132710243E-04	1E10	0.25601296315788	5.34515872045263E-04	1E10	3.92903604510702E-02	5.96506692283651E-04	1E10	6.73995612080355E-03	3.5217873455771E-04	1E10	3.30748756753356E-03	1E-30	2.51615414486209E-11	8.04544163729698E-02	1E-30	6.97772443781197E-11	3.40912301776338E-02	1E-30	4.30227067433962E-10	1.49861365853067E-02	3.80550174617425E-05	1.26472611434919E-10	4.51828582454381E-03	1.88891678778939E-05	1.06787626240354E-10	4.44355618755531E-03	2.06304603555286E-11	4.27439871192181E-11	4.20259591789122	2.25595759997615E-12	1.30160035999458E-10	57.3626490048637	1E10	1E-30	1E-10	1E10	1E-30	1E-10
113	1.57922584553056E-05	1E10	2272727.27272727	1E-30	2.35106921572097E-10	1E10	1E-30	1E10	4.50223825350452E-03	3.3048451239785E-04	1E10	24.8366341817071	5.21136077203998E-04	1E10	1.63542300991097	4.94182132710243E-04	1E10	0.25601296315788	5.34515872045263E-04	1E10	3.92903604510702E-02	5.96506692283651E-04	1E10	6.73995612080355E-03	3.5217873455771E-04	1E10	3.30748756753356E-03	1E-30	2.51615414486209E-11	8.04544163729698E-02	1E-30	6.97772443781197E-11	3.40912301776338E-02	1E-30	4.30227067433962E-10	1.49861365853067E-02	3.80550174617425E-05	1.26472611434919E-10	4.51828582454381E-03	1.88891678778939E-05	1.06787626240354E-10	4.44355618755531E-03	2.06304603555286E-11	4.27439871192181E-11	4.20259591789122	2.25595759997615E-12	1.30160035999458E-10	57.3626490048637	1E10	1E-30	1E-10	1E10	1E-30	1E-10
114	1.57922584553056E-05	1E10	2272727.27272727	1E-30	2.35106921572097E-10	1E10	1E-30	1E10	4.50223825350452E-03	3.3048451239785E-04	1E10	24.8366341817071	5.21136077203998E-04	1E10	1.63542300991097	4.94182132710243E-04	1E10	0.25601296315788	5.34515872045263E-04	1E10	3.92903604510702E-02	5.96506692283651E-04	1E10	6.73995612080355E-03	3.5217873455771E-04	1E10	3.30748756753356E-03	1E-30	2.51615414486209E-11	8.04544163729698E-02	1E-30	6.97772443781197E-11	3.40912301776338E-02	1E-30	4.30227067433962E-10	1.49861365853067E-02	3.80550174617425E-05	1.26472611434919E-10	4.51828582454381E-03	1.88891678778939E-05	1.06787626240354E-10	4.44355618755531E-03	2.06304603555286E-11	4.27439871192181E-11	4.20259591789122	2.25595759997615E-12	1.30160035999458E-10	57.3626490048637	1E10	1E-30	1E-10	1E10	1E-30	1E-10
115	1.57922584553056E-05	1E10	2272727.27272727	1E-30	2.35106921572097E-10	1E10	1E-30	1E10	4.50223825350452E-03	3.3048451239785E-04	1E10	24.8366341817071	5.21136077203998E-04	1E10	1.63542300991097	4.94182132710243E-04	1E10	0.25601296315788	5.34515872045263E-04	1E10	3.92903604510702E-02	5.96506692283651E-04	1E10	6.73995612080355E-03	3.5217873455771E-04	1E10	3.30748756753356E-03	1E-30	2.51615414486209E-11	8.04544163729698E-02	1E-30	6.97772443781197E-11	3.40912301776338E-02	1E-30	4.30227067433962E-10	1.49861365853067E-02	3.80550174617425E-05	1.26472611434919E-10	4.51828582454381E-03	1.88891678778939E-05	1.06787626240354E-10	4.44355618755531E-03	2.06304603555286E-11	4.27439871192181E-11	4.20259591789122	2.25595759997615E-12	1.30160035999458E-10	57.3626490048637	1E10	1E-30	1E-10	1E10	1E-30	1E-10
116	1.57922584553056E-05	1E10	2272727.27272727	1E-30	2.35106921572097E-10	1E10	1E-30	1E10	4.50223825350452E-03	3.3048451239785E-04	1E10	24.8366341817071	5.21136077203998E-04	1E10	1.63542300991097	4.94182132710243E-04	1E10	0.25601296315788	5.34515872045263E-04	1E10	3.92903604510702E-02	5.96506692283651E-04	1E10	6.73995612080355E-03	3.5217873455771E-04	1E10	3.30748756753356E-03	1E-30	2.51615414486209E-11	8.04544163729698E-02	1E-30	6.97772443781197E-11	3.40912301776338E-02	1E-30	4.30227067433962E-10	1.49861365853067E-02	3.80550174617425E-05	1.26472611434919E-10	4.51828582454381E-03	1.88891678778939E-05	1.06787626240354E-10	4.44355618755531E-03	2.06304603555286E-11	4.27439871192181E-11	4.20259591789122	2.25595759997615E-12	1.30160035999458E-10	57.3626490048637	1E10	1E-30	1E-10	1E10	1E-30	1E-10
END DSCRDATA
