BEGIN DSCRDATA
% INDEX	K01	L01	M01	K02	L02	M02	K03	L03	M03	K04	L04	M04	K05	L05	M05	K06	L06	M06	K07	L07	M07	K08	L08	M08	K09	L09	M09	K10	L10	M10	K11	L11	M11	K12	L12	M12	K13	L13	M13	K14	L14	M14	K15	L15	M15	K16	L16	M16	K17	L17	M17	K18	L18	M18
0	0	0	0	0	0	0	0	0	0	0	0	0	0	0	0	0	0	0	0	0	0	0	0	0	0	0	0	0	0	0	0	0	0	0	0	0	0	0	0	0	0	0	0	0	0	0	0	0	0	0	0	0	0	0
1	1.18951233550276E-09	1E10	1E10	1E-30	1.47257320175647E-11	1E10	1E-30	1E10	1.52703014597237E-02	1E-30	4.9251820488045E-11	2.13555755397878E-02	2.49455274730287E-09	2.43423980419558E-11	0.439496869928125	5.99224376011265E-10	2.88466494311852E-11	0.651944952561382	1.29167205087058E-12	5.36465613940008E-10	181.411916567363	1E10	1E-30	1E-10	1E10	1E-30	1E-10	1E10	1E-30	1E-10	1E10	1E-30	1E-10	1E10	1E-30	1E-10	1E10	1E-30	1E-10	1E10	1E-30	1E-10	1E10	1E-30	1E-10	1E10	1E-30	1E-10	1E10	1E-30	1E-10	1E10	1E-30	1E-10
2	1.22263508484337E-09	1E10	1E10	1E-30	1.04386337343178E-11	1E10	1E-30	1E10	4.5326038999115E-03	1E-30	1.34726315319229E-10	1.28282351408241	1E-30	5.54003593934782E-11	1.63897066877419E-02	2.34533222050818E-09	6.84378921243143E-11	2.22537594261582	1.33853343991408E-09	4.49276233721167E-11	1.58278660705095	3.62717564618656E-09	7.28396190139551E-12	0.399397422338846	2.53108277053696E-09	6.42899326918665E-12	0.388335860337634	1.3619698339053E-12	3.22673152149756E-10	215.703705606752	1E10	1E-30	1E-10	1E10	1E-30	1E-10	1E10	1E-30	1E-10	1E10	1E-30	1E-10	1E10	1E-30	1E-10	1E10	1E-30	1E-10	1E10	1E-30	1E-10	1E10	1E-30	1E-10
3	1.44713229537092E-09	1E10	1E10	1E-30	1.19531936524165E-11	1E10	1E-30	1E10	1.38540081699161E-02	1E-30	7.49348561263049E-11	1.19984092940671	1E-30	3.81502918142943E-11	1.73215541826378E-02	3.46314185548425E-09	2.57719733060942E-11	0.499347333375074	1.38557947852951E-09	1.89397592426271E-11	0.514339346654375	1.46863346801426E-12	4.61558018799274E-10	586.417404676227	1E10	1E-30	1E-10	1E10	1E-30	1E-10	1E10	1E-30	1E-10	1E10	1E-30	1E-10	1E10	1E-30	1E-10	1E10	1E-30	1E-10	1E10	1E-30	1E-10	1E10	1E-30	1E-10	1E10	1E-30	1E-10	1E10	1E-30	1E-10
4	1.49647814622433E-09	1E10	1E10	1E-30	1.89341536238757E-11	1E10	1E-30	1E10	4.57922459871559E-03	1E-30	1.48103401825498E-10	0.92127778122536	1E-30	6.03322460963645E-11	1.48488341995086E-02	2.44936678457889E-09	9.330967519972E-11	2.26339897568612	1.95363521326119E-09	4.32106941170448E-11	1.59883119450839	5.25073066922354E-09	7.57963904106562E-12	0.404199186960071	2.49838053022544E-09	9.36117439036649E-12	0.39445338087184	1.40279570772394E-12	3.39207747649392E-10	301.11177836787	1E10	1E-30	1E-10	1E10	1E-30	1E-10	1E10	1E-30	1E-10	1E10	1E-30	1E-10	1E10	1E-30	1E-10	1E10	1E-30	1E-10	1E10	1E-30	1E-10	1E10	1E-30	1E-10
5	1.79982377580543E-09	1E10	1E10	1E-30	6.49688325738772E-12	1E10	1E-30	1E10	1.25175824440249E-02	1E-30	8.27212897293033E-11	0.895482476920338	1E-30	4.33890691443196E-11	1.97001405854503E-02	4.55212699757256E-09	2.87373547490037E-11	0.53543103799143	1.6738400356736E-09	2.37296834726446E-11	0.526311373622421	1.5489830717824E-12	4.17919898591991E-10	250.630216838962	1E10	1E-30	1E-10	1E10	1E-30	1E-10	1E10	1E-30	1E-10	1E10	1E-30	1E-10	1E10	1E-30	1E-10	1E10	1E-30	1E-10	1E10	1E-30	1E-10	1E10	1E-30	1E-10	1E10	1E-30	1E-10	1E10	1E-30	1E-10
6	1.78332696330601E-09	1E10	1E10	1E-30	3.06175035720032E-11	1E10	1E-30	1E10	4.71713103645617E-03	1E-30	1.31764304810295E-10	0.925140466226439	1E-30	5.89079513340911E-11	1.42409043704444E-02	3.29273785839905E-09	9.08149198865714E-11	2.08579295722383	2.54735156885764E-09	4.49793659235471E-11	1.47767779095764	4.38789832059895E-09	1.22788860359915E-11	0.400219235337007	3.03749874563532E-09	1.04408676763615E-11	0.393834434263822	1.61403034319539E-12	4.36753908807407E-10	346.359318795566	1E10	1E-30	1E-10	1E10	1E-30	1E-10	1E10	1E-30	1E-10	1E10	1E-30	1E-10	1E10	1E-30	1E-10	1E10	1E-30	1E-10	1E10	1E-30	1E-10	1E10	1E-30	1E-10
7	2.18187235293239E-09	1E10	1E10	1E-30	1.20929702271363E-11	1E10	1E-30	1E10	9.5382473317522E-03	1E-30	9.10590400640279E-11	0.580447389791614	1E-30	4.57048964576719E-11	1.16694858520619E-02	4.67340239338542E-09	3.99010916320283E-11	0.616685384341122	2.02248216730137E-09	2.9048331728934E-11	0.601101135314234	1.2100054845439E-12	4.24964236220263E-10	219.508490354962	1E10	1E-30	1E-10	1E10	1E-30	1E-10	1E10	1E-30	1E-10	1E10	1E-30	1E-10	1E10	1E-30	1E-10	1E10	1E-30	1E-10	1E10	1E-30	1E-10	1E10	1E-30	1E-10	1E10	1E-30	1E-10	1E10	1E-30	1E-10
8	2.13673385269779E-09	1E10	1E10	1E-30	5.11852902789978E-11	1E10	1E-30	1E10	4.64196681186983E-03	1E-30	1.82184993377451E-10	0.884957682534687	1E-30	4.69819944896711E-11	1.13578231038048E-02	4.12270345413345E-09	9.56163726437223E-11	2.50706764873782	3.1488544529305E-09	4.79677811159052E-11	1.68855824834194	7.29387520351389E-09	9.96453863687765E-12	0.577414711674952	5.67316391402729E-09	8.08029780340436E-12	0.477258666397823	1.81508966497979E-12	3.4613890189538E-10	299.010084624371	1E10	1E-30	1E-10	1E10	1E-30	1E-10	1E10	1E-30	1E-10	1E10	1E-30	1E-10	1E10	1E-30	1E-10	1E10	1E-30	1E-10	1E10	1E-30	1E-10	1E10	1E-30	1E-10
9	5.63106924712045E-09	1E10	1E10	1E-30	2.52152534756535E-11	1E10	1E-30	1E10	5.31897894418496E-03	1E-30	1.10576015331962E-10	0.46136528237034	1E-30	3.633396542517E-11	8.97042155545429E-03	1.05814946295522E-08	7.58043690374265E-11	0.851287439860579	6.26848667103906E-09	4.61867041629467E-11	0.715415973196407	1.94660040523781E-08	6.79295780693774E-12	0.176321867478903	1.31802372980768E-08	6.06107592674907E-12	0.197127410098228	1.3459588255853E-12	3.94192440712635E-10	361.878278008819	1E10	1E-30	1E-10	1E10	1E-30	1E-10	1E10	1E-30	1E-10	1E10	1E-30	1E-10	1E10	1E-30	1E-10	1E10	1E-30	1E-10	1E10	1E-30	1E-10	1E10	1E-30	1E-10
10	6.7724057189372E-09	1E10	1E10	1E-30	9.90938746461317E-12	1E10	1E-30	1E10	4.50860671384428E-03	1E-30	1.45971678871818E-10	0.421364263113298	1E-30	2.28225593690267E-11	2.7389791591603E-03	1.04950720770887E-08	1.01565164276386E-10	0.828710445063078	9.056512756187E-09	4.47649569036404E-11	0.727399959875971	1.98987896399762E-08	9.54425434065679E-12	0.188148997406957	1.06548002912783E-08	1.08187994759809E-11	0.179870929311942	1.32600067575873E-12	3.49056927908478E-10	286.087672761048	1E10	1E-30	1E-10	1E10	1E-30	1E-10	1E10	1E-30	1E-10	1E10	1E-30	1E-10	1E10	1E-30	1E-10	1E10	1E-30	1E-10	1E10	1E-30	1E-10	1E10	1E-30	1E-10
11	6.63101564933017E-09	1E10	1E10	1E-30	4E-11	1E10	1E-30	1E10	0.0732	3.19273436661974E-07	1E10	8.30818377061949	4.66276936330663E-07	1E10	0.568885608140787	2.97724046832529E-07	1E10	9.71949114900415E-02	2.96256767224424E-07	1E10	2.68609801867126E-02	8.85205410737204E-13	1.69320483061794E-10	14.488146402675	4.46921832671499E-12	2.69891618397905E-10	8.90284001905535	1.35192573466626E-11	2.08182835138726E-10	18.5880978608774	7.28914781853992E-09	1.3900278354162E-11	9.70422496895302E-02	2.6340278538853E-08	1.42256855345942E-11	8.00889322464362E-02	1E10	1E-30	1E-10	1E10	1E-30	1E-10	1E10	1E-30	1E-10	1E10	1E-30	1E-10	1E10	1E-30	1E-10	1E10	1E-30	1E-10
12	8.25241431284924E-09	1E10	1E10	1E-30	9.13654929785239E-12	1E10	1E-30	1E10	4.25265242334485E-03	1E-30	1.19044993879654E-10	0.380477643315154	1E-30	4.65220606303627E-11	4.98724034410176E-03	1.641376089307E-08	8.87125813349682E-11	0.826122687004535	1.42743492273654E-08	3.88244693937135E-11	0.645165055908906	2.35715874616367E-08	1.10472100318064E-11	0.194729201030006	9.93293520470652E-09	1.57483870406053E-11	0.203348448866813	1.56388505962789E-12	4.59924723772894E-10	267.701471451656	1E10	1E-30	1E-10	1E10	1E-30	1E-10	1E10	1E-30	1E-10	1E10	1E-30	1E-10	1E10	1E-30	1E-10	1E10	1E-30	1E-10	1E10	1E-30	1E-10	1E10	1E-30	1E-10
13	9.94307128357755E-09	1E10	1E10	1E-30	1.14801024797152E-11	1E10	1E-30	1E10	4.0729436825975E-03	1E-30	2.04601924020921E-10	0.359358332425326	1E-30	2.25728605000967E-11	1.87839945194846E-03	1.41579951575958E-08	1.41968358062871E-10	1.06922053487532	1.44574534148078E-08	5.29139332549048E-11	0.731366986779428	4.5949959901818E-08	8.19136552404509E-12	0.257962866806634	2.17223479050454E-08	1.08995085671968E-11	0.22825048097177	1.61365270384218E-12	3.30431557060528E-10	580.825291447284	1E10	1E-30	1E-10	1E10	1E-30	1E-10	1E10	1E-30	1E-10	1E10	1E-30	1E-10	1E10	1E-30	1E-10	1E10	1E-30	1E-10	1E10	1E-30	1E-10	1E10	1E-30	1E-10
14	9.55183643848068E-09	1E10	1E10	1E-30	2E-11	1E10	1E-30	1E10	0.0496	4.86755038458479E-07	1E10	5.44952219347431	8.05445023874217E-07	1E10	0.395197532728813	6.12813616583165E-07	1E10	7.63858310475654E-02	2.81163703190461E-07	1E10	2.57299057915225E-02	1.30200392001607E-12	3.03982090620739E-10	19.9203402522298	7.60726153850085E-12	1.41330738912531E-10	8.71727089781266	1.7551986758398E-11	1.02624592404791E-10	9.4320513865477	6.4493481293035E-10	5.77584500259362E-11	0.189828300235794	6.88437077907034E-09	3.37868832389091E-11	0.145538929238702	1.91959715768358E-08	3.85555327324909E-11	0.106068991863116	1E10	1E-30	1E-10	1E10	1E-30	1E-10	1E10	1E-30	1E-10	1E10	1E-30	1E-10	1E10	1E-30	1E-10
15	1.43310402554536E-08	1E10	6666666666.66667	1E-30	3E-11	1E10	1E-30	1E10	0.04	7.90661391188496E-07	1E10	3.35489049348628	1.22995085409708E-06	1E10	0.258798865924984	8.99625898389528E-07	1E10	5.20330478077243E-02	4.64898134181451E-07	1E10	1.55610768535857E-02	1E-30	9.18003060242262E-11	0.241355331250741	9.73527626629257E-13	2.31280735865144E-10	21.7976958213233	6.36304658565886E-12	1.68966214511201E-10	10.4218252575871	1.32785389124063E-11	1.98502776180233E-10	16.0982484020303	1.04245985123894E-08	4.59330467758032E-11	0.134053895240531	4.42409833134705E-08	3.66433749175688E-11	0.112261004599422	1E10	1E-30	1E-10	1E10	1E-30	1E-10	1E10	1E-30	1E-10	1E10	1E-30	1E-10	1E10	1E-30	1E-10
16	1.43310402554536E-08	1E10	6666666666.66667	1E-30	3E-11	1E10	1E-30	1E10	0.04	7.90661391188496E-07	1E10	3.35489049348628	1.22995085409708E-06	1E10	0.258798865924984	8.99625898389528E-07	1E10	5.20330478077243E-02	4.64898134181451E-07	1E10	1.55610768535857E-02	1E-30	9.18003060242262E-11	0.241355331250741	9.73527626629257E-13	2.31280735865144E-10	21.7976958213233	6.36304658565886E-12	1.68966214511201E-10	10.4218252575871	1.32785389124063E-11	1.98502776180233E-10	16.0982484020303	1.04245985123894E-08	4.59330467758032E-11	0.134053895240531	4.42409833134705E-08	3.66433749175688E-11	0.112261004599422	1E10	1E-30	1E-10	1E10	1E-30	1E-10	1E10	1E-30	1E-10	1E10	1E-30	1E-10	1E10	1E-30	1E-10
17	2.10779909671429E-08	1E10	4545454545.45455	1E-30	1E-10	1E10	1E-30	1E10	0.022	1.31068113546528E-06	1E10	2.02381976293821	1.62850421501296E-06	1E10	0.195461505871053	1.16269250730782E-06	1E10	3.11101841184003E-02	8.43311768441852E-07	1E10	9.9329527532647E-03	1E-30	1.31803567967212E-10	0.192343643230165	1.96640270226772E-12	2.86957906656892E-10	33.4994671951361	1.18519991134804E-11	1.64908731643909E-10	13.9258844886421	1.90756392037712E-08	6.31575332246467E-11	0.151125028398083	4.45808815645711E-08	7.01465945994951E-11	0.168001262378516	1E10	1E-30	1E-10	1E10	1E-30	1E-10	1E10	1E-30	1E-10	1E10	1E-30	1E-10	1E10	1E-30	1E-10	1E10	1E-30	1E-10
18	2.10779909671429E-08	1E10	4545454545.45455	1E-30	1E-10	1E10	1E-30	1E10	0.022	1.31068113546528E-06	1E10	2.02381976293821	1.62850421501296E-06	1E10	0.195461505871053	1.16269250730782E-06	1E10	3.11101841184003E-02	8.43311768441852E-07	1E10	9.9329527532647E-03	1E-30	1.31803567967212E-10	0.192343643230165	1.96640270226772E-12	2.86957906656892E-10	33.4994671951361	1.18519991134804E-11	1.64908731643909E-10	13.9258844886421	1.90756392037712E-08	6.31575332246467E-11	0.151125028398083	4.45808815645711E-08	7.01465945994951E-11	0.168001262378516	1E10	1E-30	1E-10	1E10	1E-30	1E-10	1E10	1E-30	1E-10	1E10	1E-30	1E-10	1E10	1E-30	1E-10	1E10	1E-30	1E-10
19	3.13566165580736E-08	1E10	3030303030.30303	1E-30	1.2E-11	1E10	1E-30	1E10	0.022	2.20389773439462E-06	1E10	1.20358687404956	2.84430177953269E-06	1E10	0.111911432350223	2.84404321708205E-06	1E10	2.94530543765762E-02	1.73368365499457E-06	1E10	9.18016055774566E-03	1.49203079246917E-12	1.78894201777202E-10	18.7140372582226	4.2260388636217E-12	2.17464399456807E-10	14.3602185827187	1.34063219178204E-11	1.9041866325622E-10	16.9930496107046	3.82529862601204E-09	6.13128019221779E-11	9.90616361604276E-02	2.7962276762612E-08	5.3602004238562E-11	0.101725311836832	6.6181900109576E-08	6.29088615814808E-11	0.101017127574524	1E10	1E-30	1E-10	1E10	1E-30	1E-10	1E10	1E-30	1E-10	1E10	1E-30	1E-10	1E10	1E-30	1E-10
20	4.58630250956272E-08	1E10	2127659574.46808	1E-30	2E-11	1E10	1E-30	1E10	0.012	3.22787421075521E-06	1E10	0.616330333449776	4.69395291570145E-06	1E10	6.78127565189313E-02	2.31997238701026E-06	1E10	2.01770838489563E-02	1.16927441669028E-06	1E10	8.00672223933013E-03	1E-30	1.88701595116234E-10	0.16738547151186	1.25033237756891E-12	3.16544529041493E-10	59.4020502937222	1.739903625888E-11	5.82337907311538E-11	6.04202343588493	4.70820586429107E-08	5.96125375190021E-11	0.103020906491866	8.48001734520587E-08	8.87948004518722E-11	0.147870928258244	1E10	1E-30	1E-10	1E10	1E-30	1E-10	1E10	1E-30	1E-10	1E10	1E-30	1E-10	1E10	1E-30	1E-10	1E10	1E-30	1E-10
21	6.61565441114877E-08	1E10	1470588235.29412	1E-30	5E-11	1E10	1E-30	1E10	0.0195	4.4740891864993E-06	1E10	0.508179866201755	5.07418616703684E-06	1E10	5.22760162426982E-02	2.46554524270013E-06	1E10	1.07586035694075E-02	1.67011701478292E-12	3.82130993843229E-10	33.9202258058009	1.6134660335518E-11	1.441625834377E-10	9.05562639156259	2.411588829749E-09	7.00238105769764E-11	7.76422196064679E-02	4.93996204394965E-08	4.23771046527822E-11	4.91418058677297E-02	1.43181804159794E-07	4.60223778642339E-11	4.13526205938242E-02	1E10	1E-30	1E-10	1E10	1E-30	1E-10	1E10	1E-30	1E-10	1E10	1E-30	1E-10	1E10	1E-30	1E-10	1E10	1E-30	1E-10	1E10	1E-30	1E-10
22	9.49840735525324E-08	1E10	1E9	1E-30	9.2E-11	1E10	1E-30	1E10	0.0155	6.80758237661492E-06	1E10	0.292238371654922	1.04260948233566E-05	1E10	3.05301161726164E-02	6.72295994181314E-06	1E10	9.86389331419078E-03	3.75341266580138E-05	1E10	3.85479361808547E-04	1E-30	8.0515809487538E-11	7.14205766354498E-02	2.42045548683007E-12	1.16278830109131E-10	14.6120287375544	3.72983941977977E-12	2.51155932746207E-10	17.1016581148407	1.73647027724627E-11	1.73451042119779E-10	10.6081349317526	9.3984358505314E-08	4.7913969824911E-11	5.01753918687545E-02	2.33183531832067E-07	5.6109582136998E-11	4.45390470713382E-02	1E10	1E-30	1E-10	1E10	1E-30	1E-10	1E10	1E-30	1E-10	1E10	1E-30	1E-10	1E10	1E-30	1E-10
23	1.38557539008653E-07	1E10	666666666.666667	1E-30	5E-11	1E10	1E-30	1E10	0.0112	1.12542000970334E-05	1E10	0.176772828943489	1.5456964228422E-05	1E10	0.020593299012654	4.60383608845061E-06	1E10	7.85683444859655E-03	1.94306334956E-05	1E10	7.44629926422557E-04	1.30756791025005E-12	3.44392339559334E-10	42.3724570257588	1.5081880595932E-11	8.67519832762482E-11	8.15047889821358	2.41321847277345E-09	1.16627539327745E-10	7.24739777324107E-02	1.02802110577542E-07	5.02854281490455E-11	0.034343875842322	2.91242312621721E-07	5.71816362219368E-11	3.51851373181679E-02	1E10	1E-30	1E-10	1E10	1E-30	1E-10	1E10	1E-30	1E-10	1E10	1E-30	1E-10	1E10	1E-30	1E-10	1E10	1E-30	1E-10
24	2.10134693295233E-07	1E10	454545454.545455	1E-30	2.5E-11	1E10	1E-30	1E10	6.8E-3	1.57610099597323E-05	1E10	0.126225209788681	2.05978158409549E-05	1E10	1.28779789340128E-02	8.0658649835092E-06	1E10	5.19260858527329E-03	1E-30	2.38671003933407E-10	7.99794210754231E-02	1.70631714748219E-12	3.21042613857417E-10	33.5333073092268	1.49501666170974E-11	1.38311452371516E-10	9.82679718055696	3.04082294860884E-07	4.50518073131958E-11	4.03449781106555E-02	5.45399069062686E-07	6.37086412375361E-11	4.57747045887375E-02	1E10	1E-30	1E-10	1E10	1E-30	1E-10	1E10	1E-30	1E-10	1E10	1E-30	1E-10	1E10	1E-30	1E-10	1E10	1E-30	1E-10	1E10	1E-30	1E-10
25	9.79826698112061E-07	1E10	5E8	1E-30	1.13517093632716E-10	1E10	1E-30	1E10	5.00604899923974E-03	1.61743106409772E-04	1E10	32.7999436111319	1.81269440765759E-04	1E10	3.6844636989853	1.40261254164181E-04	1E10	0.599461310861184	1.09461740585933E-04	1E10	9.45010267670979E-02	2.77010651937122E-04	1E10	7.21136674997145E-03	9.91227097966044E-05	1E10	7.05546611992239E-03	1E-30	1.9132969887634E-10	3.78150418491523E-02	2.06876769257673E-06	8.97007112382638E-11	3.07728980229117E-02	1.13542667732608E-06	6.69439002290372E-11	2.33619875051001E-02	1.37635751386301E-11	1.52760851391444E-10	12.8483205763399	3.03022038130374E-12	2.44407509544241E-10	31.7894183518409	1E10	1E-30	1E-10	1E10	1E-30	1E-10	1E10	1E-30	1E-10	1E10	1E-30	1E-10
26	4.468093078235E-06	1E10	10638297.8723404	1E-30	1.05106207065561E-10	1E10	1E-30	1E10	2.20078252590026E-03	8.03582564559535E-04	1E10	10.4632926338292	5.98375023229991E-04	1E10	2.20997154180975	4.16623791724342E-04	1E10	0.493017529598222	4.22345577318825E-04	1E10	5.60540126958333E-02	4.33244493203332E-04	1E10	6.18579324025702E-03	2.93625076357943E-04	1E10	1.6309689013387E-03	1E-30	1.12609291202538E-11	8.42170041285939E-02	1E-30	3.42144122192313E-11	3.30645336029666E-02	1E-30	2.83070976405254E-10	0.02279144343746	8.28546083226807E-06	1.21291160660114E-10	1.50508005268429E-02	5.04187313354672E-06	8.19184620971203E-11	1.12692853267176E-02	2.11928798515064E-11	5.60451885960583E-11	5.04238238283195	2.1561097172203E-12	1.65124547125495E-10	59.1035353637779	1E10	1E-30	1E-10	1E10	1E-30	1E-10
27	4.468093078235E-06	1E10	10638297.8723404	1E-30	1.05106207065561E-10	1E10	1E-30	1E10	2.20078252590026E-03	8.03582564559535E-04	1E10	10.4632926338292	5.98375023229991E-04	1E10	2.20997154180975	4.16623791724342E-04	1E10	0.493017529598222	4.22345577318825E-04	1E10	5.60540126958333E-02	4.33244493203332E-04	1E10	6.18579324025702E-03	2.93625076357943E-04	1E10	1.6309689013387E-03	1E-30	1.12609291202538E-11	8.42170041285939E-02	1E-30	3.42144122192313E-11	3.30645336029666E-02	1E-30	2.83070976405254E-10	0.02279144343746	8.28546083226807E-06	1.21291160660114E-10	1.50508005268429E-02	5.04187313354672E-06	8.19184620971203E-11	1.12692853267176E-02	2.11928798515064E-11	5.60451885960583E-11	5.04238238283195	2.1561097172203E-12	1.65124547125495E-10	59.1035353637779	1E10	1E-30	1E-10	1E10	1E-30	1E-10
28	4.468093078235E-06	1E10	10638297.8723404	1E-30	1.05106207065561E-10	1E10	1E-30	1E10	2.20078252590026E-03	8.03582564559535E-04	1E10	10.4632926338292	5.98375023229991E-04	1E10	2.20997154180975	4.16623791724342E-04	1E10	0.493017529598222	4.22345577318825E-04	1E10	5.60540126958333E-02	4.33244493203332E-04	1E10	6.18579324025702E-03	2.93625076357943E-04	1E10	1.6309689013387E-03	1E-30	1.12609291202538E-11	8.42170041285939E-02	1E-30	3.42144122192313E-11	3.30645336029666E-02	1E-30	2.83070976405254E-10	0.02279144343746	8.28546083226807E-06	1.21291160660114E-10	1.50508005268429E-02	5.04187313354672E-06	8.19184620971203E-11	1.12692853267176E-02	2.11928798515064E-11	5.60451885960583E-11	5.04238238283195	2.1561097172203E-12	1.65124547125495E-10	59.1035353637779	1E10	1E-30	1E-10	1E10	1E-30	1E-10
29	4.468093078235E-06	1E10	10638297.8723404	1E-30	1.05106207065561E-10	1E10	1E-30	1E10	2.20078252590026E-03	8.03582564559535E-04	1E10	10.4632926338292	5.98375023229991E-04	1E10	2.20997154180975	4.16623791724342E-04	1E10	0.493017529598222	4.22345577318825E-04	1E10	5.60540126958333E-02	4.33244493203332E-04	1E10	6.18579324025702E-03	2.93625076357943E-04	1E10	1.6309689013387E-03	1E-30	1.12609291202538E-11	8.42170041285939E-02	1E-30	3.42144122192313E-11	3.30645336029666E-02	1E-30	2.83070976405254E-10	0.02279144343746	8.28546083226807E-06	1.21291160660114E-10	1.50508005268429E-02	5.04187313354672E-06	8.19184620971203E-11	1.12692853267176E-02	2.11928798515064E-11	5.60451885960583E-11	5.04238238283195	2.1561097172203E-12	1.65124547125495E-10	59.1035353637779	1E10	1E-30	1E-10	1E10	1E-30	1E-10
30	4.468093078235E-06	1E10	10638297.8723404	1E-30	1.05106207065561E-10	1E10	1E-30	1E10	2.20078252590026E-03	8.03582564559535E-04	1E10	10.4632926338292	5.98375023229991E-04	1E10	2.20997154180975	4.16623791724342E-04	1E10	0.493017529598222	4.22345577318825E-04	1E10	5.60540126958333E-02	4.33244493203332E-04	1E10	6.18579324025702E-03	2.93625076357943E-04	1E10	1.6309689013387E-03	1E-30	1.12609291202538E-11	8.42170041285939E-02	1E-30	3.42144122192313E-11	3.30645336029666E-02	1E-30	2.83070976405254E-10	0.02279144343746	8.28546083226807E-06	1.21291160660114E-10	1.50508005268429E-02	5.04187313354672E-06	8.19184620971203E-11	1.12692853267176E-02	2.11928798515064E-11	5.60451885960583E-11	5.04238238283195	2.1561097172203E-12	1.65124547125495E-10	59.1035353637779	1E10	1E-30	1E-10	1E10	1E-30	1E-10
31	4.57735352386479E-06	1E10	106382978.723404	1E-30	1.06098796922719E-10	1E10	1E-30	1E10	2.17213162469046E-03	7.19082169237483E-04	1E10	7.04563850899895	1.29099053202208E-03	1E10	0.651292114068388	7.30143573574889E-04	1E10	0.229768563909825	6.67454880754724E-04	1E10	4.07640160340024E-02	7.04242044055333E-04	1E10	6.08272499724806E-03	7.17596827037859E-04	1E10	1.31635559710635E-03	1E-30	2.68533837295606E-11	3.37449572195261E-02	1E-30	3.22856268921793E-10	2.33786094717105E-02	9.0697338394622E-06	1.22546636461703E-10	1.75479177128016E-02	5.8333633044151E-06	8.20543108737691E-11	1.29921734999149E-02	1.49974244677816E-11	4.58667226756508E-11	3.84391214128622	2.21246096486177E-12	1.5901282373439E-10	46.4455932606577	1E10	1E-30	1E-10	1E10	1E-30	1E-10	1E10	1E-30	1E-10
32	4.73870516653118E-06	1E10	106382978.723404	1E-30	8.51145921299093E-11	1E10	1E-30	1E10	2.09592257998543E-03	4.49083429893749E-04	1E10	10.7738728541096	5.8485314646361E-04	1E10	0.729753113559781	4.98616411491774E-04	1E10	9.68969910679052E-02	5.07051933505254E-04	1E10	9.70363256476413E-03	7.8464911049363E-04	1E10	1.32206540258701E-03	1E-30	2.25506519418864E-11	3.50650215856306E-02	1E-30	2.94409464935392E-10	2.65939588384348E-02	7.73932866700071E-06	1.53452777021892E-10	2.39937056878997E-02	5.57375841567359E-06	8.83808593567941E-11	1.44916146727011E-02	3.44064650200188E-11	5.12417967724702E-11	5.98165076874135	2.02023239624446E-12	2.00807682156243E-10	88.3583080643185	1E10	1E-30	1E-10	1E10	1E-30	1E-10	1E10	1E-30	1E-10	1E10	1E-30	1E-10
33	4.64862285226057E-06	1E10	106382978.723404	1E-30	6.76952000025265E-11	1E10	1E-30	1E10	2.38758342751335E-03	5.09320154972627E-04	1E10	8.56706846400431	4.91064321891624E-04	1E10	0.881508834262649	4.96182758759717E-04	1E10	0.095579181506898	5.26849654465539E-04	1E10	1.44121780315767E-02	4.11567593553818E-04	1E10	2.83021988208848E-03	1E-30	2.48294221223902E-11	3.13904769566814E-02	1E-30	2.69788641588195E-10	2.55266462133221E-02	7.85880065926358E-06	1.38756368026058E-10	1.84040810365374E-02	4.60639086507236E-06	9.79054513504597E-11	1.25194158947899E-02	3.02628233037254E-11	7.15748383002069E-11	3.84431727188796	2.22039191092139E-12	2.30028532879603E-10	78.7882430914671	1E10	1E-30	1E-10	1E10	1E-30	1E-10	1E10	1E-30	1E-10	1E10	1E-30	1E-10
34	9.48037250647664E-06	1E10	5E7	1E-30	1.29750442911905E-10	1E10	1E-30	1E10	1.51279196014176E-03	2.13400193530125E-03	1E10	1.81743238935131	4.84369061752413E-03	1E10	0.15380661028383	3.68367754810413E-03	1E10	0.108128296127387	2.2654805806474E-03	1E10	4.39774698062643E-02	2.21239576760298E-03	1E10	1.06508385097064E-02	1.6390627488756E-03	1E10	2.33893263558679E-03	1E-30	7.95643563132488E-12	4.17569530656214E-02	1E-30	4.27594226197743E-11	0.026013118364293	1E-30	4.74229611334014E-10	1.86819497469553E-02	2.09792640406404E-05	1.2507674972366E-10	1.13501052285269E-02	2.09681509069267E-05	5.76480825422961E-11	6.97289171284845E-03	4.40768196956402E-11	5.15994626105691E-11	2.70307165136464	3.81920544071623E-12	9.37198870758524E-11	14.2108903471645	1E10	1E-30	1E-10	1E10	1E-30	1E-10
35	9.48037250647664E-06	1E10	5E7	1E-30	1.29750442911905E-10	1E10	1E-30	1E10	1.51279196014176E-03	2.13400193530125E-03	1E10	1.81743238935131	4.84369061752413E-03	1E10	0.15380661028383	3.68367754810413E-03	1E10	0.108128296127387	2.2654805806474E-03	1E10	4.39774698062643E-02	2.21239576760298E-03	1E10	1.06508385097064E-02	1.6390627488756E-03	1E10	2.33893263558679E-03	1E-30	7.95643563132488E-12	4.17569530656214E-02	1E-30	4.27594226197743E-11	0.026013118364293	1E-30	4.74229611334014E-10	1.86819497469553E-02	2.09792640406404E-05	1.2507674972366E-10	1.13501052285269E-02	2.09681509069267E-05	5.76480825422961E-11	6.97289171284845E-03	4.40768196956402E-11	5.15994626105691E-11	2.70307165136464	3.81920544071623E-12	9.37198870758524E-11	14.2108903471645	1E10	1E-30	1E-10	1E10	1E-30	1E-10
36	9.48037250647664E-06	1E10	5E7	1E-30	1.29750442911905E-10	1E10	1E-30	1E10	1.51279196014176E-03	2.13400193530125E-03	1E10	1.81743238935131	4.84369061752413E-03	1E10	0.15380661028383	3.68367754810413E-03	1E10	0.108128296127387	2.2654805806474E-03	1E10	4.39774698062643E-02	2.21239576760298E-03	1E10	1.06508385097064E-02	1.6390627488756E-03	1E10	2.33893263558679E-03	1E-30	7.95643563132488E-12	4.17569530656214E-02	1E-30	4.27594226197743E-11	0.026013118364293	1E-30	4.74229611334014E-10	1.86819497469553E-02	2.09792640406404E-05	1.2507674972366E-10	1.13501052285269E-02	2.09681509069267E-05	5.76480825422961E-11	6.97289171284845E-03	4.40768196956402E-11	5.15994626105691E-11	2.70307165136464	3.81920544071623E-12	9.37198870758524E-11	14.2108903471645	1E10	1E-30	1E-10	1E10	1E-30	1E-10
37	9.48037250647664E-06	1E10	5E7	1E-30	1.29750442911905E-10	1E10	1E-30	1E10	1.51279196014176E-03	2.13400193530125E-03	1E10	1.81743238935131	4.84369061752413E-03	1E10	0.15380661028383	3.68367754810413E-03	1E10	0.108128296127387	2.2654805806474E-03	1E10	4.39774698062643E-02	2.21239576760298E-03	1E10	1.06508385097064E-02	1.6390627488756E-03	1E10	2.33893263558679E-03	1E-30	7.95643563132488E-12	4.17569530656214E-02	1E-30	4.27594226197743E-11	0.026013118364293	1E-30	4.74229611334014E-10	1.86819497469553E-02	2.09792640406404E-05	1.2507674972366E-10	1.13501052285269E-02	2.09681509069267E-05	5.76480825422961E-11	6.97289171284845E-03	4.40768196956402E-11	5.15994626105691E-11	2.70307165136464	3.81920544071623E-12	9.37198870758524E-11	14.2108903471645	1E10	1E-30	1E-10	1E10	1E-30	1E-10
38	9.48037250647664E-06	1E10	5E7	1E-30	1.29750442911905E-10	1E10	1E-30	1E10	1.51279196014176E-03	2.13400193530125E-03	1E10	1.81743238935131	4.84369061752413E-03	1E10	0.15380661028383	3.68367754810413E-03	1E10	0.108128296127387	2.2654805806474E-03	1E10	4.39774698062643E-02	2.21239576760298E-03	1E10	1.06508385097064E-02	1.6390627488756E-03	1E10	2.33893263558679E-03	1E-30	7.95643563132488E-12	4.17569530656214E-02	1E-30	4.27594226197743E-11	0.026013118364293	1E-30	4.74229611334014E-10	1.86819497469553E-02	2.09792640406404E-05	1.2507674972366E-10	1.13501052285269E-02	2.09681509069267E-05	5.76480825422961E-11	6.97289171284845E-03	4.40768196956402E-11	5.15994626105691E-11	2.70307165136464	3.81920544071623E-12	9.37198870758524E-11	14.2108903471645	1E10	1E-30	1E-10	1E10	1E-30	1E-10
39	9.49529573674748E-06	1E10	5E7	1E-30	6.2529709167734E-11	1E10	1E-30	1E10	1.63535291791096E-03	2.56738524586547E-03	1E10	2.06636880003627	1.75664244240778E-03	1E10	0.457104509044312	1.20782152010697E-03	1E10	9.17690241680581E-02	1.48402229920291E-03	1E10	1.13046846020035E-02	1.22437752562998E-03	1E10	1.63645769443496E-03	1E-30	1.21472655135965E-11	3.30095123939024E-02	1E-30	2.71125900229556E-11	2.10078143611554E-02	1E-30	3.58648588585412E-10	0.018186913759865	1.62494886180856E-05	1.5464647784723E-10	1.22430732154516E-02	1.21271384019704E-05	9.04211340031081E-11	1.00952817757539E-02	1.12284685564847E-11	6.23004539738401E-11	7.08711710289201	1.63141508769737E-12	1.92279621182384E-10	97.5563756226694	1E10	1E-30	1E-10	1E10	1E-30	1E-10	1E10	1E-30	1E-10
40	9.92549528753809E-06	1E10	5E7	1E-30	5.11171456726538E-11	1E10	1E-30	1E10	1.53876174516766E-03	1.06480075481195E-03	1E10	4.64594133164647	1.29491544540255E-03	1E10	0.36981232090168	1.0650596796422E-03	1E10	4.86074587411585E-02	1.4821390093075E-03	1E10	4.17924516336001E-03	2.16668486917685E-03	1E10	1.02911945628149E-03	1E-30	2.81538962947299E-11	3.31075926310241E-02	1E-30	3.55007221149852E-10	0.020291853579633	1.93890730811204E-05	1.46019518477799E-10	1.50240690658625E-02	1.0971273095237E-05	1.12525229940435E-10	1.05300745546912E-02	3.28338664151951E-11	4.83989523312384E-11	5.3146288235445	1.93884590679896E-12	2.24109959335889E-10	108.13691069528	1E10	1E-30	1E-10	1E10	1E-30	1E-10	1E10	1E-30	1E-10	1E10	1E-30	1E-10
41	9.74366053633701E-06	1E10	5E7	1E-30	4.99609353528384E-11	1E10	1E-30	1E10	1.44949673778491E-03	2.1817254113958E-03	1E10	2.96267035047163	2.56728604277046E-03	1E10	0.502353186656698	1.42646250251932E-03	1E10	0.173586902158415	1.44859527978552E-03	1E10	0.025532061060064	9.64368360998561E-04	1E10	3.94290035362698E-03	1E-30	3.47973293993382E-11	2.96976669165664E-02	1E-30	3.53257397862731E-10	1.88817953699834E-02	1.85000980182531E-05	1.51009930392835E-10	1.36231136020853E-02	1.18705805753913E-05	1.03804794528051E-10	1.00105661494393E-02	2.433318947172E-11	6.48580972523701E-11	5.37411683588109	2.1013871081704E-12	2.00435601067643E-10	99.7594680539855	1E10	1E-30	1E-10	1E10	1E-30	1E-10	1E10	1E-30	1E-10	1E10	1E-30	1E-10
42	2.04863144990107E-05	1E10	2272727.27272727	1E-30	3.83933436461359E-11	1E10	1E-30	1E10	1.14454741314313E-03	3.27534728855513E-03	1E10	1.77599411130593	3.53900467555998E-03	1E10	0.187616167424162	2.61391334402758E-03	1E10	2.70625241837307E-02	4.41774493513072E-03	1E10	1.39013068139036E-03	1E-30	9.45016065878903E-12	2.40766012670596E-02	1E-30	4.32355338384628E-11	1.91281095294757E-02	1E-30	4.64195916387623E-10	1.38422006722617E-02	3.23105189522972E-05	1.96324463239131E-10	7.79565777351302E-03	3.91895422694405E-05	7.11606118434631E-11	4.80459562575462E-03	5.30897134599222E-11	3.78256777442064E-11	2.4882677269603	1.61833755186576E-12	2.01095903261269E-10	97.8068947358306	1E10	1E-30	1E-10	1E10	1E-30	1E-10	1E10	1E-30	1E-10	1E10	1E-30	1E-10
43	2.04863144990107E-05	1E10	2272727.27272727	1E-30	3.83933436461359E-11	1E10	1E-30	1E10	1.14454741314313E-03	3.27534728855513E-03	1E10	1.77599411130593	3.53900467555998E-03	1E10	0.187616167424162	2.61391334402758E-03	1E10	2.70625241837307E-02	4.41774493513072E-03	1E10	1.39013068139036E-03	1E-30	9.45016065878903E-12	2.40766012670596E-02	1E-30	4.32355338384628E-11	1.91281095294757E-02	1E-30	4.64195916387623E-10	1.38422006722617E-02	3.23105189522972E-05	1.96324463239131E-10	7.79565777351302E-03	3.91895422694405E-05	7.11606118434631E-11	4.80459562575462E-03	5.30897134599222E-11	3.78256777442064E-11	2.4882677269603	1.61833755186576E-12	2.01095903261269E-10	97.8068947358306	1E10	1E-30	1E-10	1E10	1E-30	1E-10	1E10	1E-30	1E-10	1E10	1E-30	1E-10
44	2.04863144990107E-05	1E10	2272727.27272727	1E-30	3.83933436461359E-11	1E10	1E-30	1E10	1.14454741314313E-03	3.27534728855513E-03	1E10	1.77599411130593	3.53900467555998E-03	1E10	0.187616167424162	2.61391334402758E-03	1E10	2.70625241837307E-02	4.41774493513072E-03	1E10	1.39013068139036E-03	1E-30	9.45016065878903E-12	2.40766012670596E-02	1E-30	4.32355338384628E-11	1.91281095294757E-02	1E-30	4.64195916387623E-10	1.38422006722617E-02	3.23105189522972E-05	1.96324463239131E-10	7.79565777351302E-03	3.91895422694405E-05	7.11606118434631E-11	4.80459562575462E-03	5.30897134599222E-11	3.78256777442064E-11	2.4882677269603	1.61833755186576E-12	2.01095903261269E-10	97.8068947358306	1E10	1E-30	1E-10	1E10	1E-30	1E-10	1E10	1E-30	1E-10	1E10	1E-30	1E-10
45	2.19131162428846E-05	1E10	2272727.27272727	1E-30	1.15984324154615E-11	1E10	1E-30	1E10	1.32258528630536E-03	3.36877976100373E-03	1E10	1.46969175459303	2.9789874388152E-03	1E10	0.21410667394315	2.21505238530553E-03	1E10	0.03709495728379	3.52404175199727E-03	1E10	2.67705831564784E-03	6.57554934831914E-03	1E10	4.99297773173443E-04	1E-30	2.42811918035578E-11	0.038140806895231	1E-30	4.68367122925183E-10	1.35729738205594E-02	1E-30	2.93056729664856E-11	8.07522778874523E-03	4.11307480568906E-05	1.83288145753863E-10	8.48561882061064E-03	3.12557256752256E-05	1.03900125962021E-10	5.99061789399729E-03	1.24069393170354E-11	5.5987650674009E-11	5.52159075139282	1.53849734631034E-12	2.22980316687456E-10	147.783293199864	1E10	1E-30	1E-10	1E10	1E-30	1E-10	1E10	1E-30	1E-10
46	2.19131162428846E-05	1E10	2272727.27272727	1E-30	1.15984324154615E-11	1E10	1E-30	1E10	1.32258528630536E-03	3.36877976100373E-03	1E10	1.46969175459303	2.9789874388152E-03	1E10	0.21410667394315	2.21505238530553E-03	1E10	0.03709495728379	3.52404175199727E-03	1E10	2.67705831564784E-03	6.57554934831914E-03	1E10	4.99297773173443E-04	1E-30	2.42811918035578E-11	0.038140806895231	1E-30	4.68367122925183E-10	1.35729738205594E-02	1E-30	2.93056729664856E-11	8.07522778874523E-03	4.11307480568906E-05	1.83288145753863E-10	8.48561882061064E-03	3.12557256752256E-05	1.03900125962021E-10	5.99061789399729E-03	1.24069393170354E-11	5.5987650674009E-11	5.52159075139282	1.53849734631034E-12	2.22980316687456E-10	147.783293199864	1E10	1E-30	1E-10	1E10	1E-30	1E-10	1E10	1E-30	1E-10
47	1.65603338709072E-05	1E10	2272727.27272727	1E-30	5.16517114151418E-11	1E10	1E-30	1E10	1.85616792933305E-03	4.66033772270929E-04	1E10	11.3836487512018	6.59175761264526E-04	1E10	0.894499318399559	5.0968519685116E-04	1E10	0.127871817990008	4.52265214626934E-04	1E10	1.27818465838481E-02	7.09979747441859E-04	1E10	1.46110849766071E-03	1E-30	4.40627800640334E-11	0.033363514094449	1E-30	3.21067059096279E-10	1.66472444725231E-02	2.77682760588254E-05	1.76960802555964E-10	1.00510400795909E-02	1.37357333147671E-05	1.53398401510444E-10	8.9052638915788E-03	4.1674647891702E-11	4.50176973156048E-11	4.9745714015608	1.82555725550703E-12	2.60260399145082E-10	68.8582141669464	1E10	1E-30	1E-10	1E10	1E-30	1E-10	1E10	1E-30	1E-10	1E10	1E-30	1E-10
48	1.80799005764282E-05	1E10	2272727.27272727	1E-30	3E-11	1E10	1E-30	1E10	1.69923012086673E-03	6.83855386233457E-04	1E10	10.2266785458365	7.19230228544891E-04	1E10	1.40550030711227	6.47192064986789E-04	1E10	0.196637205227635	6.4970381178094E-04	1E10	3.03377565650546E-02	6.07166502985837E-04	1E10	5.339275520951E-3	1.04442835397443E-03	1E10	7.79671182484796E-04	1E-30	1.42499094948868E-11	3.69431510939632E-02	1E-30	3.64205821215294E-11	1.72769374138208E-02	1E-30	4.12025266493878E-10	1.35503712745596E-02	3.31280725709636E-05	1.4345539492263E-10	8.73496709425461E-03	2.41909751469802E-05	8.72580778461177E-11	6.57910407186552E-03	1.47913299667026E-11	7.14140821930085E-11	10.2476340274482	1.47020291678138E-12	2.51006927932329E-10	108.253725574374	1E10	1E-30	1E-10	1E10	1E-30	1E-10
49	3.80950984158781E-05	1E10	1063829.78723404	1E-30	7.50641616286818E-11	1E10	1E-30	1E10	1.08202299385787E-03	1.3883698923425E-03	1E10	3.29092445536199	2.36748749603181E-03	1E10	0.256448875657451	1.99065621230075E-03	1E10	5.51092756846504E-02	2.08647273290211E-03	1E10	8.61429017462205E-03	1.3706894392055E-03	1E10	1.8506884855868E-03	1E-30	1.21887234523767E-11	1.80288685109827E-02	1E-30	5.49248967710394E-11	1.43063074531632E-02	1E-30	5.25421091875266E-10	8.21655497655746E-03	1.06540847192419E-04	1.04078986996694E-10	3.2757055595704E-03	1.0248201662874E-04	5.06471384808097E-11	2.50815774831138E-03	3.64303507127902E-11	7.97975763297855E-11	9.91667723109376	2.20826088889764E-12	2.51201846150111E-10	63.5122886118748	1E10	1E-30	1E-10	1E10	1E-30	1E-10	1E10	1E-30	1E-10
50	3.80950984158781E-05	1E10	1063829.78723404	1E-30	7.50641616286818E-11	1E10	1E-30	1E10	1.08202299385787E-03	1.3883698923425E-03	1E10	3.29092445536199	2.36748749603181E-03	1E10	0.256448875657451	1.99065621230075E-03	1E10	5.51092756846504E-02	2.08647273290211E-03	1E10	8.61429017462205E-03	1.3706894392055E-03	1E10	1.8506884855868E-03	1E-30	1.21887234523767E-11	1.80288685109827E-02	1E-30	5.49248967710394E-11	1.43063074531632E-02	1E-30	5.25421091875266E-10	8.21655497655746E-03	1.06540847192419E-04	1.04078986996694E-10	3.2757055595704E-03	1.0248201662874E-04	5.06471384808097E-11	2.50815774831138E-03	3.64303507127902E-11	7.97975763297855E-11	9.91667723109376	2.20826088889764E-12	2.51201846150111E-10	63.5122886118748	1E10	1E-30	1E-10	1E10	1E-30	1E-10	1E10	1E-30	1E-10
51	3.11963203017336E-05	1E10	1063829.78723404	1E-30	1.04857012576751E-10	1E10	1E-30	1E10	1.2464048303896E-03	9.60660152617434E-04	1E10	1.40608464789411	1.10745600944707E-03	1E10	0.134960938480935	1.00790377590314E-03	1E10	1.71637289403427E-02	7.40338784858914E-04	1E10	2.30331055351562E-03	1E-30	1.72953917993103E-11	2.33454691494095E-02	1E-30	4.69152047510635E-11	1.35827105238383E-02	1E-30	4.34949902069268E-10	1.05346836909917E-02	7.35133498560654E-05	1.35628477896341E-10	4.81207643987197E-03	3.32173313942785E-05	1.34263265164384E-10	4.31907192952351E-03	2.94937800494723E-11	7.86125950010346E-11	10.3620019391649	6.37292334524462E-12	1.57241872404556E-10	28.0220553844218	5.46852165850896E-12	1.22848599910861E-10	25.2852288414943	1E10	1E-30	1E-10	1E10	1E-30	1E-10	1E10	1E-30	1E-10
52	3.11963203017336E-05	1E10	1063829.78723404	1E-30	1.04857012576751E-10	1E10	1E-30	1E10	1.2464048303896E-03	9.60660152617434E-04	1E10	1.40608464789411	1.10745600944707E-03	1E10	0.134960938480935	1.00790377590314E-03	1E10	1.71637289403427E-02	7.40338784858914E-04	1E10	2.30331055351562E-03	1E-30	1.72953917993103E-11	2.33454691494095E-02	1E-30	4.69152047510635E-11	1.35827105238383E-02	1E-30	4.34949902069268E-10	1.05346836909917E-02	7.35133498560654E-05	1.35628477896341E-10	4.81207643987197E-03	3.32173313942785E-05	1.34263265164384E-10	4.31907192952351E-03	2.94937800494723E-11	7.86125950010346E-11	10.3620019391649	6.37292334524462E-12	1.57241872404556E-10	28.0220553844218	5.46852165850896E-12	1.22848599910861E-10	25.2852288414943	1E10	1E-30	1E-10	1E10	1E-30	1E-10	1E10	1E-30	1E-10
53	3.11963203017336E-05	1E10	1063829.78723404	1E-30	1.04857012576751E-10	1E10	1E-30	1E10	1.2464048303896E-03	9.60660152617434E-04	1E10	1.40608464789411	1.10745600944707E-03	1E10	0.134960938480935	1.00790377590314E-03	1E10	1.71637289403427E-02	7.40338784858914E-04	1E10	2.30331055351562E-03	1E-30	1.72953917993103E-11	2.33454691494095E-02	1E-30	4.69152047510635E-11	1.35827105238383E-02	1E-30	4.34949902069268E-10	1.05346836909917E-02	7.35133498560654E-05	1.35628477896341E-10	4.81207643987197E-03	3.32173313942785E-05	1.34263265164384E-10	4.31907192952351E-03	2.94937800494723E-11	7.86125950010346E-11	10.3620019391649	6.37292334524462E-12	1.57241872404556E-10	28.0220553844218	5.46852165850896E-12	1.22848599910861E-10	25.2852288414943	1E10	1E-30	1E-10	1E10	1E-30	1E-10	1E10	1E-30	1E-10
END DSCRDATA
