BEGIN DSCRDATA
% INDEX	K01	L01	M01	K02	L02	M02	K03	L03	M03	K04	L04	M04	K05	L05	M05	K06	L06	M06	K07	L07	M07	K08	L08	M08	K09	L09	M09	K10	L10	M10	K11	L11	M11	K12	L12	M12	K13	L13	M13	K14	L14	M14	K15	L15	M15	K16	L16	M16	K17	L17	M17	K18	L18	M18
0	0	0	0	0	0	0	0	0	0	0	0	0	0	0	0	0	0	0	0	0	0	0	0	0	0	0	0	0	0	0	0	0	0	0	0	0	0	0	0	0	0	0	0	0	0	0	0	0	0	0	0	0	0	0
1	5E-13	1E10	1E11	1E-30	5.25246082422585E-10	1E10	1E-30	1E10	0.820882433352223	1E-30	1.37347103896396E-11	0.733530709407677	1E10	1E-30	1E-10	1E10	1E-30	1E-10	1E10	1E-30	1E-10	1E10	1E-30	1E-10	1E10	1E-30	1E-10	1E10	1E-30	1E-10	1E10	1E-30	1E-10	1E10	1E-30	1E-10	1E10	1E-30	1E-10	1E10	1E-30	1E-10	1E10	1E-30	1E-10	1E10	1E-30	1E-10	1E10	1E-30	1E-10	1E10	1E-30	1E-10
2	5E-13	1E10	1E11	1E-30	5.25246082422585E-10	1E10	1E-30	1E10	0.820882433352223	1E-30	1.37347103896396E-11	0.733530709407677	1E10	1E-30	1E-10	1E10	1E-30	1E-10	1E10	1E-30	1E-10	1E10	1E-30	1E-10	1E10	1E-30	1E-10	1E10	1E-30	1E-10	1E10	1E-30	1E-10	1E10	1E-30	1E-10	1E10	1E-30	1E-10	1E10	1E-30	1E-10	1E10	1E-30	1E-10	1E10	1E-30	1E-10	1E10	1E-30	1E-10	1E10	1E-30	1E-10
3	1E-12	1E10	1E11	1E-30	5.00022157864255E-10	1E10	1E-30	1E10	0.573624909463897	7.57684120198507E-12	3.4217106998538E-11	15.5116053789337	1E10	1E-30	1E-10	1E10	1E-30	1E-10	1E10	1E-30	1E-10	1E10	1E-30	1E-10	1E10	1E-30	1E-10	1E10	1E-30	1E-10	1E10	1E-30	1E-10	1E10	1E-30	1E-10	1E10	1E-30	1E-10	1E10	1E-30	1E-10	1E10	1E-30	1E-10	1E10	1E-30	1E-10	1E10	1E-30	1E-10	1E10	1E-30	1E-10
4	1E-12	1E10	1E11	1E-30	5.28962348929706E-10	1E10	1E-30	1E10	0.361535751644615	1E-30	4.22124590322601E-11	0.227449880944553	2.44480291960533E-11	1.31403485657027E-11	1E5	2.61215981045762E-11	1.0064625418337E-11	1.58181616550283	1E10	1E-30	1E-10	1E10	1E-30	1E-10	1E10	1E-30	1E-10	1E10	1E-30	1E-10	1E10	1E-30	1E-10	1E10	1E-30	1E-10	1E10	1E-30	1E-10	1E10	1E-30	1E-10	1E10	1E-30	1E-10	1E10	1E-30	1E-10	1E10	1E-30	1E-10	1E10	1E-30	1E-10
5	1.2E-12	1E10	1E11	1E-30	5.07607156835754E-10	1E10	1E-30	1E10	0.482750954533918	1E-30	4.85748454195923E-12	0.222494421800601	8.29790372598524E-12	3.14975748123867E-11	12.8081533366365	1E10	1E-30	1E-10	1E10	1E-30	1E-10	1E10	1E-30	1E-10	1E10	1E-30	1E-10	1E10	1E-30	1E-10	1E10	1E-30	1E-10	1E10	1E-30	1E-10	1E10	1E-30	1E-10	1E10	1E-30	1E-10	1E10	1E-30	1E-10	1E10	1E-30	1E-10	1E10	1E-30	1E-10	1E10	1E-30	1E-10
6	1.2E-12	1E10	1E11	1E-30	5.07607156835754E-10	1E10	1E-30	1E10	0.482750954533918	1E-30	4.85748454195923E-12	0.222494421800601	8.29790372598524E-12	3.14975748123867E-11	12.8081533366365	1E10	1E-30	1E-10	1E10	1E-30	1E-10	1E10	1E-30	1E-10	1E10	1E-30	1E-10	1E10	1E-30	1E-10	1E10	1E-30	1E-10	1E10	1E-30	1E-10	1E10	1E-30	1E-10	1E10	1E-30	1E-10	1E10	1E-30	1E-10	1E10	1E-30	1E-10	1E10	1E-30	1E-10	1E10	1E-30	1E-10
7	1.5E-12	1E10	1E11	1E-30	4.35895756259676E-10	1E10	1E-30	1E10	0.442122900819728	4.28264665079066E-12	5.74899269387911E-11	25.1397123038374	1E10	1E-30	1E-10	1E10	1E-30	1E-10	1E10	1E-30	1E-10	1E10	1E-30	1E-10	1E10	1E-30	1E-10	1E10	1E-30	1E-10	1E10	1E-30	1E-10	1E10	1E-30	1E-10	1E10	1E-30	1E-10	1E10	1E-30	1E-10	1E10	1E-30	1E-10	1E10	1E-30	1E-10	1E10	1E-30	1E-10	1E10	1E-30	1E-10
8	1.5E-12	1E10	1E11	1E-30	4.35895756259676E-10	1E10	1E-30	1E10	0.442122900819728	4.28264665079066E-12	5.74899269387911E-11	25.1397123038374	1E10	1E-30	1E-10	1E10	1E-30	1E-10	1E10	1E-30	1E-10	1E10	1E-30	1E-10	1E10	1E-30	1E-10	1E10	1E-30	1E-10	1E10	1E-30	1E-10	1E10	1E-30	1E-10	1E10	1E-30	1E-10	1E10	1E-30	1E-10	1E10	1E-30	1E-10	1E10	1E-30	1E-10	1E10	1E-30	1E-10	1E10	1E-30	1E-10
9	1.8E-12	1E10	1E11	1E-30	3.96598440191495E-10	1E10	1E-30	1E10	0.416853081723952	1E-30	1.97543480705984E-12	6.54118326297725E-02	3.20943478015863E-12	8.80217267262138E-11	68.9634256469519	1E10	1E-30	1E-10	1E10	1E-30	1E-10	1E10	1E-30	1E-10	1E10	1E-30	1E-10	1E10	1E-30	1E-10	1E10	1E-30	1E-10	1E10	1E-30	1E-10	1E10	1E-30	1E-10	1E10	1E-30	1E-10	1E10	1E-30	1E-10	1E10	1E-30	1E-10	1E10	1E-30	1E-10	1E10	1E-30	1E-10
10	1.8E-12	1E10	1E11	1E-30	3.96598440191495E-10	1E10	1E-30	1E10	0.416853081723952	1E-30	1.97543480705984E-12	6.54118326297725E-02	3.20943478015863E-12	8.80217267262138E-11	68.9634256469519	1E10	1E-30	1E-10	1E10	1E-30	1E-10	1E10	1E-30	1E-10	1E10	1E-30	1E-10	1E10	1E-30	1E-10	1E10	1E-30	1E-10	1E10	1E-30	1E-10	1E10	1E-30	1E-10	1E10	1E-30	1E-10	1E10	1E-30	1E-10	1E10	1E-30	1E-10	1E10	1E-30	1E-10	1E10	1E-30	1E-10
11	2E-12	1E10	1E11	1E-30	3.41593732920812E-10	1E10	1E-30	1E10	0.364374944319593	2.20678365964425E-12	1.32778918365413E-10	101.599762965196	1E10	1E-30	1E-10	1E10	1E-30	1E-10	1E10	1E-30	1E-10	1E10	1E-30	1E-10	1E10	1E-30	1E-10	1E10	1E-30	1E-10	1E10	1E-30	1E-10	1E10	1E-30	1E-10	1E10	1E-30	1E-10	1E10	1E-30	1E-10	1E10	1E-30	1E-10	1E10	1E-30	1E-10	1E10	1E-30	1E-10	1E10	1E-30	1E-10
12	2E-12	1E10	1E11	1E-30	4.27287171631684E-10	1E10	1E-30	1E10	0.244689401090105	1E-30	3.13055257234574E-11	0.280531196051075	1.86199723482559E-11	1.52490999293272E-11	1.48706859574364	2.34261716245284E-12	1.05808368256428E-10	1E5	1E10	1E-30	1E-10	1E10	1E-30	1E-10	1E10	1E-30	1E-10	1E10	1E-30	1E-10	1E10	1E-30	1E-10	1E10	1E-30	1E-10	1E10	1E-30	1E-10	1E10	1E-30	1E-10	1E10	1E-30	1E-10	1E10	1E-30	1E-10	1E10	1E-30	1E-10	1E10	1E-30	1E-10
13	2.2E-12	1E10	1E11	1E-30	3.53972963975879E-10	1E10	1E-30	1E10	0.340403293008947	2.12171917699868E-12	1.34780881597625E-10	86.4897840227097	1E10	1E-30	1E-10	1E10	1E-30	1E-10	1E10	1E-30	1E-10	1E10	1E-30	1E-10	1E10	1E-30	1E-10	1E10	1E-30	1E-10	1E10	1E-30	1E-10	1E10	1E-30	1E-10	1E10	1E-30	1E-10	1E10	1E-30	1E-10	1E10	1E-30	1E-10	1E10	1E-30	1E-10	1E10	1E-30	1E-10	1E10	1E-30	1E-10
14	2.2E-12	1E10	1E11	1E-30	3.53972963975879E-10	1E10	1E-30	1E10	0.340403293008947	2.12171917699868E-12	1.34780881597625E-10	86.4897840227097	1E10	1E-30	1E-10	1E10	1E-30	1E-10	1E10	1E-30	1E-10	1E10	1E-30	1E-10	1E10	1E-30	1E-10	1E10	1E-30	1E-10	1E10	1E-30	1E-10	1E10	1E-30	1E-10	1E10	1E-30	1E-10	1E10	1E-30	1E-10	1E10	1E-30	1E-10	1E10	1E-30	1E-10	1E10	1E-30	1E-10	1E10	1E-30	1E-10
15	2.4E-12	1E10	1E11	1E-30	4.39801034355056E-10	1E10	1E-30	1E10	0.321687276460276	1E-30	3.99226021796946E-12	0.12926254586445	4.00938947445061E-12	7.75042436435428E-11	36.8883822436846	1E10	1E-30	1E-10	1E10	1E-30	1E-10	1E10	1E-30	1E-10	1E10	1E-30	1E-10	1E10	1E-30	1E-10	1E10	1E-30	1E-10	1E10	1E-30	1E-10	1E10	1E-30	1E-10	1E10	1E-30	1E-10	1E10	1E-30	1E-10	1E10	1E-30	1E-10	1E10	1E-30	1E-10	1E10	1E-30	1E-10
16	2.4E-12	1E10	1E11	1E-30	4.39801034355056E-10	1E10	1E-30	1E10	0.321687276460276	1E-30	3.99226021796946E-12	0.12926254586445	4.00938947445061E-12	7.75042436435428E-11	36.8883822436846	1E10	1E-30	1E-10	1E10	1E-30	1E-10	1E10	1E-30	1E-10	1E10	1E-30	1E-10	1E10	1E-30	1E-10	1E10	1E-30	1E-10	1E10	1E-30	1E-10	1E10	1E-30	1E-10	1E10	1E-30	1E-10	1E10	1E-30	1E-10	1E10	1E-30	1E-10	1E10	1E-30	1E-10	1E10	1E-30	1E-10
17	2.7E-12	1E10	1E11	1E-30	4.14294296915615E-10	1E10	1E-30	1E10	0.308294693856645	1E-30	3.05358533978658E-12	0.102539187270198	3.83926766914045E-12	7.8524296086447E-11	34.9034460352119	1E10	1E-30	1E-10	1E10	1E-30	1E-10	1E10	1E-30	1E-10	1E10	1E-30	1E-10	1E10	1E-30	1E-10	1E10	1E-30	1E-10	1E10	1E-30	1E-10	1E10	1E-30	1E-10	1E10	1E-30	1E-10	1E10	1E-30	1E-10	1E10	1E-30	1E-10	1E10	1E-30	1E-10	1E10	1E-30	1E-10
18	2.7E-12	1E10	1E11	1E-30	4.14294296915615E-10	1E10	1E-30	1E10	0.308294693856645	1E-30	3.05358533978658E-12	0.102539187270198	3.83926766914045E-12	7.8524296086447E-11	34.9034460352119	1E10	1E-30	1E-10	1E10	1E-30	1E-10	1E10	1E-30	1E-10	1E10	1E-30	1E-10	1E10	1E-30	1E-10	1E10	1E-30	1E-10	1E10	1E-30	1E-10	1E10	1E-30	1E-10	1E10	1E-30	1E-10	1E10	1E-30	1E-10	1E10	1E-30	1E-10	1E10	1E-30	1E-10	1E10	1E-30	1E-10
19	3E-12	1E10	1E11	1E-30	2.17976527147191E-10	1E10	1E-30	1E10	0.289556653981801	1.24655278656588E-12	2.53880212162819E-10	237.412276891702	1E10	1E-30	1E-10	1E10	1E-30	1E-10	1E10	1E-30	1E-10	1E10	1E-30	1E-10	1E10	1E-30	1E-10	1E10	1E-30	1E-10	1E10	1E-30	1E-10	1E10	1E-30	1E-10	1E10	1E-30	1E-10	1E10	1E-30	1E-10	1E10	1E-30	1E-10	1E10	1E-30	1E-10	1E10	1E-30	1E-10	1E10	1E-30	1E-10
20	3E-12	1E10	1E11	1E-30	4.40267808257545E-10	1E10	1E-30	1E10	0.170227607640475	1E-30	1.64577591871762E-11	0.317543254860764	1E-30	3.15408392272527E-11	0.140699502034867	1.07731240893193E-11	2.79404232289049E-11	5.5076588989305	6.58238295660553E-12	4.50313466233917E-11	1E5	1E10	1E-30	1E-10	1E10	1E-30	1E-10	1E10	1E-30	1E-10	1E10	1E-30	1E-10	1E10	1E-30	1E-10	1E10	1E-30	1E-10	1E10	1E-30	1E-10	1E10	1E-30	1E-10	1E10	1E-30	1E-10	1E10	1E-30	1E-10	1E10	1E-30	1E-10
21	3.3E-12	1E10	1E11	1E-30	2.45435730610068E-10	1E10	1E-30	1E10	0.264271577242443	1E-30	1.79324286433941E-12	3.66347283440002E-02	1.80257269501765E-12	2.12067205315564E-10	179.170973422714	1E10	1E-30	1E-10	1E10	1E-30	1E-10	1E10	1E-30	1E-10	1E10	1E-30	1E-10	1E10	1E-30	1E-10	1E10	1E-30	1E-10	1E10	1E-30	1E-10	1E10	1E-30	1E-10	1E10	1E-30	1E-10	1E10	1E-30	1E-10	1E10	1E-30	1E-10	1E10	1E-30	1E-10	1E10	1E-30	1E-10
22	3.3E-12	1E10	1E11	1E-30	2.45435730610068E-10	1E10	1E-30	1E10	0.264271577242443	1E-30	1.79324286433941E-12	3.66347283440002E-02	1.80257269501765E-12	2.12067205315564E-10	179.170973422714	1E10	1E-30	1E-10	1E10	1E-30	1E-10	1E10	1E-30	1E-10	1E10	1E-30	1E-10	1E10	1E-30	1E-10	1E10	1E-30	1E-10	1E10	1E-30	1E-10	1E10	1E-30	1E-10	1E10	1E-30	1E-10	1E10	1E-30	1E-10	1E10	1E-30	1E-10	1E10	1E-30	1E-10	1E10	1E-30	1E-10
23	3.6E-12	1E10	1E11	1E-30	4.12155262470394E-10	1E10	1E-30	1E10	0.257011162425376	1E-30	1.08078567466391E-11	0.36220558026756	5.97866691830772E-12	6.70079545088711E-11	35.2612433077133	1E10	1E-30	1E-10	1E10	1E-30	1E-10	1E10	1E-30	1E-10	1E10	1E-30	1E-10	1E10	1E-30	1E-10	1E10	1E-30	1E-10	1E10	1E-30	1E-10	1E10	1E-30	1E-10	1E10	1E-30	1E-10	1E10	1E-30	1E-10	1E10	1E-30	1E-10	1E10	1E-30	1E-10	1E10	1E-30	1E-10
24	3.6E-12	1E10	1E11	1E-30	4.12155262470394E-10	1E10	1E-30	1E10	0.257011162425376	1E-30	1.08078567466391E-11	0.36220558026756	5.97866691830772E-12	6.70079545088711E-11	35.2612433077133	1E10	1E-30	1E-10	1E10	1E-30	1E-10	1E10	1E-30	1E-10	1E10	1E-30	1E-10	1E10	1E-30	1E-10	1E10	1E-30	1E-10	1E10	1E-30	1E-10	1E10	1E-30	1E-10	1E10	1E-30	1E-10	1E10	1E-30	1E-10	1E10	1E-30	1E-10	1E10	1E-30	1E-10	1E10	1E-30	1E-10
25	3.9E-12	1E10	1E11	1E-30	3.22054946367455E-10	1E10	1E-30	1E10	0.252696092191309	1E-30	5.22393336937032E-12	0.161818479626654	5.16986976317931E-12	8.20403166677296E-11	44.5449602193334	4.05536871055601E-12	7.68870908251881E-11	73.2332190723638	1E10	1E-30	1E-10	1E10	1E-30	1E-10	1E10	1E-30	1E-10	1E10	1E-30	1E-10	1E10	1E-30	1E-10	1E10	1E-30	1E-10	1E10	1E-30	1E-10	1E10	1E-30	1E-10	1E10	1E-30	1E-10	1E10	1E-30	1E-10	1E10	1E-30	1E-10	1E10	1E-30	1E-10
26	3.9E-12	1E10	1E11	1E-30	3.22054946367455E-10	1E10	1E-30	1E10	0.252696092191309	1E-30	5.22393336937032E-12	0.161818479626654	5.16986976317931E-12	8.20403166677296E-11	44.5449602193334	4.05536871055601E-12	7.68870908251881E-11	73.2332190723638	1E10	1E-30	1E-10	1E10	1E-30	1E-10	1E10	1E-30	1E-10	1E10	1E-30	1E-10	1E10	1E-30	1E-10	1E10	1E-30	1E-10	1E10	1E-30	1E-10	1E10	1E-30	1E-10	1E10	1E-30	1E-10	1E10	1E-30	1E-10	1E10	1E-30	1E-10	1E10	1E-30	1E-10
27	4E-12	1E10	1E11	1E-30	3.25406034377012E-10	1E10	1E-30	1E10	0.249667346589604	1E-30	7.39854854971937E-12	0.229674071270107	5.98169635100781E-12	7.24610370995136E-11	39.9315361930553	3.96868951089967E-12	7.56772547438828E-11	68.4679752664776	1E10	1E-30	1E-10	1E10	1E-30	1E-10	1E10	1E-30	1E-10	1E10	1E-30	1E-10	1E10	1E-30	1E-10	1E10	1E-30	1E-10	1E10	1E-30	1E-10	1E10	1E-30	1E-10	1E10	1E-30	1E-10	1E10	1E-30	1E-10	1E10	1E-30	1E-10	1E10	1E-30	1E-10
28	4E-12	1E10	1E11	1E-30	4.09007462120493E-10	1E10	1E-30	1E10	0.153858415197409	1E-30	2.07106693998294E-11	0.571810478350151	1E-30	2.04489439731029E-11	0.120088517616767	1.49882880687074E-11	2.86391228764703E-11	13.7496844139787	4.25341019530837E-12	6.66343683021401E-11	1E5	1E10	1E-30	1E-10	1E10	1E-30	1E-10	1E10	1E-30	1E-10	1E10	1E-30	1E-10	1E10	1E-30	1E-10	1E10	1E-30	1E-10	1E10	1E-30	1E-10	1E10	1E-30	1E-10	1E10	1E-30	1E-10	1E10	1E-30	1E-10	1E10	1E-30	1E-10
29	4.7E-12	1E10	1E11	1E-30	4.00196296297489E-10	1E10	1E-30	1E10	0.24461907829209	1E-30	1.15411915219785E-11	0.377536345495587	1.69340259605902E-11	3.20558206447561E-11	17.4789589054108	6.84238034878639E-12	4.54871396336235E-11	25.5364919914869	1E10	1E-30	1E-10	1E10	1E-30	1E-10	1E10	1E-30	1E-10	1E10	1E-30	1E-10	1E10	1E-30	1E-10	1E10	1E-30	1E-10	1E10	1E-30	1E-10	1E10	1E-30	1E-10	1E10	1E-30	1E-10	1E10	1E-30	1E-10	1E10	1E-30	1E-10	1E10	1E-30	1E-10
30	4.7E-12	1E10	1E11	1E-30	4.00196296297489E-10	1E10	1E-30	1E10	0.24461907829209	1E-30	1.15411915219785E-11	0.377536345495587	1.69340259605902E-11	3.20558206447561E-11	17.4789589054108	6.84238034878639E-12	4.54871396336235E-11	25.5364919914869	1E10	1E-30	1E-10	1E10	1E-30	1E-10	1E10	1E-30	1E-10	1E10	1E-30	1E-10	1E10	1E-30	1E-10	1E10	1E-30	1E-10	1E10	1E-30	1E-10	1E10	1E-30	1E-10	1E10	1E-30	1E-10	1E10	1E-30	1E-10	1E10	1E-30	1E-10	1E10	1E-30	1E-10
31	5E-12	1E10	1E11	1E-30	3.48249560512499E-10	1E10	1E-30	1E10	0.245333547826801	1E-30	4.00363217670244E-12	5.70237870650929E-02	1.31199279757148E-11	4.39801947288279E-11	24.6769991589555	4.36138920346856E-12	7.93345154152091E-11	39.1510671786692	1E10	1E-30	1E-10	1E10	1E-30	1E-10	1E10	1E-30	1E-10	1E10	1E-30	1E-10	1E10	1E-30	1E-10	1E10	1E-30	1E-10	1E10	1E-30	1E-10	1E10	1E-30	1E-10	1E10	1E-30	1E-10	1E10	1E-30	1E-10	1E10	1E-30	1E-10	1E10	1E-30	1E-10
32	5E-12	1E10	1E11	1E-30	3.44524754663812E-10	1E10	1E-30	1E10	0.141589156876828	1E-30	2.84503454992936E-11	0.194008374812199	1.7776211942211E-11	3.23087041038413E-11	15.4534066661941	6.35789378444147E-12	4.90307157612547E-11	20.742122700372	4.61929493599537E-12	6.33860826825274E-11	1E5	1E10	1E-30	1E-10	1E10	1E-30	1E-10	1E10	1E-30	1E-10	1E10	1E-30	1E-10	1E10	1E-30	1E-10	1E10	1E-30	1E-10	1E10	1E-30	1E-10	1E10	1E-30	1E-10	1E10	1E-30	1E-10	1E10	1E-30	1E-10	1E10	1E-30	1E-10
33	5.6E-12	1E10	1E11	1E-30	3.12373862923919E-10	1E10	1E-30	1E10	0.240641734792215	1.7894594564839E-11	3.53598478413614E-11	18.9425905688791	2.6223392571285E-12	1.25992000587522E-10	58.9450845676529	1E10	1E-30	1E-10	1E10	1E-30	1E-10	1E10	1E-30	1E-10	1E10	1E-30	1E-10	1E10	1E-30	1E-10	1E10	1E-30	1E-10	1E10	1E-30	1E-10	1E10	1E-30	1E-10	1E10	1E-30	1E-10	1E10	1E-30	1E-10	1E10	1E-30	1E-10	1E10	1E-30	1E-10	1E10	1E-30	1E-10
34	5.6E-12	1E10	1E11	1E-30	3.12373862923919E-10	1E10	1E-30	1E10	0.240641734792215	1.7894594564839E-11	3.53598478413614E-11	18.9425905688791	2.6223392571285E-12	1.25992000587522E-10	58.9450845676529	1E10	1E-30	1E-10	1E10	1E-30	1E-10	1E10	1E-30	1E-10	1E10	1E-30	1E-10	1E10	1E-30	1E-10	1E10	1E-30	1E-10	1E10	1E-30	1E-10	1E10	1E-30	1E-10	1E10	1E-30	1E-10	1E10	1E-30	1E-10	1E10	1E-30	1E-10	1E10	1E-30	1E-10	1E10	1E-30	1E-10
35	6E-12	1E10	1E11	1E-30	3.75973519032322E-10	1E10	1E-30	1E10	0.233510302698966	1E-30	5.49405051208051E-12	8.10670190768856E-02	2.21946309396796E-11	2.52662632612392E-11	10.3970478972237	3.08108611213183E-12	1.08591974847821E-10	57.6975365941683	1E10	1E-30	1E-10	1E10	1E-30	1E-10	1E10	1E-30	1E-10	1E10	1E-30	1E-10	1E10	1E-30	1E-10	1E10	1E-30	1E-10	1E10	1E-30	1E-10	1E10	1E-30	1E-10	1E10	1E-30	1E-10	1E10	1E-30	1E-10	1E10	1E-30	1E-10	1E10	1E-30	1E-10
36	6E-12	1E10	1E11	1E-30	3.59724054510316E-10	1E10	1E-30	1E10	0.138366194183787	1E-30	1.71613519324893E-11	0.448890641567965	1E-30	4.01539524152058E-11	0.153377626146616	1.20442353185206E-11	2.4825561670431E-11	3.44703564630465	1.91388945076607E-12	1.31643736040436E-10	1E5	1E10	1E-30	1E-10	1E10	1E-30	1E-10	1E10	1E-30	1E-10	1E10	1E-30	1E-10	1E10	1E-30	1E-10	1E10	1E-30	1E-10	1E10	1E-30	1E-10	1E10	1E-30	1E-10	1E10	1E-30	1E-10	1E10	1E-30	1E-10	1E10	1E-30	1E-10
37	6.8E-12	1E10	1E11	1E-30	3.07942770184507E-10	1E10	1E-30	1E10	0.213441328738842	3.57474042347004E-11	1.98213870803974E-11	9.94049343592489	2.01185698046834E-12	1.58893073190178E-10	72.527394127187	1E10	1E-30	1E-10	1E10	1E-30	1E-10	1E10	1E-30	1E-10	1E10	1E-30	1E-10	1E10	1E-30	1E-10	1E10	1E-30	1E-10	1E10	1E-30	1E-10	1E10	1E-30	1E-10	1E10	1E-30	1E-10	1E10	1E-30	1E-10	1E10	1E-30	1E-10	1E10	1E-30	1E-10	1E10	1E-30	1E-10
38	6.8E-12	1E10	1E11	1E-30	3.07942770184507E-10	1E10	1E-30	1E10	0.213441328738842	3.57474042347004E-11	1.98213870803974E-11	9.94049343592489	2.01185698046834E-12	1.58893073190178E-10	72.527394127187	1E10	1E-30	1E-10	1E10	1E-30	1E-10	1E10	1E-30	1E-10	1E10	1E-30	1E-10	1E10	1E-30	1E-10	1E10	1E-30	1E-10	1E10	1E-30	1E-10	1E10	1E-30	1E-10	1E10	1E-30	1E-10	1E10	1E-30	1E-10	1E10	1E-30	1E-10	1E10	1E-30	1E-10	1E10	1E-30	1E-10
39	7E-12	1E10	1E11	1E-30	2.48182123823741E-10	1E10	1E-30	1E10	0.210495116996635	2.57707240264475E-11	2.87330720405874E-11	13.6990707060788	1.62371137651876E-12	2.06543824747885E-10	130.458522062362	1E10	1E-30	1E-10	1E10	1E-30	1E-10	1E10	1E-30	1E-10	1E10	1E-30	1E-10	1E10	1E-30	1E-10	1E10	1E-30	1E-10	1E10	1E-30	1E-10	1E10	1E-30	1E-10	1E10	1E-30	1E-10	1E10	1E-30	1E-10	1E10	1E-30	1E-10	1E10	1E-30	1E-10	1E10	1E-30	1E-10
40	7E-12	1E10	1E11	1E-30	4.10737274821518E-10	1E10	1E-30	1E10	0.132138689601519	1E-30	9.41165185311734E-12	0.170443890345174	1E-30	4.668269877523E-11	0.163435528821806	5.95556257570079E-12	5.37893207778225E-11	13.3079667141797	1.16341450695229E-11	2.70249999018489E-11	1E5	1E10	1E-30	1E-10	1E10	1E-30	1E-10	1E10	1E-30	1E-10	1E10	1E-30	1E-10	1E10	1E-30	1E-10	1E10	1E-30	1E-10	1E10	1E-30	1E-10	1E10	1E-30	1E-10	1E10	1E-30	1E-10	1E10	1E-30	1E-10	1E10	1E-30	1E-10
41	8E-12	1E10	1E11	1E-30	3.19317508224979E-10	1E10	1E-30	1E10	0.214247322045813	3.14525180970413E-11	2.80447554058911E-11	13.043369327764	3.53589633253531E-12	1.10622075048727E-10	38.9915878680327	1E10	1E-30	1E-10	1E10	1E-30	1E-10	1E10	1E-30	1E-10	1E10	1E-30	1E-10	1E10	1E-30	1E-10	1E10	1E-30	1E-10	1E10	1E-30	1E-10	1E10	1E-30	1E-10	1E10	1E-30	1E-10	1E10	1E-30	1E-10	1E10	1E-30	1E-10	1E10	1E-30	1E-10	1E10	1E-30	1E-10
42	8E-12	1E10	1E11	1E-30	3.51948466420756E-10	1E10	1E-30	1E10	0.129231386029393	1E-30	2.80802908151239E-11	0.120818804508796	3.14527109235627E-11	2.87786625257345E-11	12.0347112635411	6.26892678011739E-12	6.72173790664409E-11	25.1256463781694	1.63442918920454E-11	1.96055649307004E-11	40.9383366051656	1E10	1E-30	1E-10	1E10	1E-30	1E-10	1E10	1E-30	1E-10	1E10	1E-30	1E-10	1E10	1E-30	1E-10	1E10	1E-30	1E-10	1E10	1E-30	1E-10	1E10	1E-30	1E-10	1E10	1E-30	1E-10	1E10	1E-30	1E-10	1E10	1E-30	1E-10
43	8.2E-12	1E10	1E11	1E-30	3.26212183973888E-10	1E10	1E-30	1E10	0.21175615351227	1E-30	2.49043566612279E-12	5.25386661445821E-02	3.29378676440802E-11	2.72057791411527E-11	11.8114276187459	4.12126532784729E-12	9.84446183098417E-11	37.0069427958748	1E10	1E-30	1E-10	1E10	1E-30	1E-10	1E10	1E-30	1E-10	1E10	1E-30	1E-10	1E10	1E-30	1E-10	1E10	1E-30	1E-10	1E10	1E-30	1E-10	1E10	1E-30	1E-10	1E10	1E-30	1E-10	1E10	1E-30	1E-10	1E10	1E-30	1E-10	1E10	1E-30	1E-10
44	8.2E-12	1E10	1E11	1E-30	3.26212183973888E-10	1E10	1E-30	1E10	0.21175615351227	1E-30	2.49043566612279E-12	5.25386661445821E-02	3.29378676440802E-11	2.72057791411527E-11	11.8114276187459	4.12126532784729E-12	9.84446183098417E-11	37.0069427958748	1E10	1E-30	1E-10	1E10	1E-30	1E-10	1E10	1E-30	1E-10	1E10	1E-30	1E-10	1E10	1E-30	1E-10	1E10	1E-30	1E-10	1E10	1E-30	1E-10	1E10	1E-30	1E-10	1E10	1E-30	1E-10	1E10	1E-30	1E-10	1E10	1E-30	1E-10	1E10	1E-30	1E-10
45	9E-12	1E10	1E11	1E-30	2.9154730608579E-10	1E10	1E-30	1E10	0.197255234095541	1E-30	1.69855732796541E-12	3.71937709746398E-02	4.08821663723337E-11	2.51451838101471E-11	10.870449531581	5.42438587810317E-12	8.51896364762171E-11	29.7167247732659	5.98911943013008E-12	5.38668277324835E-11	69.8337372324395	1E10	1E-30	1E-10	1E10	1E-30	1E-10	1E10	1E-30	1E-10	1E10	1E-30	1E-10	1E10	1E-30	1E-10	1E10	1E-30	1E-10	1E10	1E-30	1E-10	1E10	1E-30	1E-10	1E10	1E-30	1E-10	1E10	1E-30	1E-10	1E10	1E-30	1E-10
46	9E-12	1E10	1E11	1E-30	3.21245622965621E-10	1E10	1E-30	1E10	0.116120123407359	1E-30	7.30956516000709E-12	0.10836251089112	1E-30	2.30984223741967E-11	0.102930486207556	3.72932445826689E-11	2.7464172403067E-11	12.301952101657	7.08282856151007E-12	6.42835673962377E-11	21.6122440025156	5.12562152234857E-12	5.70978462007853E-11	1E5	1E10	1E-30	1E-10	1E10	1E-30	1E-10	1E10	1E-30	1E-10	1E10	1E-30	1E-10	1E10	1E-30	1E-10	1E10	1E-30	1E-10	1E10	1E-30	1E-10	1E10	1E-30	1E-10	1E10	1E-30	1E-10	1E10	1E-30	1E-10
47	1E-11	1E10	1E11	1E-30	3.46740410453055E-11	1E10	1E-30	1E10	0.24	1E-30	3.31500004702151E-11	0.257349381232148	1.97214820323781E-11	3.08239125646141E-11	6.43407992457093	2.83240260068287E-12	1.17350644367298E-10	15.1340664826451	7.49920422706963E-13	3.46756739382241E-10	1E5	1E10	1E-30	1E-10	1E10	1E-30	1E-10	1E10	1E-30	1E-10	1E10	1E-30	1E-10	1E10	1E-30	1E-10	1E10	1E-30	1E-10	1E10	1E-30	1E-10	1E10	1E-30	1E-10	1E10	1E-30	1E-10	1E10	1E-30	1E-10	1E10	1E-30	1E-10
48	1E-11	1E10	1E11	1E-30	1.30644538493412E-10	1E10	1E-30	1E10	0.178822713556102	1E-30	3.68715104908261E-11	0.366782264696923	1E-30	1.84536051933856E-11	7.59852495674142E-02	1.23890756838552E-11	4.61982872979388E-11	9.88536118549229	2.90971443535396E-12	1.14232608622747E-10	26.8077431199288	1.12868737064561E-12	2.46868925031831E-10	1E5	1E10	1E-30	1E-10	1E10	1E-30	1E-10	1E10	1E-30	1E-10	1E10	1E-30	1E-10	1E10	1E-30	1E-10	1E10	1E-30	1E-10	1E10	1E-30	1E-10	1E10	1E-30	1E-10	1E10	1E-30	1E-10	1E10	1E-30	1E-10
49	1.2E-11	1E10	1E11	1E-30	6.18286776518806E-11	1E10	1E-30	1E10	0.160251046186691	1E-30	1.3652245109828E-11	0.202391185661246	1E-30	6.45198990320603E-11	0.176585944296417	3.40300954564208E-12	9.83873457524314E-11	15.0938560495735	7.40778396336114E-13	3.55050819837751E-10	1E5	1E10	1E-30	1E-10	1E10	1E-30	1E-10	1E10	1E-30	1E-10	1E10	1E-30	1E-10	1E10	1E-30	1E-10	1E10	1E-30	1E-10	1E10	1E-30	1E-10	1E10	1E-30	1E-10	1E10	1E-30	1E-10	1E10	1E-30	1E-10	1E10	1E-30	1E-10
50	1.2E-11	1E10	1E11	1E-30	6.18286776518806E-11	1E10	1E-30	1E10	0.160251046186691	1E-30	1.3652245109828E-11	0.202391185661246	1E-30	6.45198990320603E-11	0.176585944296417	3.40300954564208E-12	9.83873457524314E-11	15.0938560495735	7.40778396336114E-13	3.55050819837751E-10	1E5	1E10	1E-30	1E-10	1E10	1E-30	1E-10	1E10	1E-30	1E-10	1E10	1E-30	1E-10	1E10	1E-30	1E-10	1E10	1E-30	1E-10	1E10	1E-30	1E-10	1E10	1E-30	1E-10	1E10	1E-30	1E-10	1E10	1E-30	1E-10	1E10	1E-30	1E-10
51	1.5E-11	1E10	1E11	1E-30	3.98107170553497E-11	1E10	1E-30	1E10	0.21	1E-30	1.84711805775584E-11	0.255263337536242	2.09972083844286E-12	1.52808041137279E-10	31.5979256805287	8.6877501792401E-13	3.06289964465382E-10	1E5	1E10	1E-30	1E-10	1E10	1E-30	1E-10	1E10	1E-30	1E-10	1E10	1E-30	1E-10	1E10	1E-30	1E-10	1E10	1E-30	1E-10	1E10	1E-30	1E-10	1E10	1E-30	1E-10	1E10	1E-30	1E-10	1E10	1E-30	1E-10	1E10	1E-30	1E-10	1E10	1E-30	1E-10
52	1.5E-11	1E10	1E11	1E-30	2.78014882153499E-11	1E10	1E-30	1E10	0.144887192014998	1E-30	1.7217462130471E-11	0.182766108741105	1E-30	2.2547841008365E-11	0.073019598755895	1.93425437201559E-12	1.6588005843473E-10	35.9175367232076	8.04261340500638E-13	3.01746956323571E-10	1E5	1E10	1E-30	1E-10	1E10	1E-30	1E-10	1E10	1E-30	1E-10	1E10	1E-30	1E-10	1E10	1E-30	1E-10	1E10	1E-30	1E-10	1E10	1E-30	1E-10	1E10	1E-30	1E-10	1E10	1E-30	1E-10	1E10	1E-30	1E-10	1E10	1E-30	1E-10
53	1.8E-11	1E10	1E11	1E-30	1E-12	1E10	1E-30	1E10	0.129408749714147	1E-30	5.41755428206533E-11	0.294070419354309	4.21698361131049E-11	4.426224404796E-11	5.07373446634126	7.39295923572175E-13	4.74224623407E-10	294.874935264238	1E10	1E-30	1E-10	1E10	1E-30	1E-10	1E10	1E-30	1E-10	1E10	1E-30	1E-10	1E10	1E-30	1E-10	1E10	1E-30	1E-10	1E10	1E-30	1E-10	1E10	1E-30	1E-10	1E10	1E-30	1E-10	1E10	1E-30	1E-10	1E10	1E-30	1E-10	1E10	1E-30	1E-10
54	1.8E-11	1E10	1E11	1E-30	1E-12	1E10	1E-30	1E10	0.129408749714147	1E-30	5.41755428206533E-11	0.294070419354309	4.21698361131049E-11	4.426224404796E-11	5.07373446634126	7.39295923572175E-13	4.74224623407E-10	294.874935264238	1E10	1E-30	1E-10	1E10	1E-30	1E-10	1E10	1E-30	1E-10	1E10	1E-30	1E-10	1E10	1E-30	1E-10	1E10	1E-30	1E-10	1E10	1E-30	1E-10	1E10	1E-30	1E-10	1E10	1E-30	1E-10	1E10	1E-30	1E-10	1E10	1E-30	1E-10	1E10	1E-30	1E-10
55	2.2E-11	1E10	1E11	1E-30	1.27077319169535E-12	1E10	1E-30	1E10	0.149717478798481	1E-30	2.29183693878933E-11	0.156577114712417	2.89649589156295E-10	8.90591972602815E-12	1.05197169345387	1.26212388337123E-12	2.53746668173887E-10	66.9121547466842	1.01135620666068E-12	2.45547743497275E-10	1E5	1E10	1E-30	1E-10	1E10	1E-30	1E-10	1E10	1E-30	1E-10	1E10	1E-30	1E-10	1E10	1E-30	1E-10	1E10	1E-30	1E-10	1E10	1E-30	1E-10	1E10	1E-30	1E-10	1E10	1E-30	1E-10	1E10	1E-30	1E-10	1E10	1E-30	1E-10
56	2.2E-11	1E10	1E11	1E-30	6.36895300513494E-11	1E10	1E-30	1E10	0.112317886161291	1E-30	3.12801238823589E-11	0.102574626724427	3.32714627536109E-10	7.74192733468355E-12	0.977714134796952	1.28405122784059E-12	2.48492874288507E-10	68.6311014002395	1.33069101251967E-12	1.99969088890516E-10	1E5	1E10	1E-30	1E-10	1E10	1E-30	1E-10	1E10	1E-30	1E-10	1E10	1E-30	1E-10	1E10	1E-30	1E-10	1E10	1E-30	1E-10	1E10	1E-30	1E-10	1E10	1E-30	1E-10	1E10	1E-30	1E-10	1E10	1E-30	1E-10	1E10	1E-30	1E-10
57	2.7E-11	1E10	1E11	1E-30	4.80078625234517E-12	1E10	1E-30	1E10	0.101970725039767	1E-30	2.7973313416746E-11	9.98869198704999E-02	8.49788126645818E-10	3.8913515428902E-12	0.42980581495518	4.88368166022841E-11	2.16801384721761E-11	3.15183223983473	5.09292017545046E-12	6.65291475628612E-11	101.363887459002	7.43538064450558E-13	4.10675888388117E-10	151.074793004019	1E10	1E-30	1E-10	1E10	1E-30	1E-10	1E10	1E-30	1E-10	1E10	1E-30	1E-10	1E10	1E-30	1E-10	1E10	1E-30	1E-10	1E10	1E-30	1E-10	1E10	1E-30	1E-10	1E10	1E-30	1E-10	1E10	1E-30	1E-10
58	2.7E-11	1E10	1E11	1E-30	4.80078625234517E-12	1E10	1E-30	1E10	0.101970725039767	1E-30	2.7973313416746E-11	9.98869198704999E-02	8.49788126645818E-10	3.8913515428902E-12	0.42980581495518	4.88368166022841E-11	2.16801384721761E-11	3.15183223983473	5.09292017545046E-12	6.65291475628612E-11	101.363887459002	7.43538064450558E-13	4.10675888388117E-10	151.074793004019	1E10	1E-30	1E-10	1E10	1E-30	1E-10	1E10	1E-30	1E-10	1E10	1E-30	1E-10	1E10	1E-30	1E-10	1E10	1E-30	1E-10	1E10	1E-30	1E-10	1E10	1E-30	1E-10	1E10	1E-30	1E-10	1E10	1E-30	1E-10
59	3.3E-11	1E10	1E11	1E-30	9.63980046168358E-11	1E10	1E-30	1E10	0.13	1E-30	1.3609629321639E-11	0.105409344647066	3.70476789342337E-10	1.03328090044557E-11	0.932346332201093	7.8304658767574E-11	1.49425361144948E-11	2.34180709448779	3.96121984105042E-12	7.94822962009027E-11	7.58709801629175	7.09798685275565E-13	3.26516325856366E-10	1E5	1E10	1E-30	1E-10	1E10	1E-30	1E-10	1E10	1E-30	1E-10	1E10	1E-30	1E-10	1E10	1E-30	1E-10	1E10	1E-30	1E-10	1E10	1E-30	1E-10	1E10	1E-30	1E-10	1E10	1E-30	1E-10	1E10	1E-30	1E-10
60	3.3E-11	1E10	1E11	1E-30	1.50356170088182E-11	1E10	1E-30	1E10	0.105667967101333	1E-30	3.16844645165468E-11	0.175338371109473	9.91064790543127E-10	3.59090259829441E-12	0.309879274815915	5.4785775828359E-11	2.01606445193171E-11	2.55510975746425	5.15051986813164E-12	7.08223235132464E-11	11.986139576669	6.14013762599766E-13	3.86244213330079E-10	1E5	1E10	1E-30	1E-10	1E10	1E-30	1E-10	1E10	1E-30	1E-10	1E10	1E-30	1E-10	1E10	1E-30	1E-10	1E10	1E-30	1E-10	1E10	1E-30	1E-10	1E10	1E-30	1E-10	1E10	1E-30	1E-10	1E10	1E-30	1E-10
61	3.9E-11	1E10	1E11	1E-30	1E-12	1E10	1E-30	1E10	0.101180783952215	1E-30	2.63094776564486E-11	7.25945953781904E-02	3.453415450746E-10	1.39279053988981E-11	1.55567058325297	6.23742436553761E-11	2.10813017267589E-11	2.71304920606835	2.35436113300734E-12	1.35809244185937E-10	14.7442312856925	8.60078851832232E-13	3.47137732582227E-10	1E5	1E10	1E-30	1E-10	1E10	1E-30	1E-10	1E10	1E-30	1E-10	1E10	1E-30	1E-10	1E10	1E-30	1E-10	1E10	1E-30	1E-10	1E10	1E-30	1E-10	1E10	1E-30	1E-10	1E10	1E-30	1E-10	1E10	1E-30	1E-10
62	3.9E-11	1E10	1E11	1E-30	1E-12	1E10	1E-30	1E10	0.101180783952215	1E-30	2.63094776564486E-11	7.25945953781904E-02	3.453415450746E-10	1.39279053988981E-11	1.55567058325297	6.23742436553761E-11	2.10813017267589E-11	2.71304920606835	2.35436113300734E-12	1.35809244185937E-10	14.7442312856925	8.60078851832232E-13	3.47137732582227E-10	1E5	1E10	1E-30	1E-10	1E10	1E-30	1E-10	1E10	1E-30	1E-10	1E10	1E-30	1E-10	1E10	1E-30	1E-10	1E10	1E-30	1E-10	1E10	1E-30	1E-10	1E10	1E-30	1E-10	1E10	1E-30	1E-10	1E10	1E-30	1E-10
63	4.7E-11	1E10	1E11	1E-30	1.75415531769545E-10	1E10	1E-30	1E10	0.102329299228075	1E-30	9.01669580143582E-12	7.35131423732551E-02	3.16650450962011E-10	1.92106702910798E-11	1.6311485357943	8.30909057978529E-11	2.18248676658215E-11	2.15550507202147	3.67629274122157E-12	8.20485179344419E-11	9.21466609340794	1.21607861633272E-12	2.04210674443394E-10	1E5	1E10	1E-30	1E-10	1E10	1E-30	1E-10	1E10	1E-30	1E-10	1E10	1E-30	1E-10	1E10	1E-30	1E-10	1E10	1E-30	1E-10	1E10	1E-30	1E-10	1E10	1E-30	1E-10	1E10	1E-30	1E-10	1E10	1E-30	1E-10
64	4.7E-11	1E10	1E11	1E-30	8.3E-11	1E10	1E-30	1E10	9.36251842022614E-02	1E-30	1.80805999662136E-11	5.63642183003799E-02	3.40725763045707E-10	1.75871940561349E-11	1.46125700150569	8.01855929178524E-11	2.23537532030582E-11	2.28357931639112	3.39621647264336E-12	8.36661075412998E-11	8.17583841051022	8.46618270746308E-13	2.73748945448053E-10	1E5	1E10	1E-30	1E-10	1E10	1E-30	1E-10	1E10	1E-30	1E-10	1E10	1E-30	1E-10	1E10	1E-30	1E-10	1E10	1E-30	1E-10	1E10	1E-30	1E-10	1E10	1E-30	1E-10	1E10	1E-30	1E-10	1E10	1E-30	1E-10
65	5.6E-11	1E10	1E11	1E-30	3.4262881978501E-11	1E10	1E-30	1E10	9.36141382946438E-02	1E-30	3.9531611236113E-11	1.81111300754589	1E-30	4.95987997669405E-11	0.167182653594421	5.33748837716645E-10	1.15126874885411E-11	0.729171230099875	6.93629063244426E-13	5.05446425936163E-10	239.627186803387	1E10	1E-30	1E-10	1E10	1E-30	1E-10	1E10	1E-30	1E-10	1E10	1E-30	1E-10	1E10	1E-30	1E-10	1E10	1E-30	1E-10	1E10	1E-30	1E-10	1E10	1E-30	1E-10	1E10	1E-30	1E-10	1E10	1E-30	1E-10	1E10	1E-30	1E-10
66	5.6E-11	1E10	1E11	1E-30	3.4262881978501E-11	1E10	1E-30	1E10	9.36141382946438E-02	1E-30	3.9531611236113E-11	1.81111300754589	1E-30	4.95987997669405E-11	0.167182653594421	5.33748837716645E-10	1.15126874885411E-11	0.729171230099875	6.93629063244426E-13	5.05446425936163E-10	239.627186803387	1E10	1E-30	1E-10	1E10	1E-30	1E-10	1E10	1E-30	1E-10	1E10	1E-30	1E-10	1E10	1E-30	1E-10	1E10	1E-30	1E-10	1E10	1E-30	1E-10	1E10	1E-30	1E-10	1E10	1E-30	1E-10	1E10	1E-30	1E-10	1E10	1E-30	1E-10
67	6.8E-11	1E10	1E11	1E-30	4.66627150398496E-12	1E10	1E-30	1E10	0.14	1E-30	7.83710688902688E-11	2.96091427296334	1E-30	7.77853188291635E-13	4.78572028962714E-03	8.28098852010775E-10	9.34258814731357E-12	0.568841717338578	2.34368368963436E-12	1.36387666791036E-10	60.9379240772534	7.4522859968773E-13	3.40997015567163E-10	1E5	1E10	1E-30	1E-10	1E10	1E-30	1E-10	1E10	1E-30	1E-10	1E10	1E-30	1E-10	1E10	1E-30	1E-10	1E10	1E-30	1E-10	1E10	1E-30	1E-10	1E10	1E-30	1E-10	1E10	1E-30	1E-10	1E10	1E-30	1E-10
68	6.8E-11	1E10	1E11	1E-30	7.56403624051645E-11	1E10	1E-30	1E10	9.02515090799946E-02	1E-30	3.55293531939586E-11	0.113535551094736	3.35283494510275E-09	2.17144669115835E-12	0.10963933204635	8.09102253923279E-11	2.25615376129678E-11	1.06356076056305	2.02185652749128E-12	1.62406666270541E-10	56.8876536850599	6.89506225286412E-13	2.8E-10	31622776.6016838	1E10	1E-30	1E-10	1E10	1E-30	1E-10	1E10	1E-30	1E-10	1E10	1E-30	1E-10	1E10	1E-30	1E-10	1E10	1E-30	1E-10	1E10	1E-30	1E-10	1E10	1E-30	1E-10	1E10	1E-30	1E-10	1E10	1E-30	1E-10
69	8.2E-11	1E10	1E11	1E-30	1.10779445450235E-11	1E10	1E-30	1E10	8.60234846547016E-02	1E-30	3.5864388808563E-11	0.101050929493696	6.42753467441165E-10	1.49992129260293E-11	0.718783014020596	1.83382828821504E-10	1.41974782339117E-11	0.84770635202758	8.69460295739161E-13	3.24137347290796E-10	1E5	1.1013927121943E-12	2.00844624880248E-10	23.9177968410275	1E10	1E-30	1E-10	1E10	1E-30	1E-10	1E10	1E-30	1E-10	1E10	1E-30	1E-10	1E10	1E-30	1E-10	1E10	1E-30	1E-10	1E10	1E-30	1E-10	1E10	1E-30	1E-10	1E10	1E-30	1E-10	1E10	1E-30	1E-10
70	8.2E-11	1E10	1E11	1E-30	1.10779445450235E-11	1E10	1E-30	1E10	8.60234846547016E-02	1E-30	3.5864388808563E-11	0.101050929493696	6.42753467441165E-10	1.49992129260293E-11	0.718783014020596	1.83382828821504E-10	1.41974782339117E-11	0.84770635202758	8.69460295739161E-13	3.24137347290796E-10	1E5	1.1013927121943E-12	2.00844624880248E-10	23.9177968410275	1E10	1E-30	1E-10	1E10	1E-30	1E-10	1E10	1E-30	1E-10	1E10	1E-30	1E-10	1E10	1E-30	1E-10	1E10	1E-30	1E-10	1E10	1E-30	1E-10	1E10	1E-30	1E-10	1E10	1E-30	1E-10	1E10	1E-30	1E-10
71	1E-10	1E10	1E11	1E-30	3.15478672240097E-11	1E10	1E-30	1E10	0.12	1E-30	1.71450628616097E-11	8.03016968198855E-02	1.13559756637168E-09	7.23895900850272E-12	0.276738845670991	1.01382466512145E-10	2.88213788736519E-11	1.49990928591659	1.60867289593816E-12	1.77272782167943E-10	42.5333454116634	7.24996513779003E-13	3.50513034999607E-10	1E5	1E10	1E-30	1E-10	1E10	1E-30	1E-10	1E10	1E-30	1E-10	1E10	1E-30	1E-10	1E10	1E-30	1E-10	1E10	1E-30	1E-10	1E10	1E-30	1E-10	1E10	1E-30	1E-10	1E10	1E-30	1E-10	1E10	1E-30	1E-10
72	1E-10	1E10	1E11	1E-30	1.09388081197478E-11	1E10	1E-30	1E10	8.99380262194617E-02	1E-30	4.29370025945756E-11	0.157362647694313	1.02940388491553E-10	2.90297804268921E-11	1.36664078728167	3.4820095431859E-12	9.42832212685703E-11	16.16248494028	5.94337223847915E-13	4.37529318608791E-10	1E5	1E10	1E-30	1E-10	1E10	1E-30	1E-10	1E10	1E-30	1E-10	1E10	1E-30	1E-10	1E10	1E-30	1E-10	1E10	1E-30	1E-10	1E10	1E-30	1E-10	1E10	1E-30	1E-10	1E10	1E-30	1E-10	1E10	1E-30	1E-10	1E10	1E-30	1E-10
73	1.2E-10	1E10	1E11	1E-30	7.23600231112477E-12	1E10	1E-30	1E10	9.14136678303886E-02	1E-30	7.97943027411961E-11	4.50662144214862	1E-30	2.32881896781857E-11	9.32950921217396E-02	1.81684478465418E-09	6.05409688081744E-12	0.290908087316059	1.59239958575492E-10	2.46964003913698E-11	1.36715311106631	1.01134504845985E-12	4.99009708471778E-10	352.538408611725	1E10	1E-30	1E-10	1E10	1E-30	1E-10	1E10	1E-30	1E-10	1E10	1E-30	1E-10	1E10	1E-30	1E-10	1E10	1E-30	1E-10	1E10	1E-30	1E-10	1E10	1E-30	1E-10	1E10	1E-30	1E-10	1E10	1E-30	1E-10
74	1.2E-10	1E10	1E11	1E-30	7.23600231112477E-12	1E10	1E-30	1E10	9.14136678303886E-02	1E-30	7.97943027411961E-11	4.50662144214862	1E-30	2.32881896781857E-11	9.32950921217396E-02	1.81684478465418E-09	6.05409688081744E-12	0.290908087316059	1.59239958575492E-10	2.46964003913698E-11	1.36715311106631	1.01134504845985E-12	4.99009708471778E-10	352.538408611725	1E10	1E-30	1E-10	1E10	1E-30	1E-10	1E10	1E-30	1E-10	1E10	1E-30	1E-10	1E10	1E-30	1E-10	1E10	1E-30	1E-10	1E10	1E-30	1E-10	1E10	1E-30	1E-10	1E10	1E-30	1E-10	1E10	1E-30	1E-10
75	1.5E-10	1E10	1E11	1E-30	5.42085816619369E-11	1E10	1E-30	1E10	0.085	1E-30	8.61232792308066E-11	1.86861655934787	1.87847078437885E-09	8.09081838932526E-12	0.386876076416823	2.92787810695709E-10	1.99510054393502E-11	1.07728185726719	6.83219475274144E-12	5.00844831383192E-11	11.7905510463352	6.74088150789088E-13	3.68403203834382E-10	1E5	1E10	1E-30	1E-10	1E10	1E-30	1E-10	1E10	1E-30	1E-10	1E10	1E-30	1E-10	1E10	1E-30	1E-10	1E10	1E-30	1E-10	1E10	1E-30	1E-10	1E10	1E-30	1E-10	1E10	1E-30	1E-10	1E10	1E-30	1E-10
76	1.5E-10	1E10	1E11	1E-30	3.58152547298264E-12	1E10	1E-30	1E10	0.085	1E-30	8.47307594795346E-11	1.8723418280091	1.4859853040284E-09	9.97983027083764E-12	0.395688795005127	2.99363611946332E-10	1.93740860446096E-11	1.03764309825692	5.98503066312101E-12	5.74995717267508E-11	16.4772265922992	6.2521008322454E-13	3.97204461477481E-10	1E5	1E10	1E-30	1E-10	1E10	1E-30	1E-10	1E10	1E-30	1E-10	1E10	1E-30	1E-10	1E10	1E-30	1E-10	1E10	1E-30	1E-10	1E10	1E-30	1E-10	1E10	1E-30	1E-10	1E10	1E-30	1E-10	1E10	1E-30	1E-10
77	1.8E-10	1E10	1E11	1E-30	1E-12	1E10	1E-30	1E10	0.09	1E-30	9.57245239407722E-11	3.60872953416853	9.40624377379821E-13	4.12E-10	558.700482830196	3.09739617203784E-10	2.55233363695663E-11	1.20857554637111	1.36905214221287E-09	1.3990221594178E-11	0.554838719478033	1E10	1E-30	1E-10	1E10	1E-30	1E-10	1E10	1E-30	1E-10	1E10	1E-30	1E-10	1E10	1E-30	1E-10	1E10	1E-30	1E-10	1E10	1E-30	1E-10	1E10	1E-30	1E-10	1E10	1E-30	1E-10	1E10	1E-30	1E-10	1E10	1E-30	1E-10
78	1.8E-10	1E10	1E11	1E-30	1E-12	1E10	1E-30	1E10	0.09	1E-30	9.57245239407722E-11	3.60872953416853	9.40624377379821E-13	4.12E-10	558.700482830196	3.09739617203784E-10	2.55233363695663E-11	1.20857554637111	1.36905214221287E-09	1.3990221594178E-11	0.554838719478033	1E10	1E-30	1E-10	1E10	1E-30	1E-10	1E10	1E-30	1E-10	1E10	1E-30	1E-10	1E10	1E-30	1E-10	1E10	1E-30	1E-10	1E10	1E-30	1E-10	1E10	1E-30	1E-10	1E10	1E-30	1E-10	1E10	1E-30	1E-10	1E10	1E-30	1E-10
79	2.2E-10	1E10	1E11	1E-30	1.62617370435106E-10	1E10	1E-30	1E10	9.46199652328993E-02	1E-30	5.00198714270147E-11	0.898284164562545	1E-30	1.16488306433431E-11	3.50017184607574E-02	3.18890310090445E-09	5.9991676810734E-12	0.203907076792812	2.9822068900205E-10	2.40673978538416E-11	0.874742929244537	4.97656163877696E-12	5.35253635030084E-11	6.35083387738858	7.55718420875731E-13	3.28609476171986E-10	1E5	1E10	1E-30	1E-10	1E10	1E-30	1E-10	1E10	1E-30	1E-10	1E10	1E-30	1E-10	1E10	1E-30	1E-10	1E10	1E-30	1E-10	1E10	1E-30	1E-10	1E10	1E-30	1E-10	1E10	1E-30	1E-10
80	2.2E-10	1E10	1E11	1E-30	1.79501484396978E-11	1E10	1E-30	1E10	0.09	1E-30	6.40412312139601E-11	1.28262071605016	2.17428185089736E-09	8.82931962085797E-12	0.22024596284699	3.09294684534041E-10	2.29252489531785E-11	0.803844834987024	6.02813092706351E-10	1.60656185275911E-12	0.578629097639425	2.99741504305655E-12	1.18791138772545E-10	54.3618643244841	7.69133249681347E-13	3.62275116832782E-10	1E5	1E10	1E-30	1E-10	1E10	1E-30	1E-10	1E10	1E-30	1E-10	1E10	1E-30	1E-10	1E10	1E-30	1E-10	1E10	1E-30	1E-10	1E10	1E-30	1E-10	1E10	1E-30	1E-10	1E10	1E-30	1E-10
81	2.7E-10	1E10	1E11	1E-30	1E-11	1E10	1E-30	1E10	0.09	1E-30	7.38457553046904E-11	1.85594625891204	1.00523063367749E-12	4.79400558013665E-10	714.165965342164	3.98219712377438E-10	2.7531529118118E-11	0.797724502218071	1.72099720898785E-09	1.63084575190743E-11	0.329562052787156	1E10	1E-30	1E-10	1E10	1E-30	1E-10	1E10	1E-30	1E-10	1E10	1E-30	1E-10	1E10	1E-30	1E-10	1E10	1E-30	1E-10	1E10	1E-30	1E-10	1E10	1E-30	1E-10	1E10	1E-30	1E-10	1E10	1E-30	1E-10	1E10	1E-30	1E-10
82	2.7E-10	1E10	1E11	1E-30	1E-11	1E10	1E-30	1E10	0.09	1E-30	7.38457553046904E-11	1.85594625891204	1.00523063367749E-12	4.79400558013665E-10	714.165965342164	3.98219712377438E-10	2.7531529118118E-11	0.797724502218071	1.72099720898785E-09	1.63084575190743E-11	0.329562052787156	1E10	1E-30	1E-10	1E10	1E-30	1E-10	1E10	1E-30	1E-10	1E10	1E-30	1E-10	1E10	1E-30	1E-10	1E10	1E-30	1E-10	1E10	1E-30	1E-10	1E10	1E-30	1E-10	1E10	1E-30	1E-10	1E10	1E-30	1E-10	1E10	1E-30	1E-10
83	3.3E-10	1E10	1E11	1E-30	9E-11	1E10	1E-30	1E10	7.67711541844769E-02	1E-30	1.48847563815915E-11	0.321960842001914	2.75595956654632E-09	1.30512368148018E-11	0.371642540894157	4.2887305772486E-10	3.33418349720031E-11	0.956913377607868	1.50919359769293E-10	2.20133899771028E-11	0.479317529767439	4.8275942339257E-10	2.06280589809113E-12	0.485434175009557	2.99013772705866E-12	1.07304163736028E-10	33.7269981401283	8.92735385982877E-13	2.78174516566388E-10	1E5	1E10	1E-30	1E-10	1E10	1E-30	1E-10	1E10	1E-30	1E-10	1E10	1E-30	1E-10	1E10	1E-30	1E-10	1E10	1E-30	1E-10	1E10	1E-30	1E-10	1E10	1E-30	1E-10
84	3.3E-10	1E10	1E11	1E-30	1E-10	1E10	1E-30	1E10	7.48553995572944E-02	1E-30	3.20971963783738E-11	0.824977574850039	5.49595073234085E-10	2.59061463240251E-11	0.796485000991691	3.27477333261072E-10	1.16938687327414E-11	0.372332785555268	2.08765004156666E-11	1.70446781504616E-11	2.2133045583085	6.97056615902128E-13	3.402295556757E-10	1E5	1E10	1E-30	1E-10	1E10	1E-30	1E-10	1E10	1E-30	1E-10	1E10	1E-30	1E-10	1E10	1E-30	1E-10	1E10	1E-30	1E-10	1E10	1E-30	1E-10	1E10	1E-30	1E-10	1E10	1E-30	1E-10	1E10	1E-30	1E-10
85	3.9E-10	1E10	1E11	1E-30	2E-11	1E10	1E-30	1E10	0.06	1E-30	8.16955955868719E-11	4.26440962400721	7.55361435464844E-13	3.3E-10	1E10	2.59204995929319E-11	1.48945318561151E-11	4.18773069542905	4.43065325536192E-10	1.22159331349174E-11	0.449016583782787	5.28404021791266E-10	3.32898360833973E-11	0.874015944572909	2.53592879070392E-09	2.06791936312291E-11	0.674002699321973	1E10	1E-30	1E-10	1E10	1E-30	1E-10	1E10	1E-30	1E-10	1E10	1E-30	1E-10	1E10	1E-30	1E-10	1E10	1E-30	1E-10	1E10	1E-30	1E-10	1E10	1E-30	1E-10	1E10	1E-30	1E-10
86	3.9E-10	1E10	1E11	1E-30	1E-11	1E10	1E-30	1E10	0.05	1E-30	9.07031104089329E-11	1.22122382279335	6.15220981710117E-13	3.81228508003596E-10	1E10	4.21892250110081E-11	9.62020956989789E-12	1.96919101748707	2.26092176040791E-09	2.34506040425609E-12	0.140787660925676	8.59049518953044E-10	2.04766813590413E-11	0.620685104505688	2.57722033680501E-09	2.03478770321153E-11	0.663204005421469	1E10	1E-30	1E-10	1E10	1E-30	1E-10	1E10	1E-30	1E-10	1E10	1E-30	1E-10	1E10	1E-30	1E-10	1E10	1E-30	1E-10	1E10	1E-30	1E-10	1E10	1E-30	1E-10	1E10	1E-30	1E-10
87	4.7E-10	1E10	1E11	1E-30	3.9E-11	1E10	1E-30	1E10	6.33209230298791E-02	1E-30	3.92677669357535E-11	1.04073630577717	3.06075355531238E-09	1.99966234596063E-11	0.61612373524827	7.32948643491018E-10	2.83572967066581E-11	0.731697376435211	4.6388545238955E-10	1.27265420563324E-11	0.403424889827606	7.61114439065786E-12	3.9545062135831E-11	8.00292811483046	8.13162151488279E-13	2.85011861889635E-10	1E5	1E10	1E-30	1E-10	1E10	1E-30	1E-10	1E10	1E-30	1E-10	1E10	1E-30	1E-10	1E10	1E-30	1E-10	1E10	1E-30	1E-10	1E10	1E-30	1E-10	1E10	1E-30	1E-10	1E10	1E-30	1E-10
88	4.7E-10	1E10	1E11	1E-30	1.05E-10	1E10	1E-30	1E10	5.72525820858613E-02	1E-30	2.47261755899737E-11	0.508422350610034	2.92408307426668E-09	2.152422812063E-11	0.676589648997622	8.44250876090069E-10	2.40312664278491E-11	0.730928345140844	3.51568505065982E-10	1.74690659537582E-11	0.436214603902495	3.96380146845042E-12	6.72012139938981E-11	7.97348618492055	1.06479299959833E-12	2.33224893957016E-10	1E5	1E10	1E-30	1E-10	1E10	1E-30	1E-10	1E10	1E-30	1E-10	1E10	1E-30	1E-10	1E10	1E-30	1E-10	1E10	1E-30	1E-10	1E10	1E-30	1E-10	1E10	1E-30	1E-10	1E10	1E-30	1E-10
89	5.6E-10	1E10	1E11	1E-30	5E-11	1E10	1E-30	1E10	0.045	1E-30	6.02559672221474E-11	1.2969043547901	9.3958013389418E-13	2.64305539739587E-10	1E10	1.9235732878064E-11	1.8226096877346E-11	4.33966895163136	5.16002697594393E-10	1.60292127746377E-11	0.335799652910876	9.36440920401902E-10	2.93506290813468E-11	0.803094796062419	2.83522473869794E-09	2.65580868323607E-11	0.676625541737262	1E10	1E-30	1E-10	1E10	1E-30	1E-10	1E10	1E-30	1E-10	1E10	1E-30	1E-10	1E10	1E-30	1E-10	1E10	1E-30	1E-10	1E10	1E-30	1E-10	1E10	1E-30	1E-10	1E10	1E-30	1E-10
90	5.6E-10	1E10	1E11	1E-30	5E-11	1E10	1E-30	1E10	0.045	1E-30	6.02559672221474E-11	1.2969043547901	9.3958013389418E-13	2.64305539739587E-10	1E10	1.9235732878064E-11	1.8226096877346E-11	4.33966895163136	5.16002697594393E-10	1.60292127746377E-11	0.335799652910876	9.36440920401902E-10	2.93506290813468E-11	0.803094796062419	2.83522473869794E-09	2.65580868323607E-11	0.676625541737262	1E10	1E-30	1E-10	1E10	1E-30	1E-10	1E10	1E-30	1E-10	1E10	1E-30	1E-10	1E10	1E-30	1E-10	1E10	1E-30	1E-10	1E10	1E-30	1E-10	1E10	1E-30	1E-10	1E10	1E-30	1E-10
91	6.8E-10	1E10	1E11	1E-30	1.93878486297437E-10	1E10	1E-30	1E10	0.06	1E-30	4.77782702717229E-11	6.27501519671535	1E-30	4.96276757393105E-11	0.739201945010611	4.85818937780156E-09	1.87353918279054E-11	0.383777449729203	1.02663567727633E-09	3.01002698474952E-11	0.569486716362738	1.38353293656511E-09	6.97715916532647E-12	0.233144016260864	5.10187199894988E-10	2.01716230440393E-12	0.864728234180061	1.68166048379926E-12	1.6955155314774E-10	1E5	1E10	1E-30	1E-10	1E10	1E-30	1E-10	1E10	1E-30	1E-10	1E10	1E-30	1E-10	1E10	1E-30	1E-10	1E10	1E-30	1E-10	1E10	1E-30	1E-10	1E10	1E-30	1E-10
92	6.8E-10	1E10	1E11	1E-30	8.66328576828115E-11	1E10	1E-30	1E10	0.054535189498522	1E-30	3.14316032177254E-11	1.31679062357651	1E-30	6.44077468429479E-11	0.401560283348284	6.91525381514914E-09	1.31030792582255E-11	0.349598588635074	1.88966686920274E-09	1.69404535742226E-11	0.475461880307329	2.85073408718993E-11	1.1744802093974E-11	5.69779293461985	7.27370229140685E-13	3.18628463922229E-10	1E5	1E10	1E-30	1E-10	1E10	1E-30	1E-10	1E10	1E-30	1E-10	1E10	1E-30	1E-10	1E10	1E-30	1E-10	1E10	1E-30	1E-10	1E10	1E-30	1E-10	1E10	1E-30	1E-10	1E10	1E-30	1E-10
93	8.2E-10	1E10	1E11	1E-30	4.5E-11	1E10	1E-30	1E10	0.033	1E-30	9.07659576126929E-11	0.712874164080197	5E-13	3.3E-10	1E10	3.10969893180493E-11	1.27274659792599E-11	1.52952254396422	2.27370584736688E-09	6.24994860563286E-12	0.174995089268262	1.64550903956009E-09	2.53017631207043E-11	0.571829026670391	6.38506232439271E-09	1.75827946211273E-11	0.485049167184735	1E10	1E-30	1E-10	1E10	1E-30	1E-10	1E10	1E-30	1E-10	1E10	1E-30	1E-10	1E10	1E-30	1E-10	1E10	1E-30	1E-10	1E10	1E-30	1E-10	1E10	1E-30	1E-10	1E10	1E-30	1E-10
94	8.2E-10	1E10	1E11	1E-30	4.5E-11	1E10	1E-30	1E10	0.033	1E-30	9.07659576126929E-11	0.712874164080197	5E-13	3.3E-10	1E10	3.10969893180493E-11	1.27274659792599E-11	1.52952254396422	2.27370584736688E-09	6.24994860563286E-12	0.174995089268262	1.64550903956009E-09	2.53017631207043E-11	0.571829026670391	6.38506232439271E-09	1.75827946211273E-11	0.485049167184735	1E10	1E-30	1E-10	1E10	1E-30	1E-10	1E10	1E-30	1E-10	1E10	1E-30	1E-10	1E10	1E-30	1E-10	1E10	1E-30	1E-10	1E10	1E-30	1E-10	1E10	1E-30	1E-10	1E10	1E-30	1E-10
95	1.00183094908985E-09	1E10	1E11	1E-30	1.04820814622392E-10	1E10	1E-30	1E10	1.96506884179278E-02	1E-30	6.73222826203768E-11	0.539491238353057	1E-30	7.18478193802812E-11	1.79880549576566E-02	5.82558509201938E-09	2.39530259130784E-11	0.54244469004498	2.45408312150244E-09	2.15821541115507E-11	0.56817719134756	1.40128660046037E-09	1.29276521340845E-11	0.260324410698978	2.0948690810766E-11	1.67357633042237E-11	4.39580213788831	1.12100446970421E-12	2.06743920365464E-10	1E5	1E10	1E-30	1E-10	1E10	1E-30	1E-10	1E10	1E-30	1E-10	1E10	1E-30	1E-10	1E10	1E-30	1E-10	1E10	1E-30	1E-10	1E10	1E-30	1E-10	1E10	1E-30	1E-10
96	1.02478497461294E-09	1E10	1E11	1E-30	2.11009398642991E-10	1E10	1E-30	1E10	2.19131082250637E-02	1E-30	4.69193107735072E-11	0.485055483642987	1E-30	5.08842106778587E-11	0.016278050827968	4.28070125119793E-09	3.31593203628779E-11	0.556066691547296	1.78680305304146E-09	3.08252081982294E-11	0.62046363555503	8.50056526685011E-09	3.78667937296037E-12	0.129954876511647	9.53979118932659E-10	1.8144118546292E-11	0.347362244077383	4.4039130901262E-12	6.64272846831408E-11	1E5	5.31609127380615E-12	4.70866567875357E-11	3.34324120990733	1E10	1E-30	1E-10	1E10	1E-30	1E-10	1E10	1E-30	1E-10	1E10	1E-30	1E-10	1E10	1E-30	1E-10	1E10	1E-30	1E-10	1E10	1E-30	1E-10
97	1.18011899576335E-09	1E10	1E11	1E-30	9.16801036873662E-11	1E10	1E-30	1E10	0.012	1E-30	5.38751188476877E-11	0.453466113179634	1E-30	8.87561252223093E-11	2.07183431349145E-02	1E-30	1.18700983332696E-11	1.38061222372678E-02	1.76966802408453E-08	7.31304643249282E-12	0.171321261048047	1.64657179114305E-09	3.30959410286994E-11	0.601363379781585	1.00694916320752E-12	3.58288147559256E-10	499.445460040934	1E10	1E-30	1E-10	1E10	1E-30	1E-10	1E10	1E-30	1E-10	1E10	1E-30	1E-10	1E10	1E-30	1E-10	1E10	1E-30	1E-10	1E10	1E-30	1E-10	1E10	1E-30	1E-10	1E10	1E-30	1E-10
98	1.18011899576335E-09	1E10	1E11	1E-30	9.16801036873662E-11	1E10	1E-30	1E10	0.012	1E-30	5.38751188476877E-11	0.453466113179634	1E-30	8.87561252223093E-11	2.07183431349145E-02	1E-30	1.18700983332696E-11	1.38061222372678E-02	1.76966802408453E-08	7.31304643249282E-12	0.171321261048047	1.64657179114305E-09	3.30959410286994E-11	0.601363379781585	1.00694916320752E-12	3.58288147559256E-10	499.445460040934	1E10	1E-30	1E-10	1E10	1E-30	1E-10	1E10	1E-30	1E-10	1E10	1E-30	1E-10	1E10	1E-30	1E-10	1E10	1E-30	1E-10	1E10	1E-30	1E-10	1E10	1E-30	1E-10	1E10	1E-30	1E-10
99	1.46825878698666E-09	1E10	1E11	1E-30	2.68797134394968E-11	1E10	1E-30	1E10	0.015	1E-30	5.04065787531185E-11	0.379980448333101	1E-30	1.22522766770368E-10	2.76163653293906E-02	1.07414055867088E-08	1.58956211118595E-11	0.241953518803793	1.83618802349674E-09	4.1460296380779E-11	0.595961397019392	2.62898615249475E-09	9.5160256042792E-12	0.188408001879178	7.17650787530356E-13	3.25558514004304E-10	1E5	2.36634419799878E-12	6.81176798484584E-11	6.43831486307871	1E10	1E-30	1E-10	1E10	1E-30	1E-10	1E10	1E-30	1E-10	1E10	1E-30	1E-10	1E10	1E-30	1E-10	1E10	1E-30	1E-10	1E10	1E-30	1E-10	1E10	1E-30	1E-10
100	1.54620441517428E-09	1E10	1E11	1E-30	1.64934395125228E-10	1E10	1E-30	1E10	0.017	1E-30	5.16258194476247E-11	0.50704394339583	1E-30	1.12592700590633E-10	2.91936107842793E-02	9.04289856696568E-09	2.01349843426518E-11	0.237916962908351	2.76869358678827E-09	3.0271571012839E-11	0.42257128833908	1.1414033178605E-09	2.10445637415012E-11	0.173856233772287	1.83185727515711E-11	2.03401836511774E-11	1.02756012595412	1.20101374299292E-12	2.2747643857363E-10	1E5	1E10	1E-30	1E-10	1E10	1E-30	1E-10	1E10	1E-30	1E-10	1E10	1E-30	1E-10	1E10	1E-30	1E-10	1E10	1E-30	1E-10	1E10	1E-30	1E-10	1E10	1E-30	1E-10
101	1.80758272546474E-09	1E10	1E11	1E-30	1.98554773852694E-10	1E10	1E-30	1E10	2.05144553596546E-02	1E-30	5.18831756750567E-11	2.28881663204252E-02	1.64026058854367E-08	1.29010277000858E-11	0.180111687680688	3.02107692028495E-09	2.50420224684259E-11	0.36992864735611	8.33791619622677E-10	2.40479663152561E-11	0.223959848529261	8.65956722930165E-12	4.5490987685383E-11	0.881143954662253	9.60617330875805E-13	2.30642106156347E-10	1E5	1E10	1E-30	1E-10	1E10	1E-30	1E-10	1E10	1E-30	1E-10	1E10	1E-30	1E-10	1E10	1E-30	1E-10	1E10	1E-30	1E-10	1E10	1E-30	1E-10	1E10	1E-30	1E-10	1E10	1E-30	1E-10
102	2.23172162399694E-09	1E10	1E11	1E-30	1.98500853552649E-10	1E10	1E-30	1E10	1.55081577047275E-02	1E-30	5.13899848452754E-11	0.712909755021662	1E-30	6.80086885744402E-11	1.42922366094603E-02	1.14079557833332E-08	2.49828744544289E-11	0.26700633403342	4.715925822072E-09	2.23434078599286E-11	0.343196520972182	1.26416147402867E-09	2.41172391764969E-11	0.208646743525446	1.10143437618779E-10	2.64448487220072E-12	0.3791678527383	1.49033073840498E-12	1.70222535394263E-10	1E5	1E10	1E-30	1E-10	1E10	1E-30	1E-10	1E10	1E-30	1E-10	1E10	1E-30	1E-10	1E10	1E-30	1E-10	1E10	1E-30	1E-10	1E10	1E-30	1E-10	1E10	1E-30	1E-10
103	2.70664431927829E-09	1E10	1E11	1E-30	3.40504161948288E-10	1E10	1E-30	1E10	1.03551582105528E-02	1E-30	7.56493159405241E-11	0.362585149284042	1E-30	7.62276748961655E-11	1.77938268589321E-02	2.10652277297789E-08	1.57873746585238E-11	0.237193055157594	5.66534724351509E-09	2.66352944515571E-11	0.392448379345479	5.26464791776091E-09	9.28037375010989E-12	0.113425780764402	6.00174975692264E-12	5.16513072858955E-11	34.6009254492535	1E10	1E-30	1E-10	1E10	1E-30	1E-10	1E10	1E-30	1E-10	1E10	1E-30	1E-10	1E10	1E-30	1E-10	1E10	1E-30	1E-10	1E10	1E-30	1E-10	1E10	1E-30	1E-10	1E10	1E-30	1E-10
104	3.30595927550244E-09	1E10	1E11	1E-30	5.56495037951252E-12	1E10	1E-30	1E10	1.43905975953109E-02	1E-30	6.67848016215399E-11	0.380140949963303	1E-30	4.26233581987162E-11	1.02747090792206E-02	2.48720899109469E-08	1.62208801778614E-11	0.243593741348846	5.05881071877748E-09	3.86205812071124E-11	0.420500213916233	3.78444153344519E-09	1.70301412938384E-11	0.114941224375952	3.44832526132343E-11	8.68712705763485E-12	0.968884257028566	7.71853824827327E-13	3.15335384214679E-10	1E5	1E10	1E-30	1E-10	1E10	1E-30	1E-10	1E10	1E-30	1E-10	1E10	1E-30	1E-10	1E10	1E-30	1E-10	1E10	1E-30	1E-10	1E10	1E-30	1E-10	1E10	1E-30	1E-10
105	3.83557423983721E-09	1E10	1E11	1E-30	3.17470568158495E-10	1E10	1E-30	1E10	7.59765126387253E-03	1E-30	1.023185591364E-10	0.36907772469706	1E-30	5.33824112883436E-11	1.33458684863925E-02	1E-30	1.38096167963766E-10	5.29109157657465E-03	2.12861262465932E-08	2.38791332704283E-11	0.302548575230672	8.42572989360351E-09	2.81593467748904E-11	0.390548541691806	1.69913550927864E-11	2.14516689016798E-11	5.92703236630671	1E10	1E-30	1E-10	1E10	1E-30	1E-10	1E10	1E-30	1E-10	1E10	1E-30	1E-10	1E10	1E-30	1E-10	1E10	1E-30	1E-10	1E10	1E-30	1E-10	1E10	1E-30	1E-10	1E10	1E-30	1E-10
106	6.81925036058288E-09	1E10	1E10	1E-30	9E-11	1E10	1E-30	1E10	9.84086400435587E-02	6.69955406426906E-07	1E10	3934.84288800961	1.08335195256925E-06	1E10	175.76297557658	1.07960013296094E-06	1E10	22.1272476405915	7.87937754281057E-07	1E10	3.60046187832949	5.95990187304124E-07	1E10	0.534085783565698	3.54868021651967E-07	1E10	0.132673217637248	6.20036608732194E-07	1E10	2.73927235346855E-02	1E-30	3.88522207235815E-11	0.25109043675604	6.18863129752828E-09	3.34125456598579E-11	0.107155453982384	2.32716187257721E-11	2.05758600951239E-10	3.2226357020164	1.8171894314974E-12	2.12456500253367E-10	33.5734920060702	1E10	1E-30	1E-10	1E10	1E-30	1E-10	1E10	1E-30	1E-10	1E10	1E-30	1E-10
107	1.00968210397945E-08	1E10	1E10	1E-30	1.8622355427418E-10	1E10	1E-30	1E10	7.00172239956698E-02	1.10312093815446E-06	1E10	3606.92417275129	1.75017904817952E-06	1E10	279.986448899652	1.86041547566164E-06	1E10	39.5491371056358	1.39154181109022E-06	1E10	10.1935127790478	1.01170150506497E-06	1E10	1.37014880279012	5.49469716372124E-07	1E10	0.321835435854847	4.634384929825E-07	1E10	4.90602761444719E-02	1E-30	8.51159376997839E-11	0.255868186656166	1.74719336531844E-07	5.93006325732738E-12	1.39284650721092E-02	1.31758908814632E-08	3.07595697486789E-11	0.069054155153425	3.28700221527422E-11	1.33788191482643E-10	2.42097407711387	2.50888144472516E-12	1.25156032655762E-10	13.2335287108835	1E10	1E-30	1E-10	1E10	1E-30	1E-10	1E10	1E-30	1E-10
108	1.53699891268609E-08	1E10	1E10	1E-30	2.3560907719107E-10	1E10	1E-30	1E10	5.13957164237584E-02	1.94579042370105E-06	1E10	1763.07829269369	4.45217861787786E-06	1E10	133.743165585818	2.315466656271E-06	1E10	30.6387891819314	2.96741871156075E-06	1E10	2.4337255324973	2.1244924794281E-06	1E10	0.593385578018656	1.6782574929595E-06	1E10	0.123352461138536	8.53553655955422E-07	1E10	4.75388066293189E-02	1E-30	1.17809506176484E-10	0.643841741824622	7.18097821617999E-08	2.12001873466625E-11	0.03982262908479	2.2254487629888E-08	3.01630688865236E-11	0.075520910466726	2.49441144014906E-10	1.98928588597185E-11	0.612700158788151	6.44762941279398E-12	6.36235407706794E-11	5.86754479807283	1E10	1E-30	1E-10	1E10	1E-30	1E-10	1E10	1E-30	1E-10
109	2.31948906796739E-08	1E10	1E10	1E-30	2.07E-10	1E10	1E-30	1E10	4.16946568508744E-02	2.83984511249469E-06	1E10	1401.08823533763	4.61056348566437E-06	1E10	143.372377278801	3.68034192778359E-06	1E10	23.2522769153113	3.26367115993498E-06	1E10	3.1485727894565	2.92686224936304E-06	1E10	0.431934454794862	1.85365178073924E-06	1E10	9.49949940450136E-02	1.0204803057143E-06	1E10	2.24365208144789E-02	1E-30	1.00988023884721E-10	0.158631616968395	1.75127866392807E-07	1.44638865489112E-11	2.01953954330737E-02	4.23704795024435E-08	2.65701720296647E-11	3.97297743656162E-02	7.84288969600003E-11	5.16754347286116E-11	0.760983591161556	2.77277659216266E-12	1.19847476731443E-10	12.713752228418	1E10	1E-30	1E-10	1E10	1E-30	1E-10	1E10	1E-30	1E-10
110	2.20638920894318E-07	1E10	2272727272.72727	1E-30	8E-11	1E10	1E-30	1E10	1.04122077523887E-02	2.55196510740725E-05	1E10	159.54581185305	4.15477322377999E-05	1E10	18.7449984246991	2.94603690793431E-05	1E10	3.57178581565471	2.67929116370749E-05	1E10	0.517368781983212	2.31403317576492E-05	1E10	6.41875132514093E-02	1.75042222019101E-05	1E10	1.19011060983299E-02	2.43833537932621E-05	1E10	1.66980862572915E-03	1E-30	2.0085170801277E-11	9.46491375530821E-02	1E-30	1.48283818662131E-10	0.051760817261688	1.3982372106209E-06	2.01287542773123E-11	0.010347765801303	4.91925510062119E-07	2.78767626812843E-11	1.74743112165088E-02	9.57417928429312E-12	6.66588180294981E-11	6.83331425846196	1.1E-12	1.6E-10	60	1E10	1E-30	1E-10	1E10	1E-30	1E-10
111	2.18167874829371E-07	1E10	2272727272.72727	1E-30	1.55E-10	1E10	1E-30	1E10	8.2121154369483E-03	3.11202387648867E-05	1E10	127.854853793307	4.64430921583754E-05	1E10	18.0599781245299	4.1248440003686E-05	1E10	2.55103971559641	3.94908567714467E-05	1E10	0.359189452789575	3.77382032779608E-05	1E10	4.21734288512994E-02	3.11919370098426E-05	1E10	8.60375033555173E-03	2.1640115317464E-05	1E10	9.62654785048936E-04	1E-30	2.02484720625979E-11	0.084816601437701	1E-30	1.41686073666378E-10	0.053414391377553	1.13717989305347E-06	2.59116475905846E-11	1.38413552422664E-02	4.63778448155173E-07	3.11321932466344E-11	2.11642366179096E-02	8.00148289748498E-12	7.49278150938989E-11	10.8818539938188	2.5E-12	1E-10	40	1E10	1E-30	1E-10	1E10	1E-30	1E-10
112	3.08986350094879E-07	1E10	1515151515.15152	1E-30	7.31547464547689E-11	1E10	1E-30	1E10	9.69372567081509E-03	3.8000478416101E-05	1E10	104.705881166262	5.48613534281326E-05	1E10	13.1816894564508	4.8344745787201E-05	1E10	2.34407269499336	4.18648033576831E-05	1E10	0.380164076568359	3.21187158069303E-05	1E10	5.23815176822656E-02	2.15711783247006E-05	1E10	9.17926593673051E-03	1E-30	2.3321042046357E-11	8.49413207468692E-02	1E-30	1.37913421068883E-10	5.13647443648794E-02	2.37683498688474E-06	1.78712274600703E-11	7.39659436570172E-03	3.93152385821525E-07	5.01196000764869E-11	1.82842772292342E-02	8.1655376663985E-12	7.10378961149485E-11	9.43624933496626	5.9876352177417E-12	6.09796430539642E-11	12.885654489994	2.55677194723256E-12	9.71288169389894E-11	1E5	1E10	1E-30	1E-10	1E10	1E-30	1E-10
113	4.42974549547489E-07	1E10	1063829787.23404	1E-30	1.05E-10	1E10	1E-30	1E10	7.44149286841635E-03	5.06725247155203E-05	1E10	78.5213209650615	6.07118344174762E-05	1E10	8.22219168131835	5.58938450534054E-05	1E10	0.966023290262507	5.91470596606929E-05	1E10	0.111014556861058	3.89122230562527E-05	1E10	0.024084303362124	2.85942886773532E-05	1E10	1.85532321842003E-03	1E-30	2.2934110847902E-11	8.84734628743425E-02	1E-30	1.59477448350744E-10	4.16724612095321E-02	3.48853701558303E-06	1.83438177065204E-11	6.94590992173478E-03	8.48585904226516E-07	3.86177261870773E-11	1.40678163060214E-02	1.01201566064764E-11	5.92415368983595E-11	8.08710432756226	1E-12	1.6E-10	40	1E10	1E-30	1E-10	1E10	1E-30	1E-10	1E10	1E-30	1E-10
114	3.76364144287253E-07	1E10	1063829787.23404	1E-30	1.53313418488072E-10	1E10	1E-30	1E10	8.77970631052775E-03	1.28170281864424E-05	1E10	151.438476328543	1.41793802095478E-05	1E10	13.8113531907175	1.25017498662328E-05	1E10	1.73874635030586	9.40302419740035E-06	1E10	0.269299924342715	6.9843686542762E-06	1E10	3.95263544763987E-02	9.9463303254756E-06	1E10	5.10745340387297E-03	1E-30	1.86810992595666E-11	0.098042115985301	1E-30	1.56490661810687E-10	5.28539766842865E-02	1.99669025502485E-06	2.26464800949254E-11	1.31428811798689E-02	5.35661270543583E-07	4.23302864796492E-11	2.02898810247806E-02	1.25282808023371E-11	3.90978989605611E-11	11.9847774155132	2.931121387427E-12	8.28221679746838E-11	19.3989751711556	1E10	1E-30	1E-10	1E10	1E-30	1E-10	1E10	1E-30	1E-10
115	6.97826296556659E-07	1E10	5E8	1E-30	1.99155931744271E-10	1E10	1E-30	1E10	7.75152319452053E-03	1.26403548147582E-05	1E10	419.700621341407	2.0879562026932E-05	1E10	19.5419166382526	1.92290167163432E-05	1E10	2.11500389500889	1.6252002303189E-05	1E10	0.263658218397648	1.29236041053802E-05	1E10	3.88144574431486E-02	2.21294528967249E-05	1E10	3.78021126981733E-03	1E-30	3.15867639874861E-11	0.115764959804472	1E-30	1.89485315042189E-10	4.28630066261889E-02	2.52186816495749E-06	3.55633379921498E-11	1.15058197910151E-02	1.43905716511784E-06	3.03856319577883E-11	1.29942484697846E-02	3.32347439213613E-12	1.01601249216322E-10	26.8467052047863	1E10	1E-30	1E-10	1E10	1E-30	1E-10	1E10	1E-30	1E-10	1E10	1E-30	1E-10
116	6.97826296556659E-07	1E10	5E8	1E-30	1.99155931744271E-10	1E10	1E-30	1E10	7.75152319452053E-03	1.26403548147582E-05	1E10	419.700621341407	2.0879562026932E-05	1E10	19.5419166382526	1.92290167163432E-05	1E10	2.11500389500889	1.6252002303189E-05	1E10	0.263658218397648	1.29236041053802E-05	1E10	3.88144574431486E-02	2.21294528967249E-05	1E10	3.78021126981733E-03	1E-30	3.15867639874861E-11	0.115764959804472	1E-30	1.89485315042189E-10	4.28630066261889E-02	2.52186816495749E-06	3.55633379921498E-11	1.15058197910151E-02	1.43905716511784E-06	3.03856319577883E-11	1.29942484697846E-02	3.32347439213613E-12	1.01601249216322E-10	26.8467052047863	1E10	1E-30	1E-10	1E10	1E-30	1E-10	1E10	1E-30	1E-10	1E10	1E-30	1E-10
117	1.54136627165893E-06	1E10	22727272.7272727	1E-30	1.68865876847935E-10	1E10	1E-30	1E10	5.97238685237669E-03	1.89602984995417E-05	1E10	306.798835318777	4.33648735435881E-05	1E10	9.87897138459408	3.83342720849309E-05	1E10	1.11360542350535	3.32810751845138E-05	1E10	0.122550956227731	2.66411406786792E-05	1E10	1.66346216894624E-02	1E-30	3.36553268165551E-11	9.20441514731529E-02	1E-30	2.06038841555417E-10	3.24825695976571E-02	7.93950721757536E-06	2.72422558950785E-11	4.64412067329436E-03	3.18356006583802E-06	3.60460082234444E-11	7.37116420676491E-03	2.77382503447449E-12	1.21734120134748E-10	32.1665339927394	1E10	1E-30	1E-10	1E10	1E-30	1E-10	1E10	1E-30	1E-10	1E10	1E-30	1E-10	1E10	1E-30	1E-10
END DSCRDATA
