BEGIN DSCRDATA
% INDEX	K01	L01	M01	K02	L02	M02	K03	L03	M03	K04	L04	M04	K05	L05	M05	K06	L06	M06	K07	L07	M07	K08	L08	M08	K09	L09	M09	K10	L10	M10	K11	L11	M11	K12	L12	M12	K13	L13	M13	K14	L14	M14	K15	L15	M15	K16	L16	M16	K17	L17	M17	K18	L18	M18
0	0	0	0	0	0	0	0	0	0	0	0	0	0	0	0	0	0	0	0	0	0	0	0	0	0	0	0	0	0	0	0	0	0	0	0	0	0	0	0	0	0	0	0	0	0	0	0	0	0	0	0	0	0	0
1	1E-10	1E10	1E11	1E-30	7.37985460808022E-11	1E10	1E-30	1E10	0.11	1E-30	1.43628944499973E-11	0.314358164486091	5.90847824990454E-10	9.54572790146811E-12	0.715128908801837	7.23690954377048E-11	2.36984008681195E-11	1.7100527879331	2.64541569427554E-12	7.16627566048377E-11	9.04922356426035	6.38853853400517E-13	2.96232929038841E-10	1E5	1E10	1E-30	1E-10	1E10	1E-30	1E-10	1E10	1E-30	1E-10	1E10	1E-30	1E-10	1E10	1E-30	1E-10	1E10	1E-30	1E-10	1E10	1E-30	1E-10	1E10	1E-30	1E-10	1E10	1E-30	1E-10	1E10	1E-30	1E-10
2	1.2E-10	1E10	1E11	1E-30	7.52215725621667E-11	1E10	1E-30	1E10	0.1	3.89970922559844E-10	1.82059314683718E-11	1.12525658375834	9.55748245624494E-11	2.4268805746169E-11	1.98972456672314	1.37266937397929E-12	2.29297029909915E-10	89.2892885226657	2.13593795018301E-12	1.04944973972468E-10	1E5	1E10	1E-30	1E-10	1E10	1E-30	1E-10	1E10	1E-30	1E-10	1E10	1E-30	1E-10	1E10	1E-30	1E-10	1E10	1E-30	1E-10	1E10	1E-30	1E-10	1E10	1E-30	1E-10	1E10	1E-30	1E-10	1E10	1E-30	1E-10	1E10	1E-30	1E-10
3	1.5E-10	1E10	1E11	1E-30	1.86852694716302E-10	1E10	1E-30	1E10	9.34491871181833E-02	4.5220710801514E-10	1.98508900490193E-11	0.969818495206863	1.13352707873212E-10	2.46345493584086E-11	1.74591465563436	1.2175927039889E-11	3.85251613583902E-11	2.18371943767987	1.09315430336573E-12	2.07185149339169E-10	1E5	1E10	1E-30	1E-10	1E10	1E-30	1E-10	1E10	1E-30	1E-10	1E10	1E-30	1E-10	1E10	1E-30	1E-10	1E10	1E-30	1E-10	1E10	1E-30	1E-10	1E10	1E-30	1E-10	1E10	1E-30	1E-10	1E10	1E-30	1E-10	1E10	1E-30	1E-10
4	1.8E-10	1E10	1E11	1E-30	2.09330342313501E-10	1E10	1E-30	1E10	0.085	1E-30	2.47113320842329E-11	0.655730656210194	6.34830972388198E-10	1.56256530789368E-11	0.725177691212585	1.32639402317026E-10	2.37463724016476E-11	1.68034031860057	1.79995186882292E-12	1.49723297757675E-10	1E5	4.0932246249658E-12	6.06475737723661E-11	10.4944774293887	1E10	1E-30	1E-10	1E10	1E-30	1E-10	1E10	1E-30	1E-10	1E10	1E-30	1E-10	1E10	1E-30	1E-10	1E10	1E-30	1E-10	1E10	1E-30	1E-10	1E10	1E-30	1E-10	1E10	1E-30	1E-10	1E10	1E-30	1E-10
5	2.2E-10	1E10	1E11	1E-30	2.78873838257643E-11	1E10	1E-30	1E10	7.72007080886243E-02	5.84391163454925E-10	2.44632086402586E-11	0.898757822994773	1.7055388965888E-10	2.79099124715132E-11	1.58688219345221	3.45271532116175E-10	5.94569592739465E-12	0.376770751713841	7.61635615741297E-11	1.40252424249404E-11	1.0972998059602	2.81057835569273E-11	1.64238276452955E-11	2.01578650540989	5.26422843122819E-13	3.46111117753053E-10	1E5	1E10	1E-30	1E-10	1E10	1E-30	1E-10	1E10	1E-30	1E-10	1E10	1E-30	1E-10	1E10	1E-30	1E-10	1E10	1E-30	1E-10	1E10	1E-30	1E-10	1E10	1E-30	1E-10	1E10	1E-30	1E-10
6	2.7E-10	1E10	1E11	1E-30	6.3416083517065E-11	1E10	1E-30	1E10	0.07	1E-30	3.9998229392208E-11	1.2470104637414	8.63805006072336E-10	2.3272052197612E-11	1.01792743961647	2.49768792285962E-10	2.7714198219222E-11	1.53709170786241	1.32189234550645E-09	2.3153402075743E-12	0.268100035121937	5.1450846577921E-10	3.30702898589727E-12	0.431544598274459	5.91627449141201E-12	5.26884934577472E-11	13.11504063422	1.08206658736243E-12	2.18759715906673E-10	1E5	1E10	1E-30	1E-10	1E10	1E-30	1E-10	1E10	1E-30	1E-10	1E10	1E-30	1E-10	1E10	1E-30	1E-10	1E10	1E-30	1E-10	1E10	1E-30	1E-10	1E10	1E-30	1E-10
7	3.3E-10	1E10	1E11	1E-30	1.31240410809707E-10	1E10	1E-30	1E10	7.44303636445688E-02	1E-30	9.16484765125297E-12	2.81498204793689E-02	7.76751997445672E-10	1.54467090682854E-11	0.265681865437648	1.01690418564091E-10	2.86474963256217E-11	0.881109733706512	3.27173933833824E-10	3.00887441277991E-12	0.567473874518233	7.37505663851185E-12	4.30073438308047E-11	8.97479993336415	8.08402556387835E-13	3.21222743864156E-10	1E5	1E10	1E-30	1E-10	1E10	1E-30	1E-10	1E10	1E-30	1E-10	1E10	1E-30	1E-10	1E10	1E-30	1E-10	1E10	1E-30	1E-10	1E10	1E-30	1E-10	1E10	1E-30	1E-10	1E10	1E-30	1E-10
8	3.9E-10	1E10	1E11	1E-30	3.534663633892E-11	1E10	1E-30	1E10	0.065	1.15203849220947E-09	1.48293641603311E-11	0.286897531432628	2.30902351336716E-10	2.21334460464919E-11	0.720756654489317	7.84958516834726E-10	3.61971843576016E-12	0.29145720355543	7.94794512107747E-13	4.31277860463782E-10	672.323713383677	1E10	1E-30	1E-10	1E10	1E-30	1E-10	1E10	1E-30	1E-10	1E10	1E-30	1E-10	1E10	1E-30	1E-10	1E10	1E-30	1E-10	1E10	1E-30	1E-10	1E10	1E-30	1E-10	1E10	1E-30	1E-10	1E10	1E-30	1E-10	1E10	1E-30	1E-10
9	4.7E-10	1E10	1E11	1E-30	1.81588422927853E-11	1E10	1E-30	1E10	0.06	1E-30	4.80561353280543E-11	1.43785144851026	1.37112646785997E-09	1.74472592019894E-11	0.285756492847376	2.63024934105196E-10	2.63514573046816E-11	0.611055216702792	2.12194178755088E-11	2.10473726411321E-11	2.58961015770059	5.31336202179962E-13	3.93800041542993E-10	1E5	1E10	1E-30	1E-10	1E10	1E-30	1E-10	1E10	1E-30	1E-10	1E10	1E-30	1E-10	1E10	1E-30	1E-10	1E10	1E-30	1E-10	1E10	1E-30	1E-10	1E10	1E-30	1E-10	1E10	1E-30	1E-10	1E10	1E-30	1E-10
10	5.6E-10	1E10	1E11	1E-30	8.58615572336048E-11	1E10	1E-30	1E10	0.05	1.76064594740877E-09	1.88730882397984E-11	0.350631494589349	3.10077910579322E-10	3.29663002729393E-11	0.710422259521985	2.63815891375236E-10	1.07652808536253E-11	0.557915283458772	3.64206666617661E-12	8.60443178931501E-11	27.7033463659996	1.21940939599467E-12	2.53746896478688E-10	1E5	1E10	1E-30	1E-10	1E10	1E-30	1E-10	1E10	1E-30	1E-10	1E10	1E-30	1E-10	1E10	1E-30	1E-10	1E10	1E-30	1E-10	1E10	1E-30	1E-10	1E10	1E-30	1E-10	1E10	1E-30	1E-10	1E10	1E-30	1E-10
11	6.8E-10	1E10	1E11	1E-30	3.19255791466929E-10	1E10	1E-30	1E10	0.045	1E-30	6.53221582425287E-11	1.48706718021718	2.07286307408358E-09	2.23572965660371E-11	0.416826846625585	5.36953137499324E-10	2.74742411864752E-11	0.667296244305762	3.55526177471848E-12	7.25266214269832E-11	1E5	1E10	1E-30	1E-10	1E10	1E-30	1E-10	1E10	1E-30	1E-10	1E10	1E-30	1E-10	1E10	1E-30	1E-10	1E10	1E-30	1E-10	1E10	1E-30	1E-10	1E10	1E-30	1E-10	1E10	1E-30	1E-10	1E10	1E-30	1E-10	1E10	1E-30	1E-10
12	8.2E-10	1E10	1E11	1E-30	2.17685445511813E-10	1E10	1E-30	1E10	0.04	1E-30	3.66323107300813E-11	0.578092967942315	3.2308817746294E-09	1.80678548094197E-11	0.349765716154599	6.15811785025294E-10	3.41325842264618E-11	0.696017746155026	6.71782877414906E-12	4.56119706948664E-11	11.653059153324	1.92259563120294E-12	1.3081643969453E-10	1E5	1E10	1E-30	1E-10	1E10	1E-30	1E-10	1E10	1E-30	1E-10	1E10	1E-30	1E-10	1E10	1E-30	1E-10	1E10	1E-30	1E-10	1E10	1E-30	1E-10	1E10	1E-30	1E-10	1E10	1E-30	1E-10	1E10	1E-30	1E-10
13	9.81417817066685E-10	1E10	1E11	1E-30	3.16227766016838E-11	1E10	1E-30	1E10	2.28345333659488E-02	1.24369877839945E-08	8.79737471827524E-11	2.64513894541142E-02	3.71806399529306E-09	1.31845171592189E-11	0.136714665301802	5.4861574412399E-10	2.52697198946887E-11	0.33408946608462	4.72475811455006E-12	5.27673807459267E-11	0.820472931777002	5.35034882640426E-13	4.1880212369536E-10	91201.083935591	1E10	1E-30	1E-10	1E10	1E-30	1E-10	1E10	1E-30	1E-10	1E10	1E-30	1E-10	1E10	1E-30	1E-10	1E10	1E-30	1E-10	1E10	1E-30	1E-10	1E10	1E-30	1E-10	1E10	1E-30	1E-10	1E10	1E-30	1E-10
14	1.1729972649913E-09	1E10	1E11	1E-30	2.04743564304547E-10	1E10	1E-30	1E10	0.02	1E-30	7.2921446243332E-11	3.42887165290411E-02	5.93938253161479E-09	1.11185828557278E-11	0.163604092758139	7.49687311882163E-10	2.51092694744387E-11	0.370701541817754	1.05703497214539E-12	2.13917903783322E-10	1E5	3.90665526694519E-12	5.01696633174827E-11	1.12708882124486	1E10	1E-30	1E-10	1E10	1E-30	1E-10	1E10	1E-30	1E-10	1E10	1E-30	1E-10	1E10	1E-30	1E-10	1E10	1E-30	1E-10	1E10	1E-30	1E-10	1E10	1E-30	1E-10	1E10	1E-30	1E-10	1E10	1E-30	1E-10
15	1.49239616315555E-09	1E10	1E11	1E-30	3.98107170553497E-11	1E10	1E-30	1E10	1.37787358362103E-02	1E-30	5.97745102204985E-11	0.517602268165217	1E-30	7.29894578797201E-11	2.44763927537681E-02	9.63641488641757E-09	9.85970931594266E-12	0.138089827984878	1.46085108647515E-09	2.03460014511044E-11	0.334882138905898	1.82264764029077E-12	1.96361424239531E-10	169.5777946208	1.47857637684907E-12	1.92839647217256E-10	1E5	1E10	1E-30	1E-10	1E10	1E-30	1E-10	1E10	1E-30	1E-10	1E10	1E-30	1E-10	1E10	1E-30	1E-10	1E10	1E-30	1E-10	1E10	1E-30	1E-10	1E10	1E-30	1E-10	1E10	1E-30	1E-10
16	1.77225091841556E-09	1E10	1E11	1E-30	4.02668369920433E-11	1E10	1E-30	1E10	0.013	1E-30	5.23411395048614E-11	0.554625419937272	1E-30	6.93098617821296E-11	2.67138619391762E-02	1.11917248446958E-08	1.15275103400807E-11	0.227470992071819	1.43342689054932E-09	2.9377053880508E-11	0.394626698431992	2.13327934210975E-11	1.74601970723435E-11	4.11821092067524	6.89572709598989E-13	3.81715324680675E-10	1E5	1E10	1E-30	1E-10	1E10	1E-30	1E-10	1E10	1E-30	1E-10	1E10	1E-30	1E-10	1E10	1E-30	1E-10	1E10	1E-30	1E-10	1E10	1E-30	1E-10	1E10	1E-30	1E-10	1E10	1E-30	1E-10
17	2.16873400553165E-09	1E10	1E11	1E-30	1.14815362149688E-10	1E10	1E-30	1E10	1.08144783729502E-02	1E-30	1.03779349246835E-10	1.83067783362689E-02	1.12873144093634E-08	1.95404762004422E-11	0.201001254863371	2.12818922785353E-09	4.10513309333139E-11	0.468112699461597	5.98759400480268E-10	3.52445154011569E-11	0.240464680419513	1.00216914282392E-11	4.1052869286565E-11	0.631380986381003	8.54139157665623E-13	2.94348848043561E-10	199526.231496888	1E10	1E-30	1E-10	1E10	1E-30	1E-10	1E10	1E-30	1E-10	1E10	1E-30	1E-10	1E10	1E-30	1E-10	1E10	1E-30	1E-10	1E10	1E-30	1E-10	1E10	1E-30	1E-10	1E10	1E-30	1E-10
18	2.72922815844557E-09	1E10	1E11	1E-30	2.59622713389597E-10	1E10	1E-30	1E10	0.01	1E-30	7.88662336020069E-11	0.263660473467792	1E-30	4.79569039769451E-11	1.33365237407879E-02	1.4430770228995E-08	2.06220678259593E-11	0.256188635175454	3.07698674317492E-09	3.78612606627639E-11	0.44114544156616	2.66228216742151E-12	1.03448630335874E-10	1E5	1.234413540072E-11	2.21514971578616E-11	0.660624103653565	1E10	1E-30	1E-10	1E10	1E-30	1E-10	1E10	1E-30	1E-10	1E10	1E-30	1E-10	1E10	1E-30	1E-10	1E10	1E-30	1E-10	1E10	1E-30	1E-10	1E10	1E-30	1E-10	1E10	1E-30	1E-10
19	3.25204775603648E-09	1E10	1E11	1E-30	2.32488983002449E-10	1E10	1E-30	1E10	1.20259597228764E-02	1E-30	7.89089507033608E-11	0.472498351494536	1E-30	6.28781376971346E-11	1.10917647621879E-02	1.43292498282365E-08	2.65336103954678E-11	0.272757547260701	4.19254076233961E-09	3.80401050221909E-11	0.417883163602571	2.39507620174859E-09	2.34462531023858E-11	0.169937767770564	3.84960543449597E-11	1.21851333047364E-11	0.346164603847298	2.17446192992597E-12	1.11712154496031E-10	1E5	1E10	1E-30	1E-10	1E10	1E-30	1E-10	1E10	1E-30	1E-10	1E10	1E-30	1E-10	1E10	1E-30	1E-10	1E10	1E-30	1E-10	1E10	1E-30	1E-10	1E10	1E-30	1E-10
20	1.54015034362522E-08	1E10	66666666666.6667	1E-30	7.60212728484152E-11	1E10	1E-30	1E10	4.42509141157552E-03	2.4286935678818E-06	1E10	1.64606662341878	6.69406332580223E-05	1E10	3.2063531298447E-03	1E-30	1.23724789056609E-10	0.233212694892077	1E-30	7.19808142123826E-11	3.68307113259906E-03	3.65972149370105E-08	5.36637880914736E-11	0.289923510366798	2.23150237014054E-08	3.87456805723952E-11	0.274049663284524	7.47534725944662E-08	5.5312305621854E-12	6.70903551133486E-02	2.77228748300858E-08	9.27021176466454E-12	9.38914580213399E-02	1.29893721259057E-12	1.71972149794157E-10	200.625045117029	1E10	1E-30	1E-10	1E10	1E-30	1E-10	1E10	1E-30	1E-10	1E10	1E-30	1E-10	1E10	1E-30	1E-10	1E10	1E-30	1E-10
21	1.81302726911819E-08	1E10	55555555555.5556	1E-30	6.967466196851E-11	1E10	1E-30	1E10	3.78389655357416E-03	3.40384032535318E-06	1E10	1.13718341792781	6.90839518645103E-05	1E10	4.94687715197857E-03	1E-30	1.04429576715766E-10	0.165656122901247	1E-30	8.20681132801067E-11	6.30388062645859E-03	6.26152132942996E-08	4.09264863030032E-11	0.275278380330421	3.31212494546837E-08	3.44275950126338E-11	0.252519118420916	1.0870003689642E-07	5.21194402150709E-12	8.93535195326938E-02	3.97209943216242E-08	8.97660612602869E-12	9.90237275873685E-02	5.3888643436488E-13	2.94085099065499E-10	191.976521712338	1E10	1E-30	1E-10	1E10	1E-30	1E-10	1E10	1E-30	1E-10	1E10	1E-30	1E-10	1E10	1E-30	1E-10	1E10	1E-30	1E-10
22	2.25017993121427E-08	1E10	45454545454.5455	1E-30	1.08198970865561E-10	1E10	1E-30	1E10	3.29846861660851E-03	4.25352866614294E-06	1E10	1.07912254925878	5.94386571803287E-05	1E10	6.3672429620107E-03	1E-30	1.56849824699397E-10	0.181637647219914	1E-30	6.29518698194767E-11	3.27812055163132E-03	5.18931325414918E-08	6.7196435621719E-11	0.314029522095526	5.12689509431159E-08	3.03903919303989E-11	0.226896688898883	1.48520534742497E-07	5.42630460972034E-12	7.84091737952923E-02	8.51874060148671E-08	6.01416550224075E-12	8.11746371332611E-02	1.29908923232707E-12	1.88182459660512E-10	138.849761296091	1E10	1E-30	1E-10	1E10	1E-30	1E-10	1E10	1E-30	1E-10	1E10	1E-30	1E-10	1E10	1E-30	1E-10	1E10	1E-30	1E-10
23	3.24478370128325E-08	1E10	1E10	1E-30	2.83738442651448E-11	1E10	1E-30	1E10	2.67879826309402E-02	4.34646124519591E-06	1E10	1003.74715811372	9.96770472178631E-06	1E10	105.105230428584	4.75181492579235E-06	1E10	32.480621352674	4.39932491571829E-06	1E10	3.4803612825503	3.97470051882531E-06	1E10	0.45863798250481	2.70802656547954E-06	1E10	0.090215016604619	1.9742056631406E-06	1E10	2.11648041894145E-02	1E-30	8.46740209797869E-11	0.137550610728278	1.41084872578936E-07	2.32116275361801E-11	3.97357736810218E-02	3.31501138476397E-08	3.91081958465911E-11	7.39986160259549E-02	5.70534150702431E-11	1.16440298804604E-10	1.34996463681592	5.0625894113655E-12	8.45628645006439E-11	8.3559252206926	7.17753446962463E-13	1.65289798687703E-10	1E5	1E10	1E-30	1E-10	1E10	1E-30	1E-10
24	4.64290666458013E-08	1E10	1E10	1E-30	1.30375212744531E-10	1E10	1E-30	1E10	0.023519161512874	5.74585587936798E-06	1E10	708.606956787666	1.01027304598587E-05	1E10	61.7170858951639	7.28956695812216E-06	1E10	13.1948789918413	6.25177378757561E-06	1E10	1.6931507280028	4.36152178534019E-06	1E10	0.242695000981564	2.66045897972271E-06	1E10	0.039787102227172	1E-30	3.43664239825986E-11	0.28790748030369	1E-30	1.27951170964651E-10	0.164662597548263	2.67683102679698E-07	2.32818607034116E-11	3.82973900921222E-02	6.45766895270462E-08	4.0859519278714E-11	6.16147034857049E-02	1.15211467499703E-11	1.01200992023829E-10	8.91236008660755	2.33813840160666E-12	1.4739498572782E-10	19.4483101822167	1E10	1E-30	1E-10	1E10	1E-30	1E-10	1E10	1E-30	1E-10
25	6.72297852347092E-08	1E10	7352941176.47059	1E-30	4.04170361526756E-11	1E10	1E-30	1E10	0.02	9.77940281592869E-06	1E10	406.862632840585	2.27184516115513E-05	1E10	39.7601308627898	1.1696411227326E-05	1E10	13.1658167228902	9.77655645892696E-06	1E10	1.61974931564112	1.18097413670704E-05	1E10	0.23359364074301	6.49607282939295E-06	1E10	5.52286968969704E-02	4.02000736589145E-06	1E10	1.26259094769998E-02	1E-30	9.2550578036943E-11	0.130212463854908	2.9429947574783E-07	3.86334618569849E-11	0.040154673050889	4.40024876054744E-08	5.6737188079897E-11	4.31800620911302E-02	1.11375371979745E-11	8.84874873655022E-11	7.48764969277705	8.47169203609724E-13	2.34421871753761E-10	86.8588419296841	1E10	1E-30	1E-10	1E10	1E-30	1E-10	1E10	1E-30	1E-10
26	1.02200422992636E-07	1E10	5E9	1E-30	1.67653124124959E-10	1E10	1E-30	1E10	1.50200986537734E-02	1.18233136864918E-05	1E10	336.527785932235	1.86741147966481E-05	1E10	26.7313522135223	1.62531749981481E-05	1E10	4.53963492183335	1.54624051596055E-05	1E10	0.703837918474612	1.32723399977918E-05	1E10	0.110487679007843	6.8288457015694E-06	1E10	2.59785458190196E-02	1E-30	1.07229397614565E-10	0.08477262767056	1E-30	1.23526680559738E-11	6.15069497406132E-02	4.32772959821179E-07	3.42662683087397E-11	0.03683540632902	9.54565920431761E-08	6.46017743095743E-11	4.77251221954318E-02	8.918133719031E-12	8.70874276450607E-11	9.67508265293758	3.01140519485231E-12	1.23147065632613E-10	20.6377058926513	1E10	1E-30	1E-10	1E10	1E-30	1E-10	1E10	1E-30	1E-10
27	2.21507770967566E-07	1E10	2272727272.72727	1E-30	1.5179818149299E-10	1E10	1E-30	1E10	8.38565494055937E-03	2.58451646440982E-05	1E10	153.950405504805	3.80960646706528E-05	1E10	10.4083248216491	3.19867964450478E-05	1E10	1.64960831547557	3.12924596334314E-05	1E10	0.165759726892389	2.61653737154819E-05	1E10	3.09406422463802E-02	2.07844833295467E-05	1E10	8.38973153805393E-03	1E-30	1.85256957457088E-11	5.83411557547257E-02	1E-30	1.46733912854012E-10	5.47906320165717E-02	9.10363386417429E-07	3.56670925014926E-11	3.26977921721753E-02	2.5937729079441E-07	5.28292716857651E-11	3.29473566695999E-02	1.68974264261685E-11	5.63219520640287E-11	6.25294898029515	2.60901456010027E-12	1.27633215078013E-10	20.4590429259915	1E10	1E-30	1E-10	1E10	1E-30	1E-10	1E10	1E-30	1E-10
28	3.28712377902653E-07	1E10	1515151515.15152	1E-30	7.13011244219254E-11	1E10	1E-30	1E10	7.71493899771077E-03	3.57882804807836E-05	1E10	111.178115401041	5.78417793623405E-05	1E10	8.63016915122701	4.93089354959248E-05	1E10	1.36778963375676	5.55389397050603E-05	1E10	0.23769459590973	3.00285664253711E-05	1E10	4.79426092991197E-02	2.71309020488871E-05	1E10	7.956063697732E-3	1E-30	1.4536111340773E-10	0.049185528867799	1E-30	5.44306979241209E-12	1.92525096858743E-02	1.61091013656687E-06	2.82829728433686E-11	1.87257531862178E-02	4.82331915496732E-07	4.11652493990557E-11	2.52492454813185E-02	1.19839638088318E-11	1.04953055197792E-10	10.2628227724781	1.118395872773E-12	2.4739845760424E-10	49.1311710492682	1E10	1E-30	1E-10	1E10	1E-30	1E-10	1E10	1E-30	1E-10
29	3.16316746049186E-07	1E10	1515151515.15152	1E-30	8.58310591252391E-11	1E10	1E-30	1E10	7.78499519261661E-03	3.87023360503414E-05	1E10	102.807064982381	6.17479339672691E-05	1E10	9.37611576262985	4.73934216231673E-05	1E10	1.91435713261755	4.4523975140182E-05	1E10	0.29649881415317	3.04743843344224E-05	1E10	5.41587466716526E-02	2.4902893570787E-05	1E10	7.91198974898362E-03	1E-30	1.47605200081492E-10	5.55544759655451E-02	1E-30	1.06177931811326E-11	5.14407335378735E-02	1.40186662901475E-06	2.87361028145375E-11	1.77056859482879E-02	3.55962124614846E-07	4.80524268348277E-11	2.64443667311395E-02	1.06562446644621E-11	7.30049319968383E-11	8.18127940099869	5.33597663590302E-12	6.49777859031702E-11	9.67467106262318	1.93660536930731E-12	9.70912753767598E-11	1E5	1E10	1E-30	1E-10	1E10	1E-30	1E-10
30	4.5177343063891E-07	1E10	1063829787.23404	1E-30	1.14995954198686E-10	1E10	1E-30	1E10	7.8367687104887E-03	5.31409118807052E-05	1E10	74.8740177102995	7.61599491386251E-05	1E10	6.08598864627426	6.64379109559127E-05	1E10	0.942608035786225	5.61779272234706E-05	1E10	0.116180479821724	5.00224554629465E-05	1E10	0.016808690118496	6.48849816317947E-05	1E10	2.360509779058E-3	1E-30	1.74497723856265E-11	5.26272736641584E-02	1E-30	1.39394407126712E-10	4.47718587417991E-02	2.44785745507622E-06	2.28305474962136E-11	1.08363433473798E-02	4.84593565873307E-07	4.97821123562354E-11	1.93193969860538E-02	1.19421400178089E-11	7.0514799035566E-11	9.8693613772566	2.18789300813702E-12	1.63500689508651E-10	30.3097817740592	1E10	1E-30	1E-10	1E10	1E-30	1E-10	1E10	1E-30	1E-10
31	4.42881718616242E-07	1E10	1063829787.23404	1E-30	9.99228937681127E-11	1E10	1E-30	1E10	6.14787676812502E-03	4.84785457291962E-05	1E10	76.2105360588848	6.94784230288479E-05	1E10	6.1946249361886	5.45669799902271E-05	1E10	1.07650243479001	5.05978649920073E-05	1E10	0.104849577557628	1.44885511123613E-04	1E10	0.012107338802582	5.5345203874466E-05	1E10	9.58559079800848E-03	2.42807195326399E-05	1E10	2.34119357978264E-03	1E-30	1.56244421146765E-10	4.49237339396984E-02	1E-30	1.32315734778507E-11	3.99054854721112E-02	1.5097146252741E-06	4.48615008414239E-11	2.10841095962755E-02	6.88445745090428E-07	4.23034810352389E-11	2.10163709970665E-02	1.15839900058705E-11	9.0010692760522E-11	9.39051590011313	1.68781238645708E-12	2.00103566911689E-10	37.7186337460126	1E10	1E-30	1E-10	1E10	1E-30	1E-10
32	6.69278903899916E-07	1E10	735294117.647059	1E-30	1.98990840888225E-11	1E10	1E-30	1E10	6.20534167207193E-03	7.95553410171912E-05	1E10	50.0139088893803	9.85268488641588E-05	1E10	5.87612192671014	9.20980198714701E-05	1E10	0.849358033061902	8.74029505340162E-05	1E10	0.151039590194514	5.96828037855975E-05	1E10	2.56687379810347E-02	5.82612196579927E-05	1E10	3.68227339179427E-03	1E-30	1.73134517629003E-10	3.49051069934885E-02	1E-30	1.57251243960841E-11	2.13146951419572E-02	3.62985871870507E-06	2.83169373118545E-11	1.11825543067055E-02	1.19311834022423E-06	3.87899012685178E-11	1.53074919939272E-02	1.16685097522834E-11	1.18249170569031E-10	9.61792231893171	8.9675885960644E-13	2.76735191356731E-10	102.46081155624	1E10	1E-30	1E-10	1E10	1E-30	1E-10	1E10	1E-30	1E-10
33	6.817158807947E-07	1E10	735294117.647059	1E-30	1.03309304229686E-11	1E10	1E-30	1E10	5.2356427402545E-03	9.01570944933901E-05	1E10	44.1326730819736	1.38763391144725E-04	1E10	3.50558283028679	1.52050157006057E-04	1E10	0.411870069594194	1.55403050960749E-04	1E10	7.32420064370654E-02	1.22924137074949E-04	1E10	1.28417547390274E-02	1.43521314385259E-04	1E10	2.20800102803028E-03	1E-30	1.7371522436437E-10	3.64199264314656E-02	1E-30	1.17872912773588E-11	2.63470553794182E-02	3.88630995662944E-06	2.82626000259316E-11	1.23877809992574E-02	1.1612724148006E-06	4.28751580290625E-11	1.69241696752466E-02	1.45453690517431E-11	9.42778013050755E-11	8.70510355585496	3.77524372621971E-12	9.707884430816E-11	12.9695318145282	9.48696804374518E-13	2.0551872190336E-10	1E5	1E10	1E-30	1E-10	1E10	1E-30	1E-10
34	9.82923757267129E-07	1E10	5E7	1E-30	1.56190833477589E-10	1E10	1E-30	1E10	5.49391467317589E-03	7.73088559619451E-05	1E10	20.8408536016106	1.07843032570919E-04	1E10	2.172526815185	8.48829466996418E-05	1E10	0.311547237101755	8.11198617265313E-05	1E10	3.59496912170391E-02	5.19566836607397E-05	1E10	7.44112038475804E-03	1E-30	2.57484579762235E-11	4.55310686869227E-02	1E-30	2.38360185697284E-10	4.09016462545922E-02	2.90104291038481E-06	5.69079876791318E-11	1.60669922518547E-02	1.74389003088174E-06	4.48624761948749E-11	1.34435618102945E-02	3.10881024360761E-11	3.38885677466406E-11	4.47338296963178	2.9222031291925E-12	9.17650427733657E-11	7.1386821332549	1E10	1E-30	1E-10	1E10	1E-30	1E-10	1E10	1E-30	1E-10	1E10	1E-30	1E-10
35	9.76333093294342E-07	1E10	5E8	1E-30	1.60850005775245E-10	1E10	1E-30	1E10	5.37304675022549E-03	1.12991944712087E-04	1E10	36.4461277858011	1.90623433596864E-04	1E10	3.19538056159701	1.31672797109194E-04	1E10	0.653435635954906	1.21403019190488E-04	1E10	9.12997082020528E-02	1.91449299636002E-04	1E10	1.23778465672174E-02	8.01583301517187E-05	1E10	7.3055830881865E-03	1E-30	2.4805594708474E-11	8.84378656691519E-02	1E-30	1.70554352358195E-10	0.041561074437881	3.8403116832183E-06	3.70036233060673E-11	1.03608089798663E-02	1.12293071747947E-06	5.75441572724601E-11	1.66743243020511E-02	2.22286600914848E-11	3.3914678229772E-11	4.09717171530354	4.28981263066499E-12	7.18026836243258E-11	8.9421468849817	1E10	1E-30	1E-10	1E10	1E-30	1E-10	1E10	1E-30	1E-10
36	9.91743901022253E-07	1E10	5E8	1E-30	1.44906661088568E-10	1E10	1E-30	1E10	4.73200350767754E-03	1.39242244135887E-04	1E10	25.7589326049886	1.91341623109076E-04	1E10	3.11092415650526	1.40349808024757E-04	1E10	0.62731699583726	1.38315523203087E-04	1E10	9.63447275721952E-02	1.6865784547823E-04	1E10	1.68924378124819E-02	7.53394802498735E-05	1E10	7.04167954455559E-03	1E-30	2.47600976322693E-11	6.66738349917456E-02	1E-30	2.16110245511371E-10	3.55269196764033E-02	2.86454909183263E-06	6.01542974629212E-11	1.58743451152749E-02	2.04474400674394E-06	3.8986635717499E-11	1.55672243143369E-02	1.86574102306671E-11	6.02063579556484E-11	6.09313408468864	3.00330195191587E-12	1.02455318917348E-10	21.1973282260702	1E10	1E-30	1E-10	1E10	1E-30	1E-10	1E10	1E-30	1E-10
37	9.38529136434385E-07	1E10	5E8	1E-30	1.88690462386871E-10	1E10	1E-30	1E10	4.20401826935605E-03	2.6464670689249E-04	1E10	14.9839487937466	3.95552741144808E-04	1E10	1.65539113528634	2.76461946309065E-04	1E10	0.457731981783455	1.88973944177151E-04	1E10	9.90700595898692E-02	1.51747564171144E-04	1E10	1.58027707642205E-02	3.22442268433801E-04	1E10	1.93504805830192E-03	1E-30	2.38097767780979E-11	0.078348259498335	1E-30	2.30552632073626E-10	0.03867971506564	3.51500923802189E-06	4.72257287915187E-11	1.52266009480915E-02	2.25824544077269E-06	3.52375115708689E-11	1.50713091201168E-02	1.80136295930845E-11	6.1715490214291E-11	6.01134303877064	1.35630333441646E-11	2.94102490747159E-11	2.95211556421224	1E10	1E-30	1E-10	1E10	1E-30	1E-10	1E10	1E-30	1E-10
38	9.75409339585301E-07	1E10	5E8	1E-30	1.3003177402041E-10	1E10	1E-30	1E10	3.74442685060116E-03	5.64448509120078E-04	1E10	12.2602315799751	4.38151527689824E-04	1E10	2.03469198122793	2.68467169849318E-04	1E10	0.502610803315619	2.05149829486401E-04	1E10	0.119086317032506	2.04579731977549E-04	1E10	1.75966122910006E-02	1.71343434593573E-04	1E10	4.08580563222128E-03	1E-30	1.95303811253163E-11	6.47283733883274E-02	1E-30	2.39049213365756E-10	3.82128628572235E-02	4.00779324226944E-06	4.4550852411539E-11	1.59272851541194E-02	1.90633948432502E-06	4.57831228596335E-11	1.74157298551723E-02	2.31536309076317E-11	4.88143669994115E-11	4.67309243910492	2.29745100291937E-12	9.90871957421303E-11	23.0816653682925	1E10	1E-30	1E-10	1E10	1E-30	1E-10	1E10	1E-30	1E-10
39	1.01832343008041E-06	1E10	333333333.333333	1E-30	1.62605849085606E-10	1E10	1E-30	1E10	6.00600488325713E-03	6.58540828949318E-05	1E10	35.0352007406858	7.9179291488237E-05	1E10	4.94193438419508	4.34030231422804E-05	1E10	1.40825220347344	4.7651683954674E-05	1E10	0.200648445670728	3.44214570463932E-05	1E10	4.77193536403076E-02	2.38315453239438E-05	1E10	9.59466163283731E-03	1E-30	1.89083167776666E-10	3.42155513594784E-02	1E-30	1.88692860165802E-11	2.94841022634349E-02	3.7730047723827E-06	4.46307793869703E-11	1.39718391620093E-02	1.59339405026253E-06	4.90793429939029E-11	1.41849276082367E-02	2.30298298103278E-11	4.32976509215216E-11	7.86256702757858	1.77741578805344E-12	1.19506399236524E-10	26.1739119575241	1E10	1E-30	1E-10	1E10	1E-30	1E-10	1E10	1E-30	1E-10
40	1.01832343008041E-06	1E10	333333333.333333	1E-30	1.62605849085606E-10	1E10	1E-30	1E10	6.00600488325713E-03	6.58540828949318E-05	1E10	35.0352007406858	7.9179291488237E-05	1E10	4.94193438419508	4.34030231422804E-05	1E10	1.40825220347344	4.7651683954674E-05	1E10	0.200648445670728	3.44214570463932E-05	1E10	4.77193536403076E-02	2.38315453239438E-05	1E10	9.59466163283731E-03	1E-30	1.89083167776666E-10	3.42155513594784E-02	1E-30	1.88692860165802E-11	2.94841022634349E-02	3.7730047723827E-06	4.46307793869703E-11	1.39718391620093E-02	1.59339405026253E-06	4.90793429939029E-11	1.41849276082367E-02	2.30298298103278E-11	4.32976509215216E-11	7.86256702757858	1.77741578805344E-12	1.19506399236524E-10	26.1739119575241	1E10	1E-30	1E-10	1E10	1E-30	1E-10	1E10	1E-30	1E-10
41	2.03761351507948E-06	1E10	22727272.7272727	1E-30	1.00719322112091E-10	1E10	1E-30	1E10	2.99421627406446E-03	8.86054639106168E-04	1E10	2.46962942990288	3.85075444271964E-04	1E10	0.905654941221795	3.55301709814803E-04	1E10	0.1044869831971	3.28944518000073E-04	1E10	1.28831034809928E-02	5.52951173521378E-04	1E10	1.43444260517694E-03	1E-30	3.14108263647364E-11	3.83730986671175E-02	1E-30	2.85522565944585E-10	2.86359792762691E-02	7.05064469005577E-06	5.68351139593641E-11	1.32089169698045E-02	5.10487736855795E-06	3.83916895481478E-11	1.24135840281295E-02	2.62975665100798E-11	3.51130364409875E-11	5.59900675235984	1.90121429381589E-12	1.20347228658734E-10	25.0505970345947	1E10	1E-30	1E-10	1E10	1E-30	1E-10	1E10	1E-30	1E-10	1E10	1E-30	1E-10
42	2.09152905349642E-06	1E10	227272727.272727	1E-30	1.53766813770104E-10	1E10	1E-30	1E10	3.40163810625799E-03	3.19979085403094E-04	1E10	10.9161576323019	2.55328965082181E-04	1E10	1.25122953012321	2.39374281164414E-04	1E10	0.164095689396032	2.10852396470416E-04	1E10	2.26021581554892E-02	2.18556858746387E-04	1E10	3.1770611492016E-03	1E-30	2.53153348273651E-11	5.60450154756211E-02	1E-30	2.45939468245221E-10	2.95220355192051E-02	6.55235605735832E-06	5.82432529975616E-11	1.13783674897842E-02	3.06934804723191E-06	5.90412239490312E-11	1.16968906238413E-02	9.18539139881287E-12	6.66326234640623E-11	7.69489524751314	5.93058680198209E-12	5.17233818373837E-11	32.0776623769961	1E10	1E-30	1E-10	1E10	1E-30	1E-10	1E10	1E-30	1E-10	1E10	1E-30	1E-10
43	2.09152905349642E-06	1E10	227272727.272727	1E-30	1.53766813770104E-10	1E10	1E-30	1E10	3.40163810625799E-03	3.19979085403094E-04	1E10	10.9161576323019	2.55328965082181E-04	1E10	1.25122953012321	2.39374281164414E-04	1E10	0.164095689396032	2.10852396470416E-04	1E10	2.26021581554892E-02	2.18556858746387E-04	1E10	3.1770611492016E-03	1E-30	2.53153348273651E-11	5.60450154756211E-02	1E-30	2.45939468245221E-10	2.95220355192051E-02	6.55235605735832E-06	5.82432529975616E-11	1.13783674897842E-02	3.06934804723191E-06	5.90412239490312E-11	1.16968906238413E-02	9.18539139881287E-12	6.66326234640623E-11	7.69489524751314	5.93058680198209E-12	5.17233818373837E-11	32.0776623769961	1E10	1E-30	1E-10	1E10	1E-30	1E-10	1E10	1E-30	1E-10	1E10	1E-30	1E-10
44	1.66944111187104E-06	1E10	227272727.272727	1E-30	5.41359650721133E-11	1E10	1E-30	1E10	4.60828567690666E-03	7.30430260318174E-05	1E10	7.48883211128159	6.0816523875288E-05	1E10	1.23560482949363	4.94007002221026E-05	1E10	0.181154820270111	3.73720951413425E-05	1E10	2.93500629330218E-02	4.43369888345037E-05	1E10	4.12037807346298E-03	1E-30	2.72720895825482E-11	6.82325867223976E-02	1E-30	2.1870620185532E-10	3.13106672471346E-02	5.08465647428768E-06	5.00100355679352E-11	1.22584591286506E-02	2.26014221356322E-06	5.39530637364391E-11	1.29086792293862E-02	2.00392011647029E-11	4.52631535958518E-11	7.04674879400704	1.05129955889078E-12	1.85994060915415E-10	87.9693114326215	1E10	1E-30	1E-10	1E10	1E-30	1E-10	1E10	1E-30	1E-10	1E10	1E-30	1E-10
45	3.3441696796755E-06	1E10	106382978.723404	1E-30	1.75071340237683E-10	1E10	1E-30	1E10	3.09337503220964E-03	1.29369797717745E-04	1E10	7.16128010606084	1.24667628285876E-04	1E10	1.05819860811406	1.02296522780771E-04	1E10	0.166773066683095	7.74455201591445E-05	1E10	2.72072629286851E-02	5.74369873156751E-05	1E10	4.07167868414441E-03	1E-30	8.07295187030364E-12	0.070948331187384	1E-30	2.77539437522649E-11	4.23111080010558E-02	1E-30	2.93690933060555E-10	0.025536619347999	1.40422000127229E-05	4.25955740885479E-11	7.99960748210806E-03	4.39364331683959E-06	6.81643616031373E-11	8.98889816711072E-03	1.40724005032672E-11	4.34816992344767E-11	7.06481023241848	9.95911090804728E-12	3.36409899655898E-11	12.6505454038346	1E10	1E-30	1E-10	1E10	1E-30	1E-10	1E10	1E-30	1E-10
46	3.71917409440533E-06	1E10	10638297.8723404	1E-30	1.28454448101253E-10	1E10	1E-30	1E10	3.66434949659883E-03	4.36087843376304E-04	1E10	10.2088599555949	2.01982311275983E-04	1E10	5.58715412135462	1.86576139135974E-04	1E10	0.607044820722563	1.57902867260596E-04	1E10	7.38908003440749E-02	1.02641890435484E-04	1E10	1.22948462951607E-02	1E-30	1.20032703392608E-11	8.87184748120388E-02	1E-30	3.73842697900605E-11	2.99504045341312E-02	1E-30	2.66774371351838E-10	2.14610307241294E-02	9.96369918733615E-06	6.46250920845279E-11	1.10418917241315E-02	7.93338503104069E-06	3.70572929666741E-11	8.43751627245162E-03	1.0483890556912E-11	4.68334073554659E-11	5.6960989353311	3.13926558502022E-14	8.58222093451459E-11	2705.25504684928	1E10	1E-30	1E-10	1E10	1E-30	1E-10	1E10	1E-30	1E-10
47	3.71917409440533E-06	1E10	10638297.8723404	1E-30	1.28454448101253E-10	1E10	1E-30	1E10	3.66434949659883E-03	4.36087843376304E-04	1E10	10.2088599555949	2.01982311275983E-04	1E10	5.58715412135462	1.86576139135974E-04	1E10	0.607044820722563	1.57902867260596E-04	1E10	7.38908003440749E-02	1.02641890435484E-04	1E10	1.22948462951607E-02	1E-30	1.20032703392608E-11	8.87184748120388E-02	1E-30	3.73842697900605E-11	2.99504045341312E-02	1E-30	2.66774371351838E-10	2.14610307241294E-02	9.96369918733615E-06	6.46250920845279E-11	1.10418917241315E-02	7.93338503104069E-06	3.70572929666741E-11	8.43751627245162E-03	1.0483890556912E-11	4.68334073554659E-11	5.6960989353311	3.13926558502022E-14	8.58222093451459E-11	2705.25504684928	1E10	1E-30	1E-10	1E10	1E-30	1E-10	1E10	1E-30	1E-10
48	2.94797638058245E-06	1E10	106382978.723404	1E-30	1.74163747116357E-10	1E10	1E-30	1E10	4.41900738825605E-03	1.15275672204716E-04	1E10	9.0418060689726	1.05203549164521E-04	1E10	1.35920246789687	8.89457464115937E-05	1E10	0.164250623388269	1.06239566113715E-04	1E10	0.019672981984683	7.05203041609735E-05	1E10	7.70019112391028E-03	1E-30	3.10794682526741E-11	3.98095398753034E-02	1E-30	6.47441222251713E-12	3.91599778035301E-02	1E-30	2.18989043347316E-10	2.37278065964516E-02	9.72579872763913E-06	5.16156381137663E-11	6.79548099203764E-03	3.97016504887017E-06	6.03394813629854E-11	8.66959214982431E-03	1.72764624089072E-11	6.09917970649453E-11	8.17172773102263	4.88839479449142E-12	6.98954570461081E-11	13.0979962689072	1E10	1E-30	1E-10	1E10	1E-30	1E-10	1E10	1E-30	1E-10
49	6.69575313594254E-06	1E10	5E6	1E-30	1.47874777761451E-10	1E10	1E-30	1E10	3.11462899774086E-03	1.99506413913097E-04	1E10	7.48828390161122	2.24238916871128E-04	1E10	0.786815654211436	2.04654763221434E-04	1E10	9.97079285642502E-02	2.11809903734195E-04	1E10	1.31645525637983E-02	1.9896413356397E-04	1E10	3.38635215230687E-03	1E-30	9.19427694482542E-12	5.33297339515479E-02	1E-30	3.38099374520957E-11	3.66996366820453E-02	1E-30	2.89918013574469E-10	1.97940603284807E-02	2.3446101530586E-05	5.35314777296616E-11	4.73685666383996E-03	1.03758204105136E-05	6.10668132925113E-11	6.00815148278883E-03	1.28603865009139E-11	5.20324629332334E-11	9.90089131062294	5.08772863887409E-12	6.4588919509255E-11	14.8581556833175	1E10	1E-30	1E-10	1E10	1E-30	1E-10	1E10	1E-30	1E-10
50	6.21973084509934E-06	1E10	5E6	1E-30	1.86703418603026E-10	1E10	1E-30	1E10	3.44171314311057E-03	1.8524073758172E-04	1E10	21.3073877986951	2.48246311896718E-04	1E10	1.8544046650195	3.61043116528631E-04	1E10	0.263131211841471	3.58868302841667E-04	1E10	0.112979051303704	1.6114523531613E-04	1E10	3.85395681179248E-02	1.51851937963807E-04	1E10	5.75920662900477E-03	1E-30	1.40911950195725E-11	9.83509388629166E-02	1E-30	3.10500390229124E-11	2.56451082478063E-02	1E-30	2.43290171802412E-10	0.019146732199908	2.20036261986494E-05	5.14152404773686E-11	4.63285187394494E-03	6.61279141600322E-06	8.05465758468091E-11	6.33393995500174E-03	1.69764308834168E-11	5.30732676280529E-11	7.15048482413568	2.17808444845593E-11	1.7652501590482E-11	2.80832093395621	1E10	1E-30	1E-10	1E10	1E-30	1E-10
END DSCRDATA
