BEGIN DSCRDATA
% INDEX	K01	L01	M01	K02	L02	M02	K03	L03	M03	K04	L04	M04	K05	L05	M05	K06	L06	M06	K07	L07	M07	K08	L08	M08	K09	L09	M09	K10	L10	M10	K11	L11	M11	K12	L12	M12	K13	L13	M13	K14	L14	M14	K15	L15	M15	K16	L16	M16	K17	L17	M17	K18	L18	M18
0	0	0	0	0	0	0	0	0	0	0	0	0	0	0	0	0	0	0	0	0	0	0	0	0	0	0	0	0	0	0	0	0	0	0	0	0	0	0	0	0	0	0	0	0	0	0	0	0	0	0	0	0	0	0
1	2.36304713633784E-10	1E10	2E9	1E-30	1.63775373857072E-11	1E10	1E-30	1E10	0.499328896962653	1.35686989844297E-08	1E10	124308.959130067	4.06288567449669E-08	1E10	3195.23224308311	3.47326537982593E-08	1E10	298.196423290253	2.542231285187E-08	1E10	41.0020293833268	1.43574403430948E-08	1E10	6.3085802894705	8.21916445784313E-09	1E10	1.16115891896428	4.09280968876413E-09	1E10	0.650719766222537	1.52346051414116E-09	1E10	0.479289058939727	4.99675087449464E-12	2.72352353027291E-10	16.9572453765514	4.88387976643979E-13	3.05530003597079E-10	21.8451637542928	1E10	1E-30	1E-10	1E10	1E-30	1E-10	1E10	1E-30	1E-10	1E10	1E-30	1E-10	1E10	1E-30	1E-10
2	2.36304713633784E-10	1E10	2E9	1E-30	1.63775373857072E-11	1E10	1E-30	1E10	0.499328896962653	1.35686989844297E-08	1E10	124308.959130067	4.06288567449669E-08	1E10	3195.23224308311	3.47326537982593E-08	1E10	298.196423290253	2.542231285187E-08	1E10	41.0020293833268	1.43574403430948E-08	1E10	6.3085802894705	8.21916445784313E-09	1E10	1.16115891896428	4.09280968876413E-09	1E10	0.650719766222537	1.52346051414116E-09	1E10	0.479289058939727	4.99675087449464E-12	2.72352353027291E-10	16.9572453765514	4.88387976643979E-13	3.05530003597079E-10	21.8451637542928	1E10	1E-30	1E-10	1E10	1E-30	1E-10	1E10	1E-30	1E-10	1E10	1E-30	1E-10	1E10	1E-30	1E-10
3	4.78878205200772E-10	1E10	2E9	1E-30	7.60019788274205E-11	1E10	1E-30	1E10	0.332243423127642	3.26524622122451E-08	1E10	73669.2182847174	8.73831260641818E-08	1E10	2496.23841031198	7.08567189192058E-08	1E10	314.257796863842	5.62347190110639E-08	1E10	39.2494469630996	3.38010972601161E-08	1E10	5.96460826451196	1.19964948825104E-08	1E10	1.15797642890516	3.26773151715877E-09	1E10	0.369596284660844	1E-30	1.36853592457454E-10	5.12029952974886	1.56274143127054E-09	1.18639065235263E-11	0.175144578035269	6.66500588353677E-10	1.08362455637248E-11	0.24248021064478	5.12897401291576E-12	1.45698804559203E-10	13.2049466656164	4.14406830578115E-12	6.58844744681785E-11	21.4359049150134	1E10	1E-30	1E-10	1E10	1E-30	1E-10	1E10	1E-30	1E-10
4	4.78878205200772E-10	1E10	2E9	1E-30	7.60019788274205E-11	1E10	1E-30	1E10	0.332243423127642	3.26524622122451E-08	1E10	73669.2182847174	8.73831260641818E-08	1E10	2496.23841031198	7.08567189192058E-08	1E10	314.257796863842	5.62347190110639E-08	1E10	39.2494469630996	3.38010972601161E-08	1E10	5.96460826451196	1.19964948825104E-08	1E10	1.15797642890516	3.26773151715877E-09	1E10	0.369596284660844	1E-30	1.36853592457454E-10	5.12029952974886	1.56274143127054E-09	1.18639065235263E-11	0.175144578035269	6.66500588353677E-10	1.08362455637248E-11	0.24248021064478	5.12897401291576E-12	1.45698804559203E-10	13.2049466656164	4.14406830578115E-12	6.58844744681785E-11	21.4359049150134	1E10	1E-30	1E-10	1E10	1E-30	1E-10	1E10	1E-30	1E-10
5	4.87201552629742E-10	1E10	2E9	1E-30	1.05193573104726E-10	1E10	1E-30	1E10	0.350310302466754	3.51461098965667E-08	1E10	35120.0778278585	1.01240588280053E-07	1E10	1398.15548136674	8.78715369960273E-08	1E10	184.312788486128	7.02744179896915E-08	1E10	34.5719375599452	4.14950778501267E-08	1E10	6.35994005033619	1.61721632097358E-08	1E10	1.29567972544486	4.0472553015792E-09	1E10	0.415197709787466	3.03300727852889E-09	1.04727997591706E-11	0.180678102458187	3.72155790006637E-10	3.5062229509105E-11	0.521247283220868	1.47122315428455E-12	3.66178152899875E-10	18.184601518836	1E10	1E-30	1E-10	1E10	1E-30	1E-10	1E10	1E-30	1E-10	1E10	1E-30	1E-10	1E10	1E-30	1E-10
6	4.87201552629742E-10	1E10	2E9	1E-30	1.05193573104726E-10	1E10	1E-30	1E10	0.350310302466754	3.51461098965667E-08	1E10	35120.0778278585	1.01240588280053E-07	1E10	1398.15548136674	8.78715369960273E-08	1E10	184.312788486128	7.02744179896915E-08	1E10	34.5719375599452	4.14950778501267E-08	1E10	6.35994005033619	1.61721632097358E-08	1E10	1.29567972544486	4.0472553015792E-09	1E10	0.415197709787466	3.03300727852889E-09	1.04727997591706E-11	0.180678102458187	3.72155790006637E-10	3.5062229509105E-11	0.521247283220868	1.47122315428455E-12	3.66178152899875E-10	18.184601518836	1E10	1E-30	1E-10	1E10	1E-30	1E-10	1E10	1E-30	1E-10	1E10	1E-30	1E-10	1E10	1E-30	1E-10
7	1.05098058903707E-09	1E10	2E9	1E-30	9.15232230623065E-11	1E10	1E-30	1E10	0.269522233834202	1.05469184011311E-07	1E10	21225.9562126954	2.29941088049471E-07	1E10	1113.95401713576	1.63044619972179E-07	1E10	184.870350232598	1.23514749218419E-07	1E10	23.8159145808497	7.58943555062391E-08	1E10	3.36209620180103	5.56209333156452E-08	1E10	0.457698474713548	1.20700866472173E-08	1E10	0.284093342029851	4.84999153624286E-10	3.1773871155813E-11	0.370037365458703	3.71335859454312E-11	1.00692990570875E-10	2.56061968754728	1.69401766929507E-12	3.3867987632494E-10	23.8565538901215	1E10	1E-30	1E-10	1E10	1E-30	1E-10	1E10	1E-30	1E-10	1E10	1E-30	1E-10	1E10	1E-30	1E-10
8	1.05098058903707E-09	1E10	2E9	1E-30	9.15232230623065E-11	1E10	1E-30	1E10	0.269522233834202	1.05469184011311E-07	1E10	21225.9562126954	2.29941088049471E-07	1E10	1113.95401713576	1.63044619972179E-07	1E10	184.870350232598	1.23514749218419E-07	1E10	23.8159145808497	7.58943555062391E-08	1E10	3.36209620180103	5.56209333156452E-08	1E10	0.457698474713548	1.20700866472173E-08	1E10	0.284093342029851	4.84999153624286E-10	3.1773871155813E-11	0.370037365458703	3.71335859454312E-11	1.00692990570875E-10	2.56061968754728	1.69401766929507E-12	3.3867987632494E-10	23.8565538901215	1E10	1E-30	1E-10	1E10	1E-30	1E-10	1E10	1E-30	1E-10	1E10	1E-30	1E-10	1E10	1E-30	1E-10
9	1.05098058903707E-09	1E10	2E9	1E-30	9.15232230623065E-11	1E10	1E-30	1E10	0.269522233834202	1.05469184011311E-07	1E10	21225.9562126954	2.29941088049471E-07	1E10	1113.95401713576	1.63044619972179E-07	1E10	184.870350232598	1.23514749218419E-07	1E10	23.8159145808497	7.58943555062391E-08	1E10	3.36209620180103	5.56209333156452E-08	1E10	0.457698474713548	1.20700866472173E-08	1E10	0.284093342029851	4.84999153624286E-10	3.1773871155813E-11	0.370037365458703	3.71335859454312E-11	1.00692990570875E-10	2.56061968754728	1.69401766929507E-12	3.3867987632494E-10	23.8565538901215	1E10	1E-30	1E-10	1E10	1E-30	1E-10	1E10	1E-30	1E-10	1E10	1E-30	1E-10	1E10	1E-30	1E-10
10	1.05098058903707E-09	1E10	2E9	1E-30	9.15232230623065E-11	1E10	1E-30	1E10	0.269522233834202	1.05469184011311E-07	1E10	21225.9562126954	2.29941088049471E-07	1E10	1113.95401713576	1.63044619972179E-07	1E10	184.870350232598	1.23514749218419E-07	1E10	23.8159145808497	7.58943555062391E-08	1E10	3.36209620180103	5.56209333156452E-08	1E10	0.457698474713548	1.20700866472173E-08	1E10	0.284093342029851	4.84999153624286E-10	3.1773871155813E-11	0.370037365458703	3.71335859454312E-11	1.00692990570875E-10	2.56061968754728	1.69401766929507E-12	3.3867987632494E-10	23.8565538901215	1E10	1E-30	1E-10	1E10	1E-30	1E-10	1E10	1E-30	1E-10	1E10	1E-30	1E-10	1E10	1E-30	1E-10
11	1.09165231627861E-09	1E10	1E10	1E-30	2.01045726853208E-10	1E10	1E-30	1E10	0.331371166408504	1.20707840691494E-08	1E10	208.970340623992	4.58918410836576E-08	1E10	1.38065334878187	1.59123924388155E-08	1E10	0.288459369966064	3.95285592423313E-11	1.89369639463347E-10	3.31283406723824	2.93029257902102E-12	2.32975553571756E-10	22.3975071315835	1E10	1E-30	1E-10	1E10	1E-30	1E-10	1E10	1E-30	1E-10	1E10	1E-30	1E-10	1E10	1E-30	1E-10	1E10	1E-30	1E-10	1E10	1E-30	1E-10	1E10	1E-30	1E-10	1E10	1E-30	1E-10	1E10	1E-30	1E-10
12	1.52159696699852E-09	1E10	1E10	1E-30	1.46537814786545E-10	1E10	1E-30	1E10	0.271570365705512	2.75974236562203E-08	1E10	77.7949831427699	7.25886201017326E-08	1E10	1.38341216727113	2.69692295993449E-08	1E10	0.229589272039298	4.11806962180905E-11	1.58317036880808E-10	2.58474071597478	2.42489916911485E-12	2.94800117890334E-10	27.6959957620064	1E10	1E-30	1E-10	1E10	1E-30	1E-10	1E10	1E-30	1E-10	1E10	1E-30	1E-10	1E10	1E-30	1E-10	1E10	1E-30	1E-10	1E10	1E-30	1E-10	1E10	1E-30	1E-10	1E10	1E-30	1E-10	1E10	1E-30	1E-10
13	2.24007383710666E-09	1E10	2E9	1E-30	1.51213594512823E-10	1E10	1E-30	1E10	0.152813564015314	2.46033778957774E-07	1E10	14164.2894384156	4.60791102059178E-07	1E10	1151.3166695325	3.60250759151862E-07	1E10	170.292214334341	3.04065881843232E-07	1E10	20.4736272786424	2.05325073651139E-07	1E10	2.81147866183154	1.24584030559935E-07	1E10	0.476344699010983	4.62845444807943E-08	1E10	0.118470208171593	1.24208354431872E-08	1.02712936905811E-11	5.34413511516109E-02	7.7035545714631E-10	5.00428822044026E-11	0.340141916737792	3.10633942079835E-11	1.05602651788102E-10	1.72002639691853	2.29088762002436E-12	2.04454541354108E-10	24.4295939458858	1E10	1E-30	1E-10	1E10	1E-30	1E-10	1E10	1E-30	1E-10	1E10	1E-30	1E-10
14	2.24007383710666E-09	1E10	2E9	1E-30	1.51213594512823E-10	1E10	1E-30	1E10	0.152813564015314	2.46033778957774E-07	1E10	14164.2894384156	4.60791102059178E-07	1E10	1151.3166695325	3.60250759151862E-07	1E10	170.292214334341	3.04065881843232E-07	1E10	20.4736272786424	2.05325073651139E-07	1E10	2.81147866183154	1.24584030559935E-07	1E10	0.476344699010983	4.62845444807943E-08	1E10	0.118470208171593	1.24208354431872E-08	1.02712936905811E-11	5.34413511516109E-02	7.7035545714631E-10	5.00428822044026E-11	0.340141916737792	3.10633942079835E-11	1.05602651788102E-10	1.72002639691853	2.29088762002436E-12	2.04454541354108E-10	24.4295939458858	1E10	1E-30	1E-10	1E10	1E-30	1E-10	1E10	1E-30	1E-10	1E10	1E-30	1E-10
15	2.24007383710666E-09	1E10	2E9	1E-30	1.51213594512823E-10	1E10	1E-30	1E10	0.152813564015314	2.46033778957774E-07	1E10	14164.2894384156	4.60791102059178E-07	1E10	1151.3166695325	3.60250759151862E-07	1E10	170.292214334341	3.04065881843232E-07	1E10	20.4736272786424	2.05325073651139E-07	1E10	2.81147866183154	1.24584030559935E-07	1E10	0.476344699010983	4.62845444807943E-08	1E10	0.118470208171593	1.24208354431872E-08	1.02712936905811E-11	5.34413511516109E-02	7.7035545714631E-10	5.00428822044026E-11	0.340141916737792	3.10633942079835E-11	1.05602651788102E-10	1.72002639691853	2.29088762002436E-12	2.04454541354108E-10	24.4295939458858	1E10	1E-30	1E-10	1E10	1E-30	1E-10	1E10	1E-30	1E-10	1E10	1E-30	1E-10
16	2.24007383710666E-09	1E10	2E9	1E-30	1.51213594512823E-10	1E10	1E-30	1E10	0.152813564015314	2.46033778957774E-07	1E10	14164.2894384156	4.60791102059178E-07	1E10	1151.3166695325	3.60250759151862E-07	1E10	170.292214334341	3.04065881843232E-07	1E10	20.4736272786424	2.05325073651139E-07	1E10	2.81147866183154	1.24584030559935E-07	1E10	0.476344699010983	4.62845444807943E-08	1E10	0.118470208171593	1.24208354431872E-08	1.02712936905811E-11	5.34413511516109E-02	7.7035545714631E-10	5.00428822044026E-11	0.340141916737792	3.10633942079835E-11	1.05602651788102E-10	1.72002639691853	2.29088762002436E-12	2.04454541354108E-10	24.4295939458858	1E10	1E-30	1E-10	1E10	1E-30	1E-10	1E10	1E-30	1E-10	1E10	1E-30	1E-10
17	2.16774473062814E-09	1E10	1E10	1E-30	1.81294231227511E-10	1E10	1E-30	1E10	0.204516558248363	4.91250030206457E-08	1E10	42.7088169576859	1.07473796384975E-07	1E10	0.93436710744311	4.48025352382207E-08	1E10	0.178039981938979	1.16548501152247E-09	5.34213236813637E-11	0.282230520072437	5.70829872935096E-11	1.04163279492034E-10	2.09220374937382	2.32544832215186E-12	2.44182561283448E-10	25.7397293503118	1E10	1E-30	1E-10	1E10	1E-30	1E-10	1E10	1E-30	1E-10	1E10	1E-30	1E-10	1E10	1E-30	1E-10	1E10	1E-30	1E-10	1E10	1E-30	1E-10	1E10	1E-30	1E-10	1E10	1E-30	1E-10
18	3.27034399359844E-09	1E10	1E10	1E-30	1.70358850343388E-10	1E10	1E-30	1E10	0.194756383962399	9.81235906939051E-08	1E10	20.4195750332939	1.62844626426367E-07	1E10	0.812917924040947	8.16156478296975E-08	1E10	0.131839849753367	6.37315502008097E-11	1.17453741335963E-10	1.12916182357869	2.47944501885843E-12	3.16130832657174E-10	29.0239278939027	1E10	1E-30	1E-10	1E10	1E-30	1E-10	1E10	1E-30	1E-10	1E10	1E-30	1E-10	1E10	1E-30	1E-10	1E10	1E-30	1E-10	1E10	1E-30	1E-10	1E10	1E-30	1E-10	1E10	1E-30	1E-10	1E10	1E-30	1E-10
19	4.72385802119159E-09	1E10	2E9	1E-30	1.24552774150634E-10	1E10	1E-30	1E10	0.35002786144355	5.56548035430907E-07	1E10	5314.60067614845	9.92473435963508E-07	1E10	351.132184550802	7.28600818792027E-07	1E10	62.4411133988678	5.03882248819647E-07	1E10	7.16919904792076	3.24456851091805E-07	1E10	1.17550132730714	1.92044312362409E-07	1E10	0.249445524305006	1E-30	1.01739953001839E-10	0.846261148680301	2.36352501032024E-08	1.15491222937587E-11	6.11153651081778E-02	2.87434112539256E-09	3.24384870324524E-11	0.167898385888502	1.34227454539245E-10	3.31252921973191E-11	0.449851333540674	2.93032708952429E-12	1.38622670920168E-10	29.3172129230527	1E10	1E-30	1E-10	1E10	1E-30	1E-10	1E10	1E-30	1E-10	1E10	1E-30	1E-10
20	4.72385802119159E-09	1E10	2E9	1E-30	1.24552774150634E-10	1E10	1E-30	1E10	0.35002786144355	5.56548035430907E-07	1E10	5314.60067614845	9.92473435963508E-07	1E10	351.132184550802	7.28600818792027E-07	1E10	62.4411133988678	5.03882248819647E-07	1E10	7.16919904792076	3.24456851091805E-07	1E10	1.17550132730714	1.92044312362409E-07	1E10	0.249445524305006	1E-30	1.01739953001839E-10	0.846261148680301	2.36352501032024E-08	1.15491222937587E-11	6.11153651081778E-02	2.87434112539256E-09	3.24384870324524E-11	0.167898385888502	1.34227454539245E-10	3.31252921973191E-11	0.449851333540674	2.93032708952429E-12	1.38622670920168E-10	29.3172129230527	1E10	1E-30	1E-10	1E10	1E-30	1E-10	1E10	1E-30	1E-10	1E10	1E-30	1E-10
21	4.72385802119159E-09	1E10	2E9	1E-30	1.24552774150634E-10	1E10	1E-30	1E10	0.35002786144355	5.56548035430907E-07	1E10	5314.60067614845	9.92473435963508E-07	1E10	351.132184550802	7.28600818792027E-07	1E10	62.4411133988678	5.03882248819647E-07	1E10	7.16919904792076	3.24456851091805E-07	1E10	1.17550132730714	1.92044312362409E-07	1E10	0.249445524305006	1E-30	1.01739953001839E-10	0.846261148680301	2.36352501032024E-08	1.15491222937587E-11	6.11153651081778E-02	2.87434112539256E-09	3.24384870324524E-11	0.167898385888502	1.34227454539245E-10	3.31252921973191E-11	0.449851333540674	2.93032708952429E-12	1.38622670920168E-10	29.3172129230527	1E10	1E-30	1E-10	1E10	1E-30	1E-10	1E10	1E-30	1E-10	1E10	1E-30	1E-10
22	4.72385802119159E-09	1E10	2E9	1E-30	1.24552774150634E-10	1E10	1E-30	1E10	0.35002786144355	5.56548035430907E-07	1E10	5314.60067614845	9.92473435963508E-07	1E10	351.132184550802	7.28600818792027E-07	1E10	62.4411133988678	5.03882248819647E-07	1E10	7.16919904792076	3.24456851091805E-07	1E10	1.17550132730714	1.92044312362409E-07	1E10	0.249445524305006	1E-30	1.01739953001839E-10	0.846261148680301	2.36352501032024E-08	1.15491222937587E-11	6.11153651081778E-02	2.87434112539256E-09	3.24384870324524E-11	0.167898385888502	1.34227454539245E-10	3.31252921973191E-11	0.449851333540674	2.93032708952429E-12	1.38622670920168E-10	29.3172129230527	1E10	1E-30	1E-10	1E10	1E-30	1E-10	1E10	1E-30	1E-10	1E10	1E-30	1E-10
23	4.46356307191041E-09	1E10	1E10	1E-30	1.82977738649914E-10	1E10	1E-30	1E10	0.154044164426246	1.55162419054867E-07	1E10	15.8866961693625	2.45915861685857E-07	1E10	0.647192669886445	1.35140817526296E-07	1E10	9.35478024389108E-02	1.70644771396261E-09	7.27994924810693E-11	0.216280658344959	1.3246251176411E-10	5.9173649049872E-11	0.668371130624459	2.41042146390785E-12	2.83222891078076E-10	27.2281216870041	1E10	1E-30	1E-10	1E10	1E-30	1E-10	1E10	1E-30	1E-10	1E10	1E-30	1E-10	1E10	1E-30	1E-10	1E10	1E-30	1E-10	1E10	1E-30	1E-10	1E10	1E-30	1E-10	1E10	1E-30	1E-10
24	6.76812243779352E-09	1E10	1E10	1E-30	1.88854313519833E-10	1E10	1E-30	1E10	9.46134523039367E-02	3.22308662020137E-07	1E10	4.93796667127586	3.70059857538235E-07	1E10	0.341623827655413	2.33491985011044E-07	1E10	0.043007891790979	1E-30	1.00226727446673E-10	0.535281636087687	5.20663905827032E-09	5.21992022244365E-11	0.131993698115523	2.67028411336801E-12	1.93938425571457E-10	26.9496541899718	1E10	1E-30	1E-10	1E10	1E-30	1E-10	1E10	1E-30	1E-10	1E10	1E-30	1E-10	1E10	1E-30	1E-10	1E10	1E-30	1E-10	1E10	1E-30	1E-10	1E10	1E-30	1E-10	1E10	1E-30	1E-10
25	1.02541833158625E-08	1E10	2E9	1E-30	1.36610914727869E-11	1E10	1E-30	1E10	0.378888880774543	1.73221830021086E-06	1E10	1521.84583210803	2.22263881837818E-06	1E10	252.56354181049	2.62736613233406E-06	1E10	31.0721038135213	2.07868088271575E-06	1E10	12.0884511334087	1.02765445545669E-06	1E10	3.65065387973334	5.60161851276913E-07	1E10	0.596455515431349	6.92072462569061E-07	1E10	9.05282735698135E-02	1E-30	5.99416367893173E-11	0.235267013290765	5.3072542919137E-09	5.38996927357828E-11	0.132117003823191	5.90101050521484E-11	1.19419344909183E-10	1.7001785073714	4.91261467505189E-12	1.20090856411009E-10	13.7719517472263	9.23261449908196E-13	2.44009828742284E-10	31.7236219730405	1E10	1E-30	1E-10	1E10	1E-30	1E-10	1E10	1E-30	1E-10
26	1.02541833158625E-08	1E10	2E9	1E-30	1.36610914727869E-11	1E10	1E-30	1E10	0.378888880774543	1.73221830021086E-06	1E10	1521.84583210803	2.22263881837818E-06	1E10	252.56354181049	2.62736613233406E-06	1E10	31.0721038135213	2.07868088271575E-06	1E10	12.0884511334087	1.02765445545669E-06	1E10	3.65065387973334	5.60161851276913E-07	1E10	0.596455515431349	6.92072462569061E-07	1E10	9.05282735698135E-02	1E-30	5.99416367893173E-11	0.235267013290765	5.3072542919137E-09	5.38996927357828E-11	0.132117003823191	5.90101050521484E-11	1.19419344909183E-10	1.7001785073714	4.91261467505189E-12	1.20090856411009E-10	13.7719517472263	9.23261449908196E-13	2.44009828742284E-10	31.7236219730405	1E10	1E-30	1E-10	1E10	1E-30	1E-10	1E10	1E-30	1E-10
27	1.02541833158625E-08	1E10	2E9	1E-30	1.36610914727869E-11	1E10	1E-30	1E10	0.378888880774543	1.73221830021086E-06	1E10	1521.84583210803	2.22263881837818E-06	1E10	252.56354181049	2.62736613233406E-06	1E10	31.0721038135213	2.07868088271575E-06	1E10	12.0884511334087	1.02765445545669E-06	1E10	3.65065387973334	5.60161851276913E-07	1E10	0.596455515431349	6.92072462569061E-07	1E10	9.05282735698135E-02	1E-30	5.99416367893173E-11	0.235267013290765	5.3072542919137E-09	5.38996927357828E-11	0.132117003823191	5.90101050521484E-11	1.19419344909183E-10	1.7001785073714	4.91261467505189E-12	1.20090856411009E-10	13.7719517472263	9.23261449908196E-13	2.44009828742284E-10	31.7236219730405	1E10	1E-30	1E-10	1E10	1E-30	1E-10	1E10	1E-30	1E-10
28	1.02541833158625E-08	1E10	2E9	1E-30	1.36610914727869E-11	1E10	1E-30	1E10	0.378888880774543	1.73221830021086E-06	1E10	1521.84583210803	2.22263881837818E-06	1E10	252.56354181049	2.62736613233406E-06	1E10	31.0721038135213	2.07868088271575E-06	1E10	12.0884511334087	1.02765445545669E-06	1E10	3.65065387973334	5.60161851276913E-07	1E10	0.596455515431349	6.92072462569061E-07	1E10	9.05282735698135E-02	1E-30	5.99416367893173E-11	0.235267013290765	5.3072542919137E-09	5.38996927357828E-11	0.132117003823191	5.90101050521484E-11	1.19419344909183E-10	1.7001785073714	4.91261467505189E-12	1.20090856411009E-10	13.7719517472263	9.23261449908196E-13	2.44009828742284E-10	31.7236219730405	1E10	1E-30	1E-10	1E10	1E-30	1E-10	1E10	1E-30	1E-10
29	9.99153949484996E-09	1E10	1E10	1E-30	1.82735175515754E-10	1E10	1E-30	1E10	7.71718133956354E-02	5.33317611278678E-07	1E10	2.98424315503676	6.56124002080415E-07	1E10	0.242568390406771	4.86391442305556E-07	1E10	4.41401908294843E-02	1E-30	8.35161550254275E-11	0.17756987372023	3.41695749295845E-08	1.66181150513435E-11	4.60756098924502E-02	2.90830249717756E-12	3.09443782726903E-10	32.6190337862883	1E10	1E-30	1E-10	1E10	1E-30	1E-10	1E10	1E-30	1E-10	1E10	1E-30	1E-10	1E10	1E-30	1E-10	1E10	1E-30	1E-10	1E10	1E-30	1E-10	1E10	1E-30	1E-10	1E10	1E-30	1E-10
30	1.34725427272726E-08	1E10	6666666666.66667	1E-30	2.85483791482877E-10	1E10	1E-30	1E10	6.45866455094965E-02	5.24402570030573E-07	1E10	7.62351607157271	1.09563226057479E-06	1E10	0.289837997309132	1.17399111864701E-06	1E10	4.81011345612159E-02	1.17399111864701E-06	1E10	1.35567416621786E-02	1E-30	6.95516027459931E-11	0.20888436603257	1E-30	6.79684149805168E-12	9.11813328806668E-02	1.05592959697475E-08	5.13554305462991E-11	6.97389984108185E-02	4.82652947841952E-12	2.69517130750368E-10	25.9104947515708	1E10	1E-30	1E-10	1E10	1E-30	1E-10	1E10	1E-30	1E-10	1E10	1E-30	1E-10	1E10	1E-30	1E-10	1E10	1E-30	1E-10	1E10	1E-30	1E-10
31	2.16912681889981E-08	1E10	2E9	1E-30	1.417609635573E-10	1E10	1E-30	1E10	0.187157316774009	2.66262492388437E-06	1E10	1494.34249698707	7.55033297571068E-06	1E10	118.699843770522	4.32744748831528E-06	1E10	40.2207483962776	3.63157641450398E-06	1E10	8.02509435549376	2.05754598407195E-06	1E10	1.49434249698707	1.41346974782581E-06	1E10	0.199514403599304	1.60303703938224E-06	1E10	4.45076064322564E-02	1E-30	9.01865419113827E-11	0.144166237721495	1.22072514536667E-07	1.33817056302663E-11	2.67346224758557E-02	1.15680538480652E-08	4.01044747371071E-11	7.32613820209235E-02	8.45721386329555E-11	8.19257639106653E-11	1.02533676511195	2.55396503845431E-12	1.55247902469152E-10	16.9861279759527	1E10	1E-30	1E-10	1E10	1E-30	1E-10	1E10	1E-30	1E-10
32	2.16912681889981E-08	1E10	2E9	1E-30	1.417609635573E-10	1E10	1E-30	1E10	0.187157316774009	2.66262492388437E-06	1E10	1494.34249698707	7.55033297571068E-06	1E10	118.699843770522	4.32744748831528E-06	1E10	40.2207483962776	3.63157641450398E-06	1E10	8.02509435549376	2.05754598407195E-06	1E10	1.49434249698707	1.41346974782581E-06	1E10	0.199514403599304	1.60303703938224E-06	1E10	4.45076064322564E-02	1E-30	9.01865419113827E-11	0.144166237721495	1.22072514536667E-07	1.33817056302663E-11	2.67346224758557E-02	1.15680538480652E-08	4.01044747371071E-11	7.32613820209235E-02	8.45721386329555E-11	8.19257639106653E-11	1.02533676511195	2.55396503845431E-12	1.55247902469152E-10	16.9861279759527	1E10	1E-30	1E-10	1E10	1E-30	1E-10	1E10	1E-30	1E-10
33	2.16912681889981E-08	1E10	2E9	1E-30	1.417609635573E-10	1E10	1E-30	1E10	0.187157316774009	2.66262492388437E-06	1E10	1494.34249698707	7.55033297571068E-06	1E10	118.699843770522	4.32744748831528E-06	1E10	40.2207483962776	3.63157641450398E-06	1E10	8.02509435549376	2.05754598407195E-06	1E10	1.49434249698707	1.41346974782581E-06	1E10	0.199514403599304	1.60303703938224E-06	1E10	4.45076064322564E-02	1E-30	9.01865419113827E-11	0.144166237721495	1.22072514536667E-07	1.33817056302663E-11	2.67346224758557E-02	1.15680538480652E-08	4.01044747371071E-11	7.32613820209235E-02	8.45721386329555E-11	8.19257639106653E-11	1.02533676511195	2.55396503845431E-12	1.55247902469152E-10	16.9861279759527	1E10	1E-30	1E-10	1E10	1E-30	1E-10	1E10	1E-30	1E-10
34	2.16912681889981E-08	1E10	2E9	1E-30	1.417609635573E-10	1E10	1E-30	1E10	0.187157316774009	2.66262492388437E-06	1E10	1494.34249698707	7.55033297571068E-06	1E10	118.699843770522	4.32744748831528E-06	1E10	40.2207483962776	3.63157641450398E-06	1E10	8.02509435549376	2.05754598407195E-06	1E10	1.49434249698707	1.41346974782581E-06	1E10	0.199514403599304	1.60303703938224E-06	1E10	4.45076064322564E-02	1E-30	9.01865419113827E-11	0.144166237721495	1.22072514536667E-07	1.33817056302663E-11	2.67346224758557E-02	1.15680538480652E-08	4.01044747371071E-11	7.32613820209235E-02	8.45721386329555E-11	8.19257639106653E-11	1.02533676511195	2.55396503845431E-12	1.55247902469152E-10	16.9861279759527	1E10	1E-30	1E-10	1E10	1E-30	1E-10	1E10	1E-30	1E-10
35	2.16393037756418E-08	1E10	4545454545.45455	1E-30	2.4605585357003E-10	1E10	1E-30	1E10	4.89693938235271E-02	1.18476537911147E-06	1E10	2.12905939268799	1.96622111155869E-06	1E10	0.161505671119836	1.29906940574104E-06	1E10	4.34698134850612E-02	1E-30	7.92126959020974E-11	0.160839823653927	3.28435758277912E-08	3.2943588381728E-11	5.01949740644545E-02	4.23107218361516E-12	1.93986230032267E-10	22.421271323035	1E10	1E-30	1E-10	1E10	1E-30	1E-10	1E10	1E-30	1E-10	1E10	1E-30	1E-10	1E10	1E-30	1E-10	1E10	1E-30	1E-10	1E10	1E-30	1E-10	1E10	1E-30	1E-10	1E10	1E-30	1E-10
36	4.8265261361792E-08	1E10	1063829787.23404	1E-30	1.32308720981393E-10	1E10	1E-30	1E10	9.38317895942179E-02	7.23799476333919E-06	1E10	408.653306379742	1.08869426552134E-05	1E10	45.8516551169585	1.4222446007603E-05	1E10	7.9681044261781	8.53548102830193E-06	1E10	3.17215950778056	5.49152201285936E-06	1E10	0.514464032015165	3.39352412498976E-06	1E10	9.59037179294243E-02	1E-30	1.47748913075297E-10	0.171846896046659	3.06921436123028E-07	1.96941222325606E-11	4.20014569188152E-02	8.11568752195752E-08	2.99120034440496E-11	5.18911538738599E-02	5.33324266207832E-11	1.52025325183615E-10	2.37193286440128	2.13551992547691E-12	1.70534513373733E-10	16.1888183840141	1E10	1E-30	1E-10	1E10	1E-30	1E-10	1E10	1E-30	1E-10	1E10	1E-30	1E-10
37	4.8265261361792E-08	1E10	1063829787.23404	1E-30	1.32308720981393E-10	1E10	1E-30	1E10	9.38317895942179E-02	7.23799476333919E-06	1E10	408.653306379742	1.08869426552134E-05	1E10	45.8516551169585	1.4222446007603E-05	1E10	7.9681044261781	8.53548102830193E-06	1E10	3.17215950778056	5.49152201285936E-06	1E10	0.514464032015165	3.39352412498976E-06	1E10	9.59037179294243E-02	1E-30	1.47748913075297E-10	0.171846896046659	3.06921436123028E-07	1.96941222325606E-11	4.20014569188152E-02	8.11568752195752E-08	2.99120034440496E-11	5.18911538738599E-02	5.33324266207832E-11	1.52025325183615E-10	2.37193286440128	2.13551992547691E-12	1.70534513373733E-10	16.1888183840141	1E10	1E-30	1E-10	1E10	1E-30	1E-10	1E10	1E-30	1E-10	1E10	1E-30	1E-10
38	4.8265261361792E-08	1E10	1063829787.23404	1E-30	1.32308720981393E-10	1E10	1E-30	1E10	9.38317895942179E-02	7.23799476333919E-06	1E10	408.653306379742	1.08869426552134E-05	1E10	45.8516551169585	1.4222446007603E-05	1E10	7.9681044261781	8.53548102830193E-06	1E10	3.17215950778056	5.49152201285936E-06	1E10	0.514464032015165	3.39352412498976E-06	1E10	9.59037179294243E-02	1E-30	1.47748913075297E-10	0.171846896046659	3.06921436123028E-07	1.96941222325606E-11	4.20014569188152E-02	8.11568752195752E-08	2.99120034440496E-11	5.18911538738599E-02	5.33324266207832E-11	1.52025325183615E-10	2.37193286440128	2.13551992547691E-12	1.70534513373733E-10	16.1888183840141	1E10	1E-30	1E-10	1E10	1E-30	1E-10	1E10	1E-30	1E-10	1E10	1E-30	1E-10
39	4.8265261361792E-08	1E10	1063829787.23404	1E-30	1.32308720981393E-10	1E10	1E-30	1E10	9.38317895942179E-02	7.23799476333919E-06	1E10	408.653306379742	1.08869426552134E-05	1E10	45.8516551169585	1.4222446007603E-05	1E10	7.9681044261781	8.53548102830193E-06	1E10	3.17215950778056	5.49152201285936E-06	1E10	0.514464032015165	3.39352412498976E-06	1E10	9.59037179294243E-02	1E-30	1.47748913075297E-10	0.171846896046659	3.06921436123028E-07	1.96941222325606E-11	4.20014569188152E-02	8.11568752195752E-08	2.99120034440496E-11	5.18911538738599E-02	5.33324266207832E-11	1.52025325183615E-10	2.37193286440128	2.13551992547691E-12	1.70534513373733E-10	16.1888183840141	1E10	1E-30	1E-10	1E10	1E-30	1E-10	1E10	1E-30	1E-10	1E10	1E-30	1E-10
40	2.11426038571773E-07	1E10	227272727.272727	1E-30	1.43674692121989E-10	1E10	1E-30	1E10	2.27795185335686E-02	1.44650405195266E-05	1E10	0.191205542515622	2.24297897984206E-05	1E10	2.16120405559253E-02	2.43017047972622E-05	1E10	3.69490680048672E-03	1E-30	1.77146794730679E-10	6.47281151536913E-02	1E-30	1.11728423524318E-11	3.05303885071496E-02	7.77018337037243E-07	3.7670657437244E-11	2.83228135435481E-02	4.02053087737323E-07	3.1510105905769E-11	2.82790508856935E-02	2.00804662838614E-11	5.60579175748246E-11	4.73905326737729	1.42103522025257E-12	1.54689683746924E-10	36.0756059451428	1E10	1E-30	1E-10	1E10	1E-30	1E-10	1E10	1E-30	1E-10	1E10	1E-30	1E-10	1E10	1E-30	1E-10	1E10	1E-30	1E-10
41	2.11426038571773E-07	1E10	227272727.272727	1E-30	1.43674692121989E-10	1E10	1E-30	1E10	2.27795185335686E-02	1.44650405195266E-05	1E10	0.191205542515622	2.24297897984206E-05	1E10	2.16120405559253E-02	2.43017047972622E-05	1E10	3.69490680048672E-03	1E-30	1.77146794730679E-10	6.47281151536913E-02	1E-30	1.11728423524318E-11	3.05303885071496E-02	7.77018337037243E-07	3.7670657437244E-11	2.83228135435481E-02	4.02053087737323E-07	3.1510105905769E-11	2.82790508856935E-02	2.00804662838614E-11	5.60579175748246E-11	4.73905326737729	1.42103522025257E-12	1.54689683746924E-10	36.0756059451428	1E10	1E-30	1E-10	1E10	1E-30	1E-10	1E10	1E-30	1E-10	1E10	1E-30	1E-10	1E10	1E-30	1E-10	1E10	1E-30	1E-10
42	4.54964373772076E-07	1E10	106382978.723404	1E-30	1.16883667923661E-10	1E10	1E-30	1E10	9.73964331279034E-03	2.82970659141067E-05	1E10	7.76387840861963E-02	4.72272559425964E-05	1E10	5.51751519236451E-03	1E-30	1.99692364749795E-10	5.05922176577513E-02	1E-30	1.25888102534604E-11	5.00623709141275E-02	1.59162675781686E-06	3.88978932271961E-11	1.59600313138309E-02	7.82725872843604E-07	3.73583241795551E-11	1.93709145153221E-02	1.49837729315219E-11	8.56999980670484E-11	9.57909375349777	1.61409571158415E-12	1.98145283301553E-10	36.6154501467661	1E10	1E-30	1E-10	1E10	1E-30	1E-10	1E10	1E-30	1E-10	1E10	1E-30	1E-10	1E10	1E-30	1E-10	1E10	1E-30	1E-10	1E10	1E-30	1E-10
43	4.54964373772076E-07	1E10	106382978.723404	1E-30	1.16883667923661E-10	1E10	1E-30	1E10	9.73964331279034E-03	2.82970659141067E-05	1E10	7.76387840861963E-02	4.72272559425964E-05	1E10	5.51751519236451E-03	1E-30	1.99692364749795E-10	5.05922176577513E-02	1E-30	1.25888102534604E-11	5.00623709141275E-02	1.59162675781686E-06	3.88978932271961E-11	1.59600313138309E-02	7.82725872843604E-07	3.73583241795551E-11	1.93709145153221E-02	1.49837729315219E-11	8.56999980670484E-11	9.57909375349777	1.61409571158415E-12	1.98145283301553E-10	36.6154501467661	1E10	1E-30	1E-10	1E10	1E-30	1E-10	1E10	1E-30	1E-10	1E10	1E-30	1E-10	1E10	1E-30	1E-10	1E10	1E-30	1E-10	1E10	1E-30	1E-10
44	1.06614399688595E-06	1E10	5E7	1E-30	1.52490796250324E-10	1E10	1E-30	1E10	7.37112582827484E-03	1.13265297982332E-05	1E10	677.020789697109	1.08309491722301E-04	1E10	6.82317570035618	7.88961049345221E-05	1E10	1.1138321917774	7.85740075891064E-05	1E10	0.104007689152281	4.70714097085829E-05	1E10	1.40656066947173E-02	1E-30	3.39002854856757E-11	5.21625405439757E-02	1E-30	2.64119685181763E-10	0.039813651728834	2.89775748846859E-06	6.21035935564848E-11	0.0144171089727	2.01326503204504E-06	3.85905377854586E-11	1.25699544300845E-02	8.3028611247228E-12	8.89913651149557E-11	5.93989029869817	6.92534720928265E-12	4.53275241368398E-11	11.4527468556409	1E10	1E-30	1E-10	1E10	1E-30	1E-10	1E10	1E-30	1E-10	1E10	1E-30	1E-10
45	1.06614399688595E-06	1E10	5E7	1E-30	1.52490796250324E-10	1E10	1E-30	1E10	7.37112582827484E-03	1.13265297982332E-05	1E10	677.020789697109	1.08309491722301E-04	1E10	6.82317570035618	7.88961049345221E-05	1E10	1.1138321917774	7.85740075891064E-05	1E10	0.104007689152281	4.70714097085829E-05	1E10	1.40656066947173E-02	1E-30	3.39002854856757E-11	5.21625405439757E-02	1E-30	2.64119685181763E-10	0.039813651728834	2.89775748846859E-06	6.21035935564848E-11	0.0144171089727	2.01326503204504E-06	3.85905377854586E-11	1.25699544300845E-02	8.3028611247228E-12	8.89913651149557E-11	5.93989029869817	6.92534720928265E-12	4.53275241368398E-11	11.4527468556409	1E10	1E-30	1E-10	1E10	1E-30	1E-10	1E10	1E-30	1E-10	1E10	1E-30	1E-10
46	1.0420663698147E-06	1E10	5E7	1E-30	1.40458023967327E-10	1E10	1E-30	1E10	0.018115293743728	1.06600930095762E-05	1E10	702.971766843075	1.31171543348239E-04	1E10	5.2733007666523	1.03338571270118E-04	1E10	0.602441047124338	9.70099276047154E-05	1E10	5.71305885365864E-02	7.02798935457341E-05	1E10	8.12941533546305E-03	1E-30	2.41259480542358E-11	6.59254417063187E-02	1E-30	2.93460403220261E-10	4.20261501500403E-02	4.18194821759586E-06	3.54224257068947E-11	1.21003960780216E-02	2.88135102180498E-06	2.37590808344705E-11	1.25848301431621E-02	1.17805399003651E-11	9.14588558032426E-11	7.62004184788294	3.77361943191406E-12	9.23226143170067E-11	19.6199182099806	1E10	1E-30	1E-10	1E10	1E-30	1E-10	1E10	1E-30	1E-10	1E10	1E-30	1E-10
47	1.0420663698147E-06	1E10	5E7	1E-30	1.40458023967327E-10	1E10	1E-30	1E10	0.018115293743728	1.06600930095762E-05	1E10	702.971766843075	1.31171543348239E-04	1E10	5.2733007666523	1.03338571270118E-04	1E10	0.602441047124338	9.70099276047154E-05	1E10	5.71305885365864E-02	7.02798935457341E-05	1E10	8.12941533546305E-03	1E-30	2.41259480542358E-11	6.59254417063187E-02	1E-30	2.93460403220261E-10	4.20261501500403E-02	4.18194821759586E-06	3.54224257068947E-11	1.21003960780216E-02	2.88135102180498E-06	2.37590808344705E-11	1.25848301431621E-02	1.17805399003651E-11	9.14588558032426E-11	7.62004184788294	3.77361943191406E-12	9.23226143170067E-11	19.6199182099806	1E10	1E-30	1E-10	1E10	1E-30	1E-10	1E10	1E-30	1E-10	1E10	1E-30	1E-10
48	1.07987480143518E-06	1E10	5E7	1E-30	1.74934112349737E-10	1E10	1E-30	1E10	7.40130488504907E-03	9.62510340568254E-06	1E10	778.562484142156	1.82892128547296E-04	1E10	2.41557834586919	1.56736768762318E-04	1E10	0.278284231441276	1.41242328224068E-04	1E10	2.69085379244033E-02	1.50701863609226E-04	1E10	1.97392314739545E-03	1E-30	3.16432345901518E-11	6.30677876825811E-02	1E-30	2.659877706652E-10	3.90935362805569E-02	2.85937142278492E-06	6.33456908170459E-11	0.016184087061317	2.25517072417327E-06	3.66497330942997E-11	0.017103890935066	1.05957296098612E-11	7.22574450135479E-11	5.79352546708302	8.30399016557387E-12	4.11841418126707E-11	13.9985193775699	1E10	1E-30	1E-10	1E10	1E-30	1E-10	1E10	1E-30	1E-10	1E10	1E-30	1E-10
49	1.07987480143518E-06	1E10	5E7	1E-30	1.74934112349737E-10	1E10	1E-30	1E10	7.40130488504907E-03	9.62510340568254E-06	1E10	778.562484142156	1.82892128547296E-04	1E10	2.41557834586919	1.56736768762318E-04	1E10	0.278284231441276	1.41242328224068E-04	1E10	2.69085379244033E-02	1.50701863609226E-04	1E10	1.97392314739545E-03	1E-30	3.16432345901518E-11	6.30677876825811E-02	1E-30	2.659877706652E-10	3.90935362805569E-02	2.85937142278492E-06	6.33456908170459E-11	0.016184087061317	2.25517072417327E-06	3.66497330942997E-11	0.017103890935066	1.05957296098612E-11	7.22574450135479E-11	5.79352546708302	8.30399016557387E-12	4.11841418126707E-11	13.9985193775699	1E10	1E-30	1E-10	1E10	1E-30	1E-10	1E10	1E-30	1E-10	1E10	1E-30	1E-10
50	1.64476822229657E-06	1E10	22727272.7272727	1E-30	1.11738042017205E-10	1E10	1E-30	1E10	7.34272370417797E-03	1.75095799327408E-05	1E10	364.26978527937	6.01174473408499E-05	1E10	8.50457353947353	5.09000999669039E-05	1E10	1.0170872840867	3.9151451208932E-05	1E10	0.121753256563101	2.6638991235029E-05	1E10	1.60640561837523E-02	1E-30	3.28166290067647E-11	5.71223816367754E-02	1E-30	2.52886993287892E-10	2.95490489494828E-02	5.19969447646235E-06	4.67490489524557E-11	1.09875327032237E-02	3.10346572501226E-06	3.61416134051443E-11	1.00046835974532E-02	2.03006494668931E-11	5.73862973592427E-11	6.21526894499398	1.99497429117807E-12	1.44685206644523E-10	27.1730066384654	1E10	1E-30	1E-10	1E10	1E-30	1E-10	1E10	1E-30	1E-10	1E10	1E-30	1E-10
51	1.64476822229657E-06	1E10	22727272.7272727	1E-30	1.11738042017205E-10	1E10	1E-30	1E10	7.34272370417797E-03	1.75095799327408E-05	1E10	364.26978527937	6.01174473408499E-05	1E10	8.50457353947353	5.09000999669039E-05	1E10	1.0170872840867	3.9151451208932E-05	1E10	0.121753256563101	2.6638991235029E-05	1E10	1.60640561837523E-02	1E-30	3.28166290067647E-11	5.71223816367754E-02	1E-30	2.52886993287892E-10	2.95490489494828E-02	5.19969447646235E-06	4.67490489524557E-11	1.09875327032237E-02	3.10346572501226E-06	3.61416134051443E-11	1.00046835974532E-02	2.03006494668931E-11	5.73862973592427E-11	6.21526894499398	1.99497429117807E-12	1.44685206644523E-10	27.1730066384654	1E10	1E-30	1E-10	1E10	1E-30	1E-10	1E10	1E-30	1E-10	1E10	1E-30	1E-10
52	3.22457688327167E-06	1E10	10638297.8723404	1E-30	1.8071463161634E-10	1E10	1E-30	1E10	7.09229996797509E-03	5.32552453633531E-05	1E10	99.6176946239463	1.0632955206505E-04	1E10	3.92165170111927	9.10163765594663E-05	1E10	0.425513553888862	7.82131872112833E-05	1E10	4.33744587658607E-02	8.23341499597855E-05	1E10	7.17452219192703E-03	1E-30	2.03569888608967E-11	0.134501277549017	1E-30	4.34192846837325E-11	3.71023186909461E-02	1E-30	2.83214247735038E-10	2.58862983489947E-02	1.0353205929499E-05	5.79127229004499E-11	7.19510019034454E-03	6.14814119191271E-06	4.55235854849444E-11	8.18283723014953E-03	1.57013478291726E-11	5.67242886148949E-11	5.78540115991019	8.13119753054236E-12	4.46896466506633E-11	8.78468581098082	1E10	1E-30	1E-10	1E10	1E-30	1E-10	1E10	1E-30	1E-10
53	3.22457688327167E-06	1E10	10638297.8723404	1E-30	1.8071463161634E-10	1E10	1E-30	1E10	7.09229996797509E-03	5.32552453633531E-05	1E10	99.6176946239463	1.0632955206505E-04	1E10	3.92165170111927	9.10163765594663E-05	1E10	0.425513553888862	7.82131872112833E-05	1E10	4.33744587658607E-02	8.23341499597855E-05	1E10	7.17452219192703E-03	1E-30	2.03569888608967E-11	0.134501277549017	1E-30	4.34192846837325E-11	3.71023186909461E-02	1E-30	2.83214247735038E-10	2.58862983489947E-02	1.0353205929499E-05	5.79127229004499E-11	7.19510019034454E-03	6.14814119191271E-06	4.55235854849444E-11	8.18283723014953E-03	1.57013478291726E-11	5.67242886148949E-11	5.78540115991019	8.13119753054236E-12	4.46896466506633E-11	8.78468581098082	1E10	1E-30	1E-10	1E10	1E-30	1E-10	1E10	1E-30	1E-10
54	6.92567664847134E-06	1E10	5E6	1E-30	1.85766216683161E-10	1E10	1E-30	1E10	5.12885539263706E-03	1.99224029426345E-04	1E10	26.6291409977289	2.3692252566667E-04	1E10	2.07922856218166	2.37470357328001E-04	1E10	0.251417538900954	1.95221779139079E-04	1E10	3.43370834694795E-02	1.55395922950665E-04	1E10	4.86206126079069E-03	1E-30	1.53484014728266E-11	0.129915791846238	1E-30	4.52343285902461E-11	3.30507971756379E-02	1E-30	3.28129907728504E-10	1.87788799938493E-02	1.82494947764691E-05	8.37929368754055E-11	4.30641492262155E-03	1.120793688006E-05	6.29025411465518E-11	4.6241620882956E-03	9.25508351960639E-12	7.39362542799203E-11	11.7091303196458	1E10	1E-30	1E-10	1E10	1E-30	1E-10	1E10	1E-30	1E-10	1E10	1E-30	1E-10
55	6.56125144033375E-06	1E10	5E6	1E-30	1.6674468811256E-10	1E10	1E-30	1E10	1.19067766898242E-02	1.32298737467426E-04	1E10	40.09988962318	2.38829149471602E-04	1E10	2.54214993368145	2.02705194271178E-04	1E10	0.395650874525886	1.71606428677701E-04	1E10	4.64677567072095E-02	1.64006132538831E-04	1E10	8.08547834393462E-03	1E-30	1.38713365081381E-11	8.38996979331658E-02	1E-30	5.04618684881876E-11	4.36635162855465E-02	1E-30	3.11772989718384E-10	2.07976320456971E-02	2.32083939371241E-05	5.11021789324027E-11	4.6389343524516E-03	1.34774056672209E-05	4.18828314129258E-11	5.36236360987679E-03	1.27772277401884E-11	5.63987117309461E-11	4.71216179220459	1.17520499745799E-11	2.91006853553005E-11	12.1193863019832	1E10	1E-30	1E-10	1E10	1E-30	1E-10	1E10	1E-30	1E-10
56	6.56125144033375E-06	1E10	5E6	1E-30	1.6674468811256E-10	1E10	1E-30	1E10	1.19067766898242E-02	1.32298737467426E-04	1E10	40.09988962318	2.38829149471602E-04	1E10	2.54214993368145	2.02705194271178E-04	1E10	0.395650874525886	1.71606428677701E-04	1E10	4.64677567072095E-02	1.64006132538831E-04	1E10	8.08547834393462E-03	1E-30	1.38713365081381E-11	8.38996979331658E-02	1E-30	5.04618684881876E-11	4.36635162855465E-02	1E-30	3.11772989718384E-10	2.07976320456971E-02	2.32083939371241E-05	5.11021789324027E-11	4.6389343524516E-03	1.34774056672209E-05	4.18828314129258E-11	5.36236360987679E-03	1.27772277401884E-11	5.63987117309461E-11	4.71216179220459	1.17520499745799E-11	2.91006853553005E-11	12.1193863019832	1E10	1E-30	1E-10	1E10	1E-30	1E-10	1E10	1E-30	1E-10
END DSCRDATA
