BEGIN DSCRDATA
% INDEX	K01	L01	M01	K02	L02	M02	K03	L03	M03	K04	L04	M04	K05	L05	M05	K06	L06	M06	K07	L07	M07	K08	L08	M08	K09	L09	M09	K10	L10	M10	K11	L11	M11	K12	L12	M12	K13	L13	M13	K14	L14	M14	K15	L15	M15	K16	L16	M16	K17	L17	M17	K18	L18	M18
0	0	0	0	0	0	0	0	0	0	0	0	0	0	0	0	0	0	0	0	0	0	0	0	0	0	0	0	0	0	0	0	0	0	0	0	0	0	0	0	0	0	0	0	0	0	0	0	0	0	0	0	0	0	0
1	4.73016044583375E-10	1E10	1E10	1E-30	4.60326002100351E-10	1E10	1E-30	1E10	0.292522579391838	8.62837427653161E-09	1E10	92.4466453237782	6.25070460290552E-08	1E10	2.54619204078073	2.72853152182474E-08	1E10	1.64395965906446	1.49943959685164E-08	1E10	0.531974917921453	1.9017700343003E-09	1E10	0.487039395339846	4.2275173002333E-12	6.73187346235864E-10	30.2708959479977	1E10	1E-30	1E-10	1E10	1E-30	1E-10	1E10	1E-30	1E-10	1E10	1E-30	1E-10	1E10	1E-30	1E-10	1E10	1E-30	1E-10	1E10	1E-30	1E-10	1E10	1E-30	1E-10	1E10	1E-30	1E-10
2	6.91467354381918E-10	1E10	1E10	1E-30	4.12372884300625E-10	1E10	1E-30	1E10	0.261600105979205	2.4683750725468E-08	1E10	23.410407837748	5.65472060859577E-08	1E10	2.23567659207875	7.45437354693516E-07	1E10	1.07006209367021	2.30362165243439E-08	1E10	0.690890116107851	4.28954424673613E-09	1E10	0.330680800057499	3.01014364763842E-12	6.54084889714442E-10	26.8239942698509	1E10	1E-30	1E-10	1E10	1E-30	1E-10	1E10	1E-30	1E-10	1E10	1E-30	1E-10	1E10	1E-30	1E-10	1E10	1E-30	1E-10	1E10	1E-30	1E-10	1E10	1E-30	1E-10	1E10	1E-30	1E-10
3	1.02236628032376E-09	1E10	1E10	1E-30	3.00869398886588E-10	1E10	1E-30	1E10	0.249377788727033	1.22949047866127E-08	1E10	205.16107300606	2.08797440114865E-07	1E10	1.91467453739031	7.93825727105492E-08	1E10	1.26501292192075	3.30921641441357E-08	1E10	0.448843522250971	6.60275480375584E-09	1E10	0.235556428962094	1E-30	1.31800987878601E-10	1.68856374165479	5.85644815597046E-10	6.70790702616927E-11	0.536384680629036	3.44853233956214E-12	3.60235936014832E-10	22.881071895528	1E10	1E-30	1E-10	1E10	1E-30	1E-10	1E10	1E-30	1E-10	1E10	1E-30	1E-10	1E10	1E-30	1E-10	1E10	1E-30	1E-10	1E10	1E-30	1E-10
4	1.05793201117142E-09	1E10	1E10	1E-30	3.8040686546276E-10	1E10	1E-30	1E10	0.290357970436366	1.35339743985488E-08	1E10	182.13557494924	1.05057086034E-07	1E10	1.62328502041039	7.78798937982359E-08	1E10	0.513327795612975	3.90324085279236E-08	1E10	0.257273337827253	8.94180821062372E-09	1E10	0.173938123727276	4.17298095101747E-10	7.14126148187504E-11	0.520791954712003	2.63297297942041E-12	4.50583138084256E-10	26.1014279077449	1E10	1E-30	1E-10	1E10	1E-30	1E-10	1E10	1E-30	1E-10	1E10	1E-30	1E-10	1E10	1E-30	1E-10	1E10	1E-30	1E-10	1E10	1E-30	1E-10	1E10	1E-30	1E-10
5	1.53412564942524E-09	1E10	1E10	1E-30	4.56076231637222E-10	1E10	1E-30	1E10	0.245186323294765	3.23119480611267E-08	1E10	69.5756046971564	2.08623459140146E-07	1E10	6.05978184404004	2.23544063994115E-07	1E10	0.71196228720296	2.39531780140966E-07	1E10	0.419234475671917	6.30032774346504E-08	1E10	0.325429552931667	8.49890827409676E-09	1E10	0.166900250908226	1E-30	2.56821120884431E-10	3.44531972988658	1.01422439741753E-11	2.55910016120892E-10	15.8846121550192	1E10	1E-30	1E-10	1E10	1E-30	1E-10	1E10	1E-30	1E-10	1E10	1E-30	1E-10	1E10	1E-30	1E-10	1E10	1E-30	1E-10	1E10	1E-30	1E-10
6	1.54820554006099E-09	1E10	1E10	1E-30	4.6774951906607E-10	1E10	1E-30	1E10	0.222180184310506	2.66281393055601E-08	1E10	96.9347091019332	4.84552479575139E-07	1E10	1.64618754435584	1.01237362077207E-07	1E10	1.13888352712636	5.69299523492717E-08	1E10	0.279562754796389	2.16441642162279E-08	1E10	0.106286794979752	1E-30	1.75810448244405E-10	2.35854124446885	1.95217322430486E-09	1.92177697522995E-11	0.227296274260251	7.59483515103634E-12	2.71458212990385E-10	21.7066256748834	1E10	1E-30	1E-10	1E10	1E-30	1E-10	1E10	1E-30	1E-10	1E10	1E-30	1E-10	1E10	1E-30	1E-10	1E10	1E-30	1E-10	1E10	1E-30	1E-10
7	2.15054946229345E-09	1E10	1E10	1E-30	4.76600992658689E-10	1E10	1E-30	1E10	0.169389096681759	5.36222044862596E-08	1E10	40.9708965124914	4.67029877207118E-07	1E10	0.6799476343811	1.47687814732325E-07	1E10	0.6799476343811	9.75763715442068E-08	1E10	0.163108076856281	3.08563579894535E-08	1E10	0.100571624952821	1E-30	8.09646066203687E-11	1.39924577489072	1.17122136867274E-08	1.53314189054569E-11	0.080997512471691	1.77271527696348E-09	3.35414899220533E-11	0.218007623849061	6.89666271959833E-12	2.98938843594336E-10	20.8195664472003	1E10	1E-30	1E-10	1E10	1E-30	1E-10	1E10	1E-30	1E-10	1E10	1E-30	1E-10	1E10	1E-30	1E-10	1E10	1E-30	1E-10
8	2.11973691876484E-09	1E10	1E10	1E-30	4.66627609060949E-10	1E10	1E-30	1E10	0.21155969233988	4.34051848049666E-08	1E10	58.1136993164047	1.19547805863537E-07	1E10	1.03342394935555	9.7172104746344E-08	1E10	0.16378665822599	3.44779638240103E-08	1E10	0.103342394935555	9.15118355124779E-10	5.65905703753972E-11	0.248675730521418	5.51413337273033E-12	3.73890190660377E-10	20.6839463400206	1E10	1E-30	1E-10	1E10	1E-30	1E-10	1E10	1E-30	1E-10	1E10	1E-30	1E-10	1E10	1E-30	1E-10	1E10	1E-30	1E-10	1E10	1E-30	1E-10	1E10	1E-30	1E-10	1E10	1E-30	1E-10
9	3.29136787590638E-09	1E10	1E10	1E-30	4.37272519730637E-10	1E10	1E-30	1E10	0.111761496762589	1.01998810413278E-07	1E10	18.3326406197838	2.62177312133729E-07	1E10	0.607050784816631	1.69275890336081E-07	1E10	0.215389746397691	3.0101983040066E-08	1E10	0.08574820250462	1E-30	1.51643148025262E-10	0.828746267844407	1.93913724734933E-09	4.85973725097949E-11	0.262725435330292	5.59253291024167E-12	3.36211674075606E-10	24.5189642450757	1E10	1E-30	1E-10	1E10	1E-30	1E-10	1E10	1E-30	1E-10	1E10	1E-30	1E-10	1E10	1E-30	1E-10	1E10	1E-30	1E-10	1E10	1E-30	1E-10	1E10	1E-30	1E-10
10	3.40536024465022E-09	1E10	1E10	1E-30	4.64562817317444E-10	1E10	1E-30	1E10	0.170352314523211	1.11110604032878E-07	1E10	15.705964919157	2.37550259163987E-07	1E10	0.669984295752868	1.93088099771179E-06	1E10	0.413108968086904	2.21694801020231E-07	1E10	0.143240102488148	6.24820843145488E-08	1E10	9.68421946856398E-02	1.86048716549849E-09	3.05207118847926E-11	0.137241036821222	5.88337700048585E-12	4.41158507897571E-10	24.9737632540103	1E10	1E-30	1E-10	1E10	1E-30	1E-10	1E10	1E-30	1E-10	1E10	1E-30	1E-10	1E10	1E-30	1E-10	1E10	1E-30	1E-10	1E10	1E-30	1E-10	1E10	1E-30	1E-10
11	4.71687873994505E-09	1E10	1E10	1E-30	3.92500017305777E-10	1E10	1E-30	1E10	9.49671313501602E-02	1.91113372916749E-07	1E10	9.5615665979424	5.77153159331769E-07	1E10	0.550210728396503	2.24538634556135E-07	1E10	0.245770104600148	7.10053507901577E-08	1E10	6.46441239494549E-02	1E-30	1.81680022627296E-10	0.641070761071217	7.01248174870484E-08	8.09747458580142E-12	3.39812167073474E-02	6.24988093717895E-09	2.74378194288453E-11	0.132202273809921	5.83272826409138E-12	2.68132584077321E-10	17.0309519968443	1E10	1E-30	1E-10	1E10	1E-30	1E-10	1E10	1E-30	1E-10	1E10	1E-30	1E-10	1E10	1E-30	1E-10	1E10	1E-30	1E-10	1E10	1E-30	1E-10
12	4.66722651483439E-09	1E10	1E10	1E-30	3.98901318190132E-10	1E10	1E-30	1E10	0.108576575397566	1.88338024536736E-07	1E10	8.64733175116277	4.12038702411939E-07	1E10	0.413887319440352	2.31706389944042E-07	1E10	0.133931311254505	1.18833259826344E-07	1E10	2.79822170404245E-02	1E-30	1.29276411198643E-10	0.958367676942973	5.71941959101558E-08	9.92817397638262E-12	5.24515963220433E-02	2.86650008277472E-09	5.98231640168332E-11	0.199415407417274	5.85264198739949E-12	2.67220257968753E-10	26.2880704599793	1E10	1E-30	1E-10	1E10	1E-30	1E-10	1E10	1E-30	1E-10	1E10	1E-30	1E-10	1E10	1E-30	1E-10	1E10	1E-30	1E-10	1E10	1E-30	1E-10
13	6.82600115518118E-09	1E10	1E10	1E-30	4.73750114862826E-10	1E10	1E-30	1E10	9.84388229613891E-02	3.30593622642948E-07	1E10	4.81421697791756	4.06719009767352E-07	1E10	0.39131424710867	2.34042361494356E-07	1E10	7.12074871449967E-02	1E-30	9.84310358668866E-11	0.479436229948751	4.95756134696126E-08	1.37706119591054E-11	4.18641783318054E-02	8.41914708916665E-09	2.44879957105128E-11	0.107607507433156	7.67835340345174E-12	2.81159809582254E-10	21.9706331057584	1E10	1E-30	1E-10	1E10	1E-30	1E-10	1E10	1E-30	1E-10	1E10	1E-30	1E-10	1E10	1E-30	1E-10	1E10	1E-30	1E-10	1E10	1E-30	1E-10	1E10	1E-30	1E-10
14	6.80508510032135E-09	1E10	1E10	1E-30	4.877755134713E-10	1E10	1E-30	1E10	8.09024940893055E-02	3.05491120059151E-07	1E10	8.25698585949209	7.85233086673378E-07	1E10	0.377417071819086	5.55902453469362E-07	1E10	0.143489968695972	2.60015112615392E-07	1E10	4.86207373572273E-02	1E-30	9.17694027443878E-11	0.302201558199996	3.51373474696972E-08	2.94071112281051E-11	7.26677469908032E-02	1.11114048940997E-08	3.37638812543105E-11	0.135313676921846	7.01082252542539E-12	2.94071112281051E-10	25.7834895977748	1E10	1E-30	1E-10	1E10	1E-30	1E-10	1E10	1E-30	1E-10	1E10	1E-30	1E-10	1E10	1E-30	1E-10	1E10	1E-30	1E-10	1E10	1E-30	1E-10
15	1.01304791640987E-08	1E10	1E10	1E-30	3.87545775330564E-10	1E10	1E-30	1E10	6.53085543299289E-02	5.1938637144005E-07	1E10	4.85656920788103	1.24592112550048E-06	1E10	0.279466388065663	1.01272271154031E-06	1E10	9.91584163264435E-02	4.03172173246577E-07	1E10	4.63798758702639E-02	1E-30	1.39481459464768E-10	0.552223999515743	6.45236237167071E-08	2.11106977445737E-11	5.71994587017467E-02	8.70399734441483E-09	5.68201777147017E-11	0.128053637310267	5.49185105079463E-12	2.36865924526026E-10	21.2516139929877	1E10	1E-30	1E-10	1E10	1E-30	1E-10	1E10	1E-30	1E-10	1E10	1E-30	1E-10	1E10	1E-30	1E-10	1E10	1E-30	1E-10	1E10	1E-30	1E-10
16	9.92331927386654E-09	1E10	1E10	1E-30	3.76122574713845E-10	1E10	1E-30	1E10	5.79646103252827E-02	4.5060142167621E-07	1E10	5.5979314249509	7.14155125727924E-07	1E10	0.300626716909887	5.9400836052776E-07	1E10	4.44659498688883E-02	3.17789136100674E-07	1E10	1.98907468242997E-02	1E-30	1.45361727368187E-10	0.295154133181197	3.98570153465416E-08	4.50522581232427E-11	0.111328381399641	1.17626391438097E-08	6.07738239851928E-11	0.146759388972655	5.62995305935953E-12	1.9218370591138E-10	16.4666742769399	1E10	1E-30	1E-10	1E10	1E-30	1E-10	1E10	1E-30	1E-10	1E10	1E-30	1E-10	1E10	1E-30	1E-10	1E10	1E-30	1E-10	1E10	1E-30	1E-10
17	1.51434183895781E-08	1E10	6666666666.66667	1E-30	1.87872411389979E-10	1E10	1E-30	1E10	9.65998826891234E-02	7.65754976149698E-07	1E10	2.03109531289678	7.14644124848404E-07	1E10	0.131138527834427	1E-30	9.90611348437982E-11	0.17119934273996	5.8538158851654E-12	3.52194264134879E-10	29.4897852497555	2.73803540011708E-12	3.28686811719908E-10	34.6474765856296	1E10	1E-30	1E-10	1E10	1E-30	1E-10	1E10	1E-30	1E-10	1E10	1E-30	1E-10	1E10	1E-30	1E-10	1E10	1E-30	1E-10	1E10	1E-30	1E-10	1E10	1E-30	1E-10	1E10	1E-30	1E-10	1E10	1E-30	1E-10
18	1.45615282135978E-08	1E10	6666666666.66667	1E-30	4.66820786631553E-10	1E10	1E-30	1E10	5.06551612531244E-02	9.71751358773831E-07	1E10	1.63781549318047	1.4708051997553E-06	1E10	0.226081473510914	1.01754858937933E-06	1E10	6.22680083636745E-02	8.86247772360567E-07	1E10	1.79582897757788E-02	1E-30	1.64296002706967E-10	0.429759802423256	1.27687079434891E-07	1.85384911528352E-11	5.25973320153693E-02	1.21940214191051E-08	7.72812937735266E-11	0.120493526535896	1.03787954684549E-11	1.81165035749105E-10	15.1692362512735	1E10	1E-30	1E-10	1E10	1E-30	1E-10	1E10	1E-30	1E-10	1E10	1E-30	1E-10	1E10	1E-30	1E-10	1E10	1E-30	1E-10	1E10	1E-30	1E-10
19	2.20084877038193E-08	1E10	4545454545.45455	1E-30	2.95349000396053E-10	1E10	1E-30	1E10	6.42346049941252E-02	1.65295300806078E-06	1E10	0.962852194319869	2.08094454634933E-06	1E10	0.175210296471837	1.09209522229021E-06	1E10	4.20300226927807E-02	1E-30	1.07502816596299E-10	0.322863267054291	1E-30	2.04842394094655E-11	3.15514001844849E-02	1.79028525368128E-08	5.2637966471141E-11	5.42236108061271E-02	3.74043605364134E-12	4.58457522456928E-10	71.4806403340371	1E10	1E-30	1E-10	1E10	1E-30	1E-10	1E10	1E-30	1E-10	1E10	1E-30	1E-10	1E10	1E-30	1E-10	1E10	1E-30	1E-10	1E10	1E-30	1E-10	1E10	1E-30	1E-10
20	2.20008974279895E-08	1E10	4545454545.45455	1E-30	4.40740717343466E-10	1E10	1E-30	1E10	3.92097086587236E-02	1.00219692428051E-06	1E10	3.98902782851004	1.55221925174862E-06	1E10	0.190926875783733	7.77952472766887E-07	1E10	3.39521332029272E-02	1E-30	1.87490678968244E-10	0.275789975260684	1E-30	3.04074276311379E-11	0.162397177142929	1.14848313770565E-07	3.58176191603956E-11	6.12330716518283E-02	2.57113347767093E-08	6.36937346695471E-11	9.93084138972379E-02	7.76469896927554E-12	1.59991427888607E-10	14.3544331016765	1E10	1E-30	1E-10	1E10	1E-30	1E-10	1E10	1E-30	1E-10	1E10	1E-30	1E-10	1E10	1E-30	1E-10	1E10	1E-30	1E-10	1E10	1E-30	1E-10
21	3.15471001499839E-08	1E10	3030303030.30303	1E-30	5.09593803298051E-10	1E10	1E-30	1E10	5.04126505843778E-02	2.13995838633198E-06	1E10	0.743729149634058	3.9847889841826E-06	1E10	7.96920141700842E-02	1.90723991938555E-06	1E10	3.90314606133173E-02	1E-30	4.14492713343865E-11	0.175839197994903	1E-30	4.54482222641776E-11	0.113531321815472	1.39864633587903E-07	2.44632089969603E-11	1.95615271556461E-02	1.49867655009422E-08	7.21960481056975E-11	6.94069174867941E-02	7.68613329636725E-12	3.22487901069567E-10	34.7858609698027	1E10	1E-30	1E-10	1E10	1E-30	1E-10	1E10	1E-30	1E-10	1E10	1E-30	1E-10	1E10	1E-30	1E-10	1E10	1E-30	1E-10	1E10	1E-30	1E-10
22	4.79367816101274E-08	1E10	2127659574.46808	1E-30	4.39914197303324E-10	1E10	1E-30	1E10	3.45768572379403E-02	4.55128715046912E-06	1E10	0.349692159229045	5.10662817365375E-06	1E10	9.41208617225327E-02	2.93855779625147E-06	1E10	2.15618437570778E-02	1E-30	1.37982901445725E-10	0.13722210177046	1E-30	1.69756054554758E-12	2.27732003509321E-02	2.26479775105702E-07	3.97367105129233E-11	3.32721789900882E-02	4.73183317845036E-08	6.297844198273E-11	5.78204202232728E-02	2.26479775105702E-08	6.59465245118839E-13	0.132458930358935	4.21725075938626E-12	3.08455069599657E-10	28.319217152342	1E10	1E-30	1E-10	1E10	1E-30	1E-10	1E10	1E-30	1E-10	1E10	1E-30	1E-10	1E10	1E-30	1E-10	1E10	1E-30	1E-10
23	6.77933791746484E-08	1E10	1470588235.29412	1E-30	4.62274688695682E-10	1E10	1E-30	1E10	3.46325155942997E-02	4.52027891411906E-06	1E10	0.352090979595918	8.22555542117905E-06	1E10	3.06658423580014E-02	9.0191421704902E-06	1E10	1.33861256982487E-02	1E-30	3.16500002979006E-11	0.169033394317399	1E-30	1.48038173610784E-10	0.101852692112636	9.7607702587121E-08	4.83879526231135E-11	3.14504293005483E-02	9.53858800201194E-12	1.79778290633716E-10	13.7286103204394	1E10	1E-30	1E-10	1E10	1E-30	1E-10	1E10	1E-30	1E-10	1E10	1E-30	1E-10	1E10	1E-30	1E-10	1E10	1E-30	1E-10	1E10	1E-30	1E-10	1E10	1E-30	1E-10
24	9.90038296132172E-08	1E10	5E8	1E-30	1.40984141685549E-10	1E10	1E-30	1E10	6.20170911025183E-02	1.35908963654383E-05	1E10	252.417557011366	1.8643499408498E-05	1E10	31.0541437595838	1.8156023675869E-05	1E10	4.0005486776498	1.53348713975999E-05	1E10	0.503639239141288	5.54464972715499E-05	1E10	0.40005486776498	1.35424269995863E-05	1E10	9.84482482280388E-02	8.41682320824335E-06	1E10	3.63079546964093E-02	1E-30	1.50249382093592E-10	0.121902493011852	3.38207155551972E-07	2.97726138322E-11	1.56303786803244E-02	1.12418394841217E-07	3.1198318718293E-11	0.023159671299068	9.4533420025074E-12	1.10385719487669E-10	14.7339801095112	7.78329198140534E-13	3.95458882370113E-10	65.6669712805309	1E10	1E-30	1E-10	1E10	1E-30	1E-10	1E10	1E-30	1E-10
25	1.00331916856826E-07	1E10	5E8	1E-30	1.12623211188958E-10	1E10	1E-30	1E10	0.063412856188501	1.34711952131881E-05	1E10	274.257478628396	1.94483230098222E-05	1E10	34.5269709219884	2.50941153505226E-05	1E10	4.44793548115734	1.77840981557919E-05	1E10	1.34325504085583	1.22925283440026E-05	1E10	0.314889717309797	1.02728216279164E-05	1E10	5.20975340059914E-02	1.18766103223519E-05	1E10	1.25532551320665E-02	1E-30	1.58301010387429E-10	7.26295709175106E-02	1E-30	2.61949130620137E-11	5.68575633366681E-02	5.40027284063788E-07	3.3747531928836E-11	1.78947064646551E-02	9.77569269819129E-12	1.31878958073941E-10	13.7857339194843	1.26836352421838E-12	4.04563138204417E-10	61.6400802235949	1E10	1E-30	1E-10	1E10	1E-30	1E-10	1E10	1E-30	1E-10
26	9.90038296132172E-08	1E10	5E8	1E-30	1.40984141685549E-10	1E10	1E-30	1E10	6.20170911025183E-02	1.35908963654383E-05	1E10	252.417557011366	1.8643499408498E-05	1E10	31.0541437595838	1.8156023675869E-05	1E10	4.0005486776498	1.53348713975999E-05	1E10	0.503639239141288	5.54464972715499E-05	1E10	0.40005486776498	1.35424269995863E-05	1E10	9.84482482280388E-02	8.41682320824335E-06	1E10	3.63079546964093E-02	1E-30	1.50249382093592E-10	0.121902493011852	3.38207155551972E-07	2.97726138322E-11	1.56303786803244E-02	1.12418394841217E-07	3.1198318718293E-11	0.023159671299068	9.4533420025074E-12	1.10385719487669E-10	14.7339801095112	7.78329198140534E-13	3.95458882370113E-10	65.6669712805309	1E10	1E-30	1E-10	1E10	1E-30	1E-10	1E10	1E-30	1E-10
27	1.00331916856826E-07	1E10	5E8	1E-30	1.12623211188958E-10	1E10	1E-30	1E10	0.063412856188501	1.34711952131881E-05	1E10	274.257478628396	1.94483230098222E-05	1E10	34.5269709219884	2.50941153505226E-05	1E10	4.44793548115734	1.77840981557919E-05	1E10	1.34325504085583	1.22925283440026E-05	1E10	0.314889717309797	1.02728216279164E-05	1E10	5.20975340059914E-02	1.18766103223519E-05	1E10	1.25532551320665E-02	1E-30	1.58301010387429E-10	7.26295709175106E-02	1E-30	2.61949130620137E-11	5.68575633366681E-02	5.40027284063788E-07	3.3747531928836E-11	1.78947064646551E-02	9.77569269819129E-12	1.31878958073941E-10	13.7857339194843	1.26836352421838E-12	4.04563138204417E-10	61.6400802235949	1E10	1E-30	1E-10	1E10	1E-30	1E-10	1E10	1E-30	1E-10
28	9.90038296132172E-08	1E10	5E8	1E-30	1.40984141685549E-10	1E10	1E-30	1E10	6.20170911025183E-02	1.35908963654383E-05	1E10	252.417557011366	1.8643499408498E-05	1E10	31.0541437595838	1.8156023675869E-05	1E10	4.0005486776498	1.53348713975999E-05	1E10	0.503639239141288	5.54464972715499E-05	1E10	0.40005486776498	1.35424269995863E-05	1E10	9.84482482280388E-02	8.41682320824335E-06	1E10	3.63079546964093E-02	1E-30	1.50249382093592E-10	0.121902493011852	3.38207155551972E-07	2.97726138322E-11	1.56303786803244E-02	1.12418394841217E-07	3.1198318718293E-11	0.023159671299068	9.4533420025074E-12	1.10385719487669E-10	14.7339801095112	7.78329198140534E-13	3.95458882370113E-10	65.6669712805309	1E10	1E-30	1E-10	1E10	1E-30	1E-10	1E10	1E-30	1E-10
29	9.90038296132172E-08	1E10	5E8	1E-30	1.40984141685549E-10	1E10	1E-30	1E10	6.20170911025183E-02	1.35908963654383E-05	1E10	252.417557011366	1.8643499408498E-05	1E10	31.0541437595838	1.8156023675869E-05	1E10	4.0005486776498	1.53348713975999E-05	1E10	0.503639239141288	5.54464972715499E-05	1E10	0.40005486776498	1.35424269995863E-05	1E10	9.84482482280388E-02	8.41682320824335E-06	1E10	3.63079546964093E-02	1E-30	1.50249382093592E-10	0.121902493011852	3.38207155551972E-07	2.97726138322E-11	1.56303786803244E-02	1.12418394841217E-07	3.1198318718293E-11	0.023159671299068	9.4533420025074E-12	1.10385719487669E-10	14.7339801095112	7.78329198140534E-13	3.95458882370113E-10	65.6669712805309	1E10	1E-30	1E-10	1E10	1E-30	1E-10	1E10	1E-30	1E-10
30	9.83553205225347E-08	1E10	1E9	1E-30	4.76949803107776E-10	1E10	1E-30	1E10	0.024085009694939	7.33474006372695E-06	1E10	0.216987843753286	1.92923320184937E-05	1E10	2.07221782041166E-02	9.02370164242968E-06	1E10	0.014009911896842	1E-30	1.69314535491733E-11	0.143315458540945	1E-30	1.50901738596687E-10	0.101459574711142	3.64262269517795E-07	5.40514250459316E-11	0.02430504780809	9.14985452312635E-08	8.18101423722764E-11	4.73910662154654E-02	7.10254819114882E-12	1.91781693134516E-10	19.7558845552429	1E10	1E-30	1E-10	1E10	1E-30	1E-10	1E10	1E-30	1E-10	1E10	1E-30	1E-10	1E10	1E-30	1E-10	1E10	1E-30	1E-10	1E10	1E-30	1E-10
31	2.14294538947093E-07	1E10	227272727.272727	1E-30	4.32574597604698E-11	1E10	1E-30	1E10	6.34730040476165E-02	2.87171216331065E-05	1E10	138.554052461523	3.72415510037516E-05	1E10	15.5460203780151	6.3667008249714E-05	1E10	1.3231809286398	4.476766728148E-05	1E10	0.618898218605862	3.89225153860673E-05	1E10	0.155460203780151	2.15559248347376E-05	1E10	5.86480357317351E-02	2.37691329529199E-05	1E10	0.015166210081827	1E-30	2.9142920161083E-10	8.32673437741667E-02	1E-30	2.67325363376568E-11	8.14465339631514E-02	1.15729245541831E-06	3.35192386560546E-11	1.97311559886255E-02	4.8198679596181E-07	3.20992275640271E-11	2.15052086739147E-02	1.02887588583564E-11	8.15481867975001E-11	12.7281080150382	8.79069112665305E-13	4.33968501888103E-10	85.6590582117562	1E10	1E-30	1E-10	1E10	1E-30	1E-10
32	2.14294538947093E-07	1E10	227272727.272727	1E-30	4.32574597604698E-11	1E10	1E-30	1E10	6.34730040476165E-02	2.87171216331065E-05	1E10	138.554052461523	3.72415510037516E-05	1E10	15.5460203780151	6.3667008249714E-05	1E10	1.3231809286398	4.476766728148E-05	1E10	0.618898218605862	3.89225153860673E-05	1E10	0.155460203780151	2.15559248347376E-05	1E10	5.86480357317351E-02	2.37691329529199E-05	1E10	0.015166210081827	1E-30	2.9142920161083E-10	8.32673437741667E-02	1E-30	2.67325363376568E-11	8.14465339631514E-02	1.15729245541831E-06	3.35192386560546E-11	1.97311559886255E-02	4.8198679596181E-07	3.20992275640271E-11	2.15052086739147E-02	1.02887588583564E-11	8.15481867975001E-11	12.7281080150382	8.79069112665305E-13	4.33968501888103E-10	85.6590582117562	1E10	1E-30	1E-10	1E10	1E-30	1E-10
33	2.14294538947093E-07	1E10	227272727.272727	1E-30	4.32574597604698E-11	1E10	1E-30	1E10	6.34730040476165E-02	2.87171216331065E-05	1E10	138.554052461523	3.72415510037516E-05	1E10	15.5460203780151	6.3667008249714E-05	1E10	1.3231809286398	4.476766728148E-05	1E10	0.618898218605862	3.89225153860673E-05	1E10	0.155460203780151	2.15559248347376E-05	1E10	5.86480357317351E-02	2.37691329529199E-05	1E10	0.015166210081827	1E-30	2.9142920161083E-10	8.32673437741667E-02	1E-30	2.67325363376568E-11	8.14465339631514E-02	1.15729245541831E-06	3.35192386560546E-11	1.97311559886255E-02	4.8198679596181E-07	3.20992275640271E-11	2.15052086739147E-02	1.02887588583564E-11	8.15481867975001E-11	12.7281080150382	8.79069112665305E-13	4.33968501888103E-10	85.6590582117562	1E10	1E-30	1E-10	1E10	1E-30	1E-10
34	2.14294538947093E-07	1E10	227272727.272727	1E-30	4.32574597604698E-11	1E10	1E-30	1E10	6.34730040476165E-02	2.87171216331065E-05	1E10	138.554052461523	3.72415510037516E-05	1E10	15.5460203780151	6.3667008249714E-05	1E10	1.3231809286398	4.476766728148E-05	1E10	0.618898218605862	3.89225153860673E-05	1E10	0.155460203780151	2.15559248347376E-05	1E10	5.86480357317351E-02	2.37691329529199E-05	1E10	0.015166210081827	1E-30	2.9142920161083E-10	8.32673437741667E-02	1E-30	2.67325363376568E-11	8.14465339631514E-02	1.15729245541831E-06	3.35192386560546E-11	1.97311559886255E-02	4.8198679596181E-07	3.20992275640271E-11	2.15052086739147E-02	1.02887588583564E-11	8.15481867975001E-11	12.7281080150382	8.79069112665305E-13	4.33968501888103E-10	85.6590582117562	1E10	1E-30	1E-10	1E10	1E-30	1E-10
35	4.41756645249625E-07	1E10	106382978.723404	1E-30	4.94903471238166E-11	1E10	1E-30	1E10	3.94330171911209E-02	2.97133054050987E-05	1E10	7.22552095382539E-02	6.37628241480333E-05	1E10	2.57850932116174E-03	1E-30	3.0562396274047E-11	7.70936672704638E-02	1E-30	2.59707028460378E-10	6.20400162710371E-02	1.41495466084356E-06	6.07698906097628E-11	2.05725166983277E-02	8.31528553170182E-07	4.1738901480581E-11	0.021808853140438	9.54172080219216E-12	1.08699563305266E-10	11.1998825567867	1.42876988844025E-12	3.29896037597491E-10	144.568858824126	1E10	1E-30	1E-10	1E10	1E-30	1E-10	1E10	1E-30	1E-10	1E10	1E-30	1E-10	1E10	1E-30	1E-10	1E10	1E-30	1E-10	1E10	1E-30	1E-10
36	4.41756645249625E-07	1E10	106382978.723404	1E-30	4.94903471238166E-11	1E10	1E-30	1E10	3.94330171911209E-02	2.97133054050987E-05	1E10	7.22552095382539E-02	6.37628241480333E-05	1E10	2.57850932116174E-03	1E-30	3.0562396274047E-11	7.70936672704638E-02	1E-30	2.59707028460378E-10	6.20400162710371E-02	1.41495466084356E-06	6.07698906097628E-11	2.05725166983277E-02	8.31528553170182E-07	4.1738901480581E-11	0.021808853140438	9.54172080219216E-12	1.08699563305266E-10	11.1998825567867	1.42876988844025E-12	3.29896037597491E-10	144.568858824126	1E10	1E-30	1E-10	1E10	1E-30	1E-10	1E10	1E-30	1E-10	1E10	1E-30	1E-10	1E10	1E-30	1E-10	1E10	1E-30	1E-10	1E10	1E-30	1E-10
37	1.01245906905852E-06	1E10	5E7	1E-30	1.29395501559892E-10	1E10	1E-30	1E10	1.21518079088829E-02	1.20957698200061E-04	1E10	16.7528965737835	1.29312957868164E-04	1E10	1.34455607974494	1.14758817967646E-04	1E10	0.153573620773903	7.87181931816884E-05	1E10	2.26965335539167E-02	1.58307665740166E-04	1E10	1.63626342204774E-03	1E-30	4.14960078840321E-11	7.01351589877197E-02	1E-30	3.4800524827607E-10	4.72162748039664E-02	3.32763290331016E-06	7.68084044480853E-11	1.74986783604327E-02	1.48044344596348E-06	7.3986116328847E-11	1.89651021552794E-02	2.15662297332861E-11	6.97895961727099E-11	5.92724249372549	1.30442572175529E-12	3.43707377539409E-10	106.785137816349	1E10	1E-30	1E-10	1E10	1E-30	1E-10	1E10	1E-30	1E-10	1E10	1E-30	1E-10
38	9.6908429687527E-07	1E10	5E7	1E-30	7.20066971569723E-11	1E10	1E-30	1E10	3.11468955662152E-02	7.86300976897798E-05	1E10	24.347963388686	2.35169946014032E-04	1E10	2.28664856976572	1.14557366017078E-04	1E10	0.565035239096154	1.15233814456875E-04	1E10	5.89259832078433E-02	9.68901928890081E-05	1E10	1.66759580072622E-02	1E-30	3.87458815467606E-11	7.91801643433994E-02	1E-30	2.94302589784594E-10	0.04831552671022	3.13940521200907E-06	6.4558513308391E-11	1.18776966243356E-02	1.44840033466362E-06	5.5203637098856E-11	1.42662328244498E-02	8.71469162758425E-12	1.05756595096702E-10	8.00999328116025	8.55651507016503E-13	3.48550687021809E-10	134.280281701231	1E10	1E-30	1E-10	1E10	1E-30	1E-10	1E10	1E-30	1E-10	1E10	1E-30	1E-10
39	1.01245906905852E-06	1E10	5E7	1E-30	1.29395501559892E-10	1E10	1E-30	1E10	1.21518079088829E-02	1.20957698200061E-04	1E10	16.7528965737835	1.29312957868164E-04	1E10	1.34455607974494	1.14758817967646E-04	1E10	0.153573620773903	7.87181931816884E-05	1E10	2.26965335539167E-02	1.58307665740166E-04	1E10	1.63626342204774E-03	1E-30	4.14960078840321E-11	7.01351589877197E-02	1E-30	3.4800524827607E-10	4.72162748039664E-02	3.32763290331016E-06	7.68084044480853E-11	1.74986783604327E-02	1.48044344596348E-06	7.3986116328847E-11	1.89651021552794E-02	2.15662297332861E-11	6.97895961727099E-11	5.92724249372549	1.30442572175529E-12	3.43707377539409E-10	106.785137816349	1E10	1E-30	1E-10	1E10	1E-30	1E-10	1E10	1E-30	1E-10	1E10	1E-30	1E-10
40	9.6908429687527E-07	1E10	5E7	1E-30	7.20066971569723E-11	1E10	1E-30	1E10	3.11468955662152E-02	7.86300976897798E-05	1E10	24.347963388686	2.35169946014032E-04	1E10	2.28664856976572	1.14557366017078E-04	1E10	0.565035239096154	1.15233814456875E-04	1E10	5.89259832078433E-02	9.68901928890081E-05	1E10	1.66759580072622E-02	1E-30	3.87458815467606E-11	7.91801643433994E-02	1E-30	2.94302589784594E-10	0.04831552671022	3.13940521200907E-06	6.4558513308391E-11	1.18776966243356E-02	1.44840033466362E-06	5.5203637098856E-11	1.42662328244498E-02	8.71469162758425E-12	1.05756595096702E-10	8.00999328116025	8.55651507016503E-13	3.48550687021809E-10	134.280281701231	1E10	1E-30	1E-10	1E10	1E-30	1E-10	1E10	1E-30	1E-10	1E10	1E-30	1E-10
41	1.00626682140941E-06	1E10	5E7	1E-30	9.25690509989836E-11	1E10	1E-30	1E10	7.37476290650481E-03	1.62700977284791E-04	1E10	10.2592078213406	2.80769039708594E-04	1E10	1.08069275178696	1.89256679388243E-04	1E10	0.288012508204807	2.0112181690866E-04	1E10	6.64880383429118E-02	1.09335715449593E-04	1E10	2.34135032287834E-02	1.4576958142321E-04	1E10	1.71052624199318E-03	1E-30	3.31549729089673E-10	3.67532107368108E-02	1E-30	4.64516386124022E-11	3.61735627317329E-02	3.27527563316427E-06	7.89389620205938E-11	2.50028252249226E-02	1.42135946980237E-06	7.79102523015961E-11	1.87440035404457E-02	5.45645218883069E-10	4.75232292591666E-11	0.372320684097275	1.00023094451418E-12	3.420162066235E-10	89.6513586511066	1E10	1E-30	1E-10	1E10	1E-30	1E-10	1E10	1E-30	1E-10
42	1.00626682140941E-06	1E10	5E7	1E-30	9.25690509989836E-11	1E10	1E-30	1E10	7.37476290650481E-03	1.62700977284791E-04	1E10	10.2592078213406	2.80769039708594E-04	1E10	1.08069275178696	1.89256679388243E-04	1E10	0.288012508204807	2.0112181690866E-04	1E10	6.64880383429118E-02	1.09335715449593E-04	1E10	2.34135032287834E-02	1.4576958142321E-04	1E10	1.71052624199318E-03	1E-30	3.31549729089673E-10	3.67532107368108E-02	1E-30	4.64516386124022E-11	3.61735627317329E-02	3.27527563316427E-06	7.89389620205938E-11	2.50028252249226E-02	1.42135946980237E-06	7.79102523015961E-11	1.87440035404457E-02	5.45645218883069E-10	4.75232292591666E-11	0.372320684097275	1.00023094451418E-12	3.420162066235E-10	89.6513586511066	1E10	1E-30	1E-10	1E10	1E-30	1E-10	1E10	1E-30	1E-10
43	2.21927440195507E-06	1E10	22727272.7272727	1E-30	1.42976192205207E-10	1E10	1E-30	1E10	1.86356374023492E-02	2.35936328652787E-04	1E10	11.1462134000655	4.14347777797553E-04	1E10	1.29782527992127	3.14276364760674E-04	1E10	0.286130140055014	2.32068725720889E-04	1E10	0.057621702505067	2.06840195923627E-04	1E10	8.1837295207928E-03	1E-30	5.70936571242233E-11	7.47727308562187E-02	1E-30	3.60221880600008E-10	3.34503061528735E-02	6.41133820570366E-06	8.28876167908348E-11	8.28690655954078E-03	4.09568137799922E-06	5.91423333675957E-11	1.04893062913095E-02	1.58347445116912E-11	7.51866428343527E-11	5.08894586454523	1.8317060896217E-12	2.35346136617593E-10	102.460149643039	1E10	1E-30	1E-10	1E10	1E-30	1E-10	1E10	1E-30	1E-10	1E10	1E-30	1E-10
44	2.21927440195507E-06	1E10	22727272.7272727	1E-30	1.42976192205207E-10	1E10	1E-30	1E10	1.86356374023492E-02	2.35936328652787E-04	1E10	11.1462134000655	4.14347777797553E-04	1E10	1.29782527992127	3.14276364760674E-04	1E10	0.286130140055014	2.32068725720889E-04	1E10	0.057621702505067	2.06840195923627E-04	1E10	8.1837295207928E-03	1E-30	5.70936571242233E-11	7.47727308562187E-02	1E-30	3.60221880600008E-10	3.34503061528735E-02	6.41133820570366E-06	8.28876167908348E-11	8.28690655954078E-03	4.09568137799922E-06	5.91423333675957E-11	1.04893062913095E-02	1.58347445116912E-11	7.51866428343527E-11	5.08894586454523	1.8317060896217E-12	2.35346136617593E-10	102.460149643039	1E10	1E-30	1E-10	1E10	1E-30	1E-10	1E10	1E-30	1E-10	1E10	1E-30	1E-10
45	2.21927440195507E-06	1E10	22727272.7272727	1E-30	1.42976192205207E-10	1E10	1E-30	1E10	1.86356374023492E-02	2.35936328652787E-04	1E10	11.1462134000655	4.14347777797553E-04	1E10	1.29782527992127	3.14276364760674E-04	1E10	0.286130140055014	2.32068725720889E-04	1E10	0.057621702505067	2.06840195923627E-04	1E10	8.1837295207928E-03	1E-30	5.70936571242233E-11	7.47727308562187E-02	1E-30	3.60221880600008E-10	3.34503061528735E-02	6.41133820570366E-06	8.28876167908348E-11	8.28690655954078E-03	4.09568137799922E-06	5.91423333675957E-11	1.04893062913095E-02	1.58347445116912E-11	7.51866428343527E-11	5.08894586454523	1.8317060896217E-12	2.35346136617593E-10	102.460149643039	1E10	1E-30	1E-10	1E10	1E-30	1E-10	1E10	1E-30	1E-10	1E10	1E-30	1E-10
46	2.21927440195507E-06	1E10	22727272.7272727	1E-30	1.42976192205207E-10	1E10	1E-30	1E10	1.86356374023492E-02	2.35936328652787E-04	1E10	11.1462134000655	4.14347777797553E-04	1E10	1.29782527992127	3.14276364760674E-04	1E10	0.286130140055014	2.32068725720889E-04	1E10	0.057621702505067	2.06840195923627E-04	1E10	8.1837295207928E-03	1E-30	5.70936571242233E-11	7.47727308562187E-02	1E-30	3.60221880600008E-10	3.34503061528735E-02	6.41133820570366E-06	8.28876167908348E-11	8.28690655954078E-03	4.09568137799922E-06	5.91423333675957E-11	1.04893062913095E-02	1.58347445116912E-11	7.51866428343527E-11	5.08894586454523	1.8317060896217E-12	2.35346136617593E-10	102.460149643039	1E10	1E-30	1E-10	1E10	1E-30	1E-10	1E10	1E-30	1E-10	1E10	1E-30	1E-10
47	2.19011274723104E-06	1E10	22727272.7272727	1E-30	1.61549566057111E-12	1E10	1E-30	1E10	1.10529558920357E-02	2.64346548576311E-04	1E10	7.3992294354971	2.76289298337299E-04	1E10	0.548096341356623	2.33716763191509E-04	1E10	7.20299047467501E-02	1.82788970809454E-04	1E10	8.91411093495591E-03	1.57702239680435E-04	1E10	6.03147834264988E-04	1E-30	5.15263937432164E-11	6.18343273346751E-02	1E-30	4.5454271917886E-10	0.035675031761025	7.11277652492974E-06	8.95798523189383E-11	1.50913494039133E-02	3.86612529847172E-06	7.30375137303357E-11	1.34293435591714E-02	2.00899512631449E-10	4.12461832165639E-12	0.763507890351832	7.28831853691658E-13	4.03097903764664E-10	130.913397309313	1E10	1E-30	1E-10	1E10	1E-30	1E-10	1E10	1E-30	1E-10	1E10	1E-30	1E-10
48	2.19011274723104E-06	1E10	22727272.7272727	1E-30	1.61549566057111E-12	1E10	1E-30	1E10	1.10529558920357E-02	2.64346548576311E-04	1E10	7.3992294354971	2.76289298337299E-04	1E10	0.548096341356623	2.33716763191509E-04	1E10	7.20299047467501E-02	1.82788970809454E-04	1E10	8.91411093495591E-03	1.57702239680435E-04	1E10	6.03147834264988E-04	1E-30	5.15263937432164E-11	6.18343273346751E-02	1E-30	4.5454271917886E-10	0.035675031761025	7.11277652492974E-06	8.95798523189383E-11	1.50913494039133E-02	3.86612529847172E-06	7.30375137303357E-11	1.34293435591714E-02	2.00899512631449E-10	4.12461832165639E-12	0.763507890351832	7.28831853691658E-13	4.03097903764664E-10	130.913397309313	1E10	1E-30	1E-10	1E10	1E-30	1E-10	1E10	1E-30	1E-10	1E10	1E-30	1E-10
49	4.65609291924949E-06	1E10	10638297.8723404	1E-30	9.04979090392134E-11	1E10	1E-30	1E10	8.00978946912767E-03	3.70447998156999E-04	1E10	14.3209432798216	4.47105307749477E-04	1E10	1.41095234347824	3.64357393798855E-04	1E10	0.205592367039009	3.42986414537015E-04	1E10	0.021611346365253	2.47249881582974E-04	1E10	3.08804626509191E-03	1E-30	1.90195000603404E-11	5.92968384321348E-02	1E-30	4.78819859421175E-11	2.59819861356397E-02	1E-30	4.22943691795368E-10	2.36070827579466E-02	1.10415782988406E-05	1.10132971495955E-10	9.94837823815178E-03	7.92274320315211E-06	6.97639049308111E-11	8.93692227151836E-03	1.2701802443788E-12	3.56398131297658E-10	106.225486375641	1E10	1E-30	1E-10	1E10	1E-30	1E-10	1E10	1E-30	1E-10	1E10	1E-30	1E-10
50	4.65609291924949E-06	1E10	10638297.8723404	1E-30	9.04979090392134E-11	1E10	1E-30	1E10	8.00978946912767E-03	3.70447998156999E-04	1E10	14.3209432798216	4.47105307749477E-04	1E10	1.41095234347824	3.64357393798855E-04	1E10	0.205592367039009	3.42986414537015E-04	1E10	0.021611346365253	2.47249881582974E-04	1E10	3.08804626509191E-03	1E-30	1.90195000603404E-11	5.92968384321348E-02	1E-30	4.78819859421175E-11	2.59819861356397E-02	1E-30	4.22943691795368E-10	2.36070827579466E-02	1.10415782988406E-05	1.10132971495955E-10	9.94837823815178E-03	7.92274320315211E-06	6.97639049308111E-11	8.93692227151836E-03	1.2701802443788E-12	3.56398131297658E-10	106.225486375641	1E10	1E-30	1E-10	1E10	1E-30	1E-10	1E10	1E-30	1E-10	1E10	1E-30	1E-10
51	4.66222299399653E-06	1E10	10638297.8723404	1E-30	1.34299300136731E-10	1E10	1E-30	1E10	1.24086603342894E-02	6.03667374745152E-04	1E10	8.39268980678801	6.50269891143367E-04	1E10	0.852478955850308	5.46570116961183E-04	1E10	0.117594512654338	5.7893011840943E-04	1E10	1.17570073899427E-02	3.79834231499E-4	1E10	2.61337989832307E-03	1E-30	2.33453622376654E-11	8.25741410164284E-02	1E-30	5.36832844816146E-11	0.031007651252256	1E-30	4.9229400731164E-10	2.60858569714579E-02	1.69257084142417E-05	7.98158460816575E-11	8.62235914913134E-03	7.93124161076796E-06	7.98538753497662E-11	9.23304405667261E-03	5.99397352620164E-11	1.58079061305074E-11	2.25193211137137	1.02773788434019E-12	2.56140979856549E-10	50.3723987451231	1E10	1E-30	1E-10	1E10	1E-30	1E-10	1E10	1E-30	1E-10
52	4.66222299399653E-06	1E10	10638297.8723404	1E-30	1.34299300136731E-10	1E10	1E-30	1E10	1.24086603342894E-02	6.03667374745152E-04	1E10	8.39268980678801	6.50269891143367E-04	1E10	0.852478955850308	5.46570116961183E-04	1E10	0.117594512654338	5.7893011840943E-04	1E10	1.17570073899427E-02	3.79834231499E-4	1E10	2.61337989832307E-03	1E-30	2.33453622376654E-11	8.25741410164284E-02	1E-30	5.36832844816146E-11	0.031007651252256	1E-30	4.9229400731164E-10	2.60858569714579E-02	1.69257084142417E-05	7.98158460816575E-11	8.62235914913134E-03	7.93124161076796E-06	7.98538753497662E-11	9.23304405667261E-03	5.99397352620164E-11	1.58079061305074E-11	2.25193211137137	1.02773788434019E-12	2.56140979856549E-10	50.3723987451231	1E10	1E-30	1E-10	1E10	1E-30	1E-10	1E10	1E-30	1E-10
53	4.34713912449676E-06	1E10	10638297.8723404	1E-30	6.44712780044298E-11	1E10	1E-30	1E10	7.37183201964717E-03	9.14972936583211E-04	1E10	2.41762506829966	8.36781820075689E-04	1E10	0.340270919254447	8.24490612540165E-04	1E10	0.048106622604652	8.98345809058492E-04	1E10	8.45225851722942E-03	5.09424356736051E-04	1E10	1.67348450875567E-03	1E-30	1.50388140211736E-11	7.48819262338575E-02	1E-30	6.58044425599351E-11	4.32715162471868E-02	1E-30	5.35059799170408E-10	2.60824087089192E-02	1.44044300604345E-05	1.06862165186091E-10	8.46040500295134E-03	7.84086247890925E-06	8.25956016784627E-11	7.47121016501885E-03	2.27063857924597E-11	4.78329513476535E-11	3.67050715133236	1.18357141393851E-12	2.93202024655124E-10	126.148046903823	1E10	1E-30	1E-10	1E10	1E-30	1E-10	1E10	1E-30	1E-10
54	4.34713912449676E-06	1E10	10638297.8723404	1E-30	6.44712780044298E-11	1E10	1E-30	1E10	7.37183201964717E-03	9.14972936583211E-04	1E10	2.41762506829966	8.36781820075689E-04	1E10	0.340270919254447	8.24490612540165E-04	1E10	0.048106622604652	8.98345809058492E-04	1E10	8.45225851722942E-03	5.09424356736051E-04	1E10	1.67348450875567E-03	1E-30	1.50388140211736E-11	7.48819262338575E-02	1E-30	6.58044425599351E-11	4.32715162471868E-02	1E-30	5.35059799170408E-10	2.60824087089192E-02	1.44044300604345E-05	1.06862165186091E-10	8.46040500295134E-03	7.84086247890925E-06	8.25956016784627E-11	7.47121016501885E-03	2.27063857924597E-11	4.78329513476535E-11	3.67050715133236	1.18357141393851E-12	2.93202024655124E-10	126.148046903823	1E10	1E-30	1E-10	1E10	1E-30	1E-10	1E10	1E-30	1E-10
55	4.65609291924949E-06	1E10	10638297.8723404	1E-30	9.04979090392134E-11	1E10	1E-30	1E10	8.00978946912767E-03	3.70447998156999E-04	1E10	14.3209432798216	4.47105307749477E-04	1E10	1.41095234347824	3.64357393798855E-04	1E10	0.205592367039009	3.42986414537015E-04	1E10	0.021611346365253	2.47249881582974E-04	1E10	3.08804626509191E-03	1E-30	1.90195000603404E-11	5.92968384321348E-02	1E-30	4.78819859421175E-11	2.59819861356397E-02	1E-30	4.22943691795368E-10	2.36070827579466E-02	1.10415782988406E-05	1.10132971495955E-10	9.94837823815178E-03	7.92274320315211E-06	6.97639049308111E-11	8.93692227151836E-03	1.2701802443788E-12	3.56398131297658E-10	106.225486375641	1E10	1E-30	1E-10	1E10	1E-30	1E-10	1E10	1E-30	1E-10	1E10	1E-30	1E-10
56	4.65609291924949E-06	1E10	10638297.8723404	1E-30	9.04979090392134E-11	1E10	1E-30	1E10	8.00978946912767E-03	3.70447998156999E-04	1E10	14.3209432798216	4.47105307749477E-04	1E10	1.41095234347824	3.64357393798855E-04	1E10	0.205592367039009	3.42986414537015E-04	1E10	0.021611346365253	2.47249881582974E-04	1E10	3.08804626509191E-03	1E-30	1.90195000603404E-11	5.92968384321348E-02	1E-30	4.78819859421175E-11	2.59819861356397E-02	1E-30	4.22943691795368E-10	2.36070827579466E-02	1.10415782988406E-05	1.10132971495955E-10	9.94837823815178E-03	7.92274320315211E-06	6.97639049308111E-11	8.93692227151836E-03	1.2701802443788E-12	3.56398131297658E-10	106.225486375641	1E10	1E-30	1E-10	1E10	1E-30	1E-10	1E10	1E-30	1E-10	1E10	1E-30	1E-10
57	9.54896357213708E-06	1E10	5E6	1E-30	3.18320917816994E-11	1E10	1E-30	1E10	6.28931893656901E-03	7.05561907825849E-04	1E10	8.05682166962315	1.6103840380935E-03	1E10	0.355849464425233	1.28913097289655E-03	1E10	5.19646412746976E-02	1.25379090690552E-03	1E10	4.03689332936225E-03	1E-30	1.24440227553025E-11	5.52680796541863E-02	1E-30	5.61027316051063E-11	3.43668230672105E-02	1E-30	5.3470963895253E-10	1.94469671771053E-02	1.97543993973287E-05	1.66130250319531E-10	7.87616677971742E-03	2.71583113491922E-05	5.2966503683507E-11	6.44707829813546E-03	1.00171109896144E-12	3.66560059126831E-10	151.135050402386	1E10	1E-30	1E-10	1E10	1E-30	1E-10	1E10	1E-30	1E-10	1E10	1E-30	1E-10	1E10	1E-30	1E-10
58	9.54896357213708E-06	1E10	5E6	1E-30	3.18320917816994E-11	1E10	1E-30	1E10	6.28931893656901E-03	7.05561907825849E-04	1E10	8.05682166962315	1.6103840380935E-03	1E10	0.355849464425233	1.28913097289655E-03	1E10	5.19646412746976E-02	1.25379090690552E-03	1E10	4.03689332936225E-03	1E-30	1.24440227553025E-11	5.52680796541863E-02	1E-30	5.61027316051063E-11	3.43668230672105E-02	1E-30	5.3470963895253E-10	1.94469671771053E-02	1.97543993973287E-05	1.66130250319531E-10	7.87616677971742E-03	2.71583113491922E-05	5.2966503683507E-11	6.44707829813546E-03	1.00171109896144E-12	3.66560059126831E-10	151.135050402386	1E10	1E-30	1E-10	1E10	1E-30	1E-10	1E10	1E-30	1E-10	1E10	1E-30	1E-10	1E10	1E-30	1E-10
59	6.53502859100943E-06	1E10	5E6	1E-30	9.30638873798119E-11	1E10	1E-30	1E10	4.40711236295127E-03	1.75831997549674E-04	1E10	5.69016522791747	2.05050476463722E-04	1E10	0.490103961382378	1.914072973185E-04	1E10	6.67181833379205E-02	1.20360575547705E-04	1E10	1.03685055393517E-02	1E-30	1.54030485029687E-11	7.25528221493355E-02	1E-30	6.79253555662405E-11	4.01256579181003E-02	1E-30	4.94923029461789E-10	2.37597948233364E-02	3.42760662839434E-05	5.79305916025869E-11	6.34354759384693E-03	9.60495341346245E-06	9.75518607903142E-11	7.05955559589554E-03	3.63324720900664E-11	3.8415442590067E-11	7.10361157016544	1.47035261215885E-12	3.51870841439977E-10	119.446330207147	1E10	1E-30	1E-10	1E10	1E-30	1E-10	1E10	1E-30	1E-10	1E10	1E-30	1E-10
60	6.53502859100943E-06	1E10	5E6	1E-30	9.30638873798119E-11	1E10	1E-30	1E10	4.40711236295127E-03	1.75831997549674E-04	1E10	5.69016522791747	2.05050476463722E-04	1E10	0.490103961382378	1.914072973185E-04	1E10	6.67181833379205E-02	1.20360575547705E-04	1E10	1.03685055393517E-02	1E-30	1.54030485029687E-11	7.25528221493355E-02	1E-30	6.79253555662405E-11	4.01256579181003E-02	1E-30	4.94923029461789E-10	2.37597948233364E-02	3.42760662839434E-05	5.79305916025869E-11	6.34354759384693E-03	9.60495341346245E-06	9.75518607903142E-11	7.05955559589554E-03	3.63324720900664E-11	3.8415442590067E-11	7.10361157016544	1.47035261215885E-12	3.51870841439977E-10	119.446330207147	1E10	1E-30	1E-10	1E10	1E-30	1E-10	1E10	1E-30	1E-10	1E10	1E-30	1E-10
61	7.0430073704113E-06	1E10	5E6	1E-30	2.8165738404916E-11	1E10	1E-30	1E10	9.1863759038803E-03	1.81583871797121E-04	1E10	29.2160571157838	2.55973811303787E-04	1E10	2.69214909685426	2.43768169951479E-04	1E10	0.541628391534674	1.72510958021065E-04	1E10	8.69129524882727E-02	1.29394717028306E-04	1E10	1.19545496737112E-02	1.48752047541116E-04	1E10	1.10528250956583E-03	1E-30	2.25367002191352E-11	5.00087865226118E-02	1E-30	5.65406174808089E-11	2.81478404047017E-02	1E-30	4.94332641036496E-10	2.20003060495622E-02	1.96063919141586E-05	9.71334288791178E-11	7.8276509245314E-03	1.19145727297234E-05	7.83053067681729E-11	7.05779122636498E-03	3.44524663135645E-11	4.08757690327138E-11	4.23841551075215	1.00524199116772E-12	3.82509654054225E-10	147.680461075856	1E10	1E-30	1E-10	1E10	1E-30	1E-10
62	9.75356969783642E-06	1E10	5E6	1E-30	5.86300387908468E-11	1E10	1E-30	1E10	1.02455294606711E-02	8.29899476491396E-04	1E10	6.3925390002157	1.16197596201035E-03	1E10	0.422069626043756	1.02632999545787E-03	1E10	5.43022721413688E-02	1.92882261605082E-03	1E10	5.76514719768727E-03	6.88235574100817E-04	1E10	1.37251347544943E-03	1E-30	2.35961104627135E-11	4.67739276424266E-02	1E-30	7.01933298476374E-11	2.92969198123304E-02	1E-30	5.65433636538017E-10	1.79108216130419E-02	3.36127140507615E-05	1.05498291928352E-10	5.29868651273991E-03	2.18798913306018E-05	7.31208178678283E-11	5.22412802623225E-03	2.76878018942231E-11	2.93252772144878E-11	2.99845115584694	9.69013497768255E-13	2.9355333609035E-10	109.405486689331	1E10	1E-30	1E-10	1E10	1E-30	1E-10	1E10	1E-30	1E-10
63	9.75356969783642E-06	1E10	5E6	1E-30	5.86300387908468E-11	1E10	1E-30	1E10	1.02455294606711E-02	8.29899476491396E-04	1E10	6.3925390002157	1.16197596201035E-03	1E10	0.422069626043756	1.02632999545787E-03	1E10	5.43022721413688E-02	1.92882261605082E-03	1E10	5.76514719768727E-03	6.88235574100817E-04	1E10	1.37251347544943E-03	1E-30	2.35961104627135E-11	4.67739276424266E-02	1E-30	7.01933298476374E-11	2.92969198123304E-02	1E-30	5.65433636538017E-10	1.79108216130419E-02	3.36127140507615E-05	1.05498291928352E-10	5.29868651273991E-03	2.18798913306018E-05	7.31208178678283E-11	5.22412802623225E-03	2.76878018942231E-11	2.93252772144878E-11	2.99845115584694	9.69013497768255E-13	2.9355333609035E-10	109.405486689331	1E10	1E-30	1E-10	1E10	1E-30	1E-10	1E10	1E-30	1E-10
64	7.0430073704113E-06	1E10	5E6	1E-30	2.8165738404916E-11	1E10	1E-30	1E10	9.1863759038803E-03	1.81583871797121E-04	1E10	29.2160571157838	2.55973811303787E-04	1E10	2.69214909685426	2.43768169951479E-04	1E10	0.541628391534674	1.72510958021065E-04	1E10	8.69129524882727E-02	1.29394717028306E-04	1E10	1.19545496737112E-02	1.48752047541116E-04	1E10	1.10528250956583E-03	1E-30	2.25367002191352E-11	5.00087865226118E-02	1E-30	5.65406174808089E-11	2.81478404047017E-02	1E-30	4.94332641036496E-10	2.20003060495622E-02	1.96063919141586E-05	9.71334288791178E-11	7.8276509245314E-03	1.19145727297234E-05	7.83053067681729E-11	7.05779122636498E-03	3.44524663135645E-11	4.08757690327138E-11	4.23841551075215	1.00524199116772E-12	3.82509654054225E-10	147.680461075856	1E10	1E-30	1E-10	1E10	1E-30	1E-10
65	7.0430073704113E-06	1E10	5E6	1E-30	2.8165738404916E-11	1E10	1E-30	1E10	9.1863759038803E-03	1.81583871797121E-04	1E10	29.2160571157838	2.55973811303787E-04	1E10	2.69214909685426	2.43768169951479E-04	1E10	0.541628391534674	1.72510958021065E-04	1E10	8.69129524882727E-02	1.29394717028306E-04	1E10	1.19545496737112E-02	1.48752047541116E-04	1E10	1.10528250956583E-03	1E-30	2.25367002191352E-11	5.00087865226118E-02	1E-30	5.65406174808089E-11	2.81478404047017E-02	1E-30	4.94332641036496E-10	2.20003060495622E-02	1.96063919141586E-05	9.71334288791178E-11	7.8276509245314E-03	1.19145727297234E-05	7.83053067681729E-11	7.05779122636498E-03	3.44524663135645E-11	4.08757690327138E-11	4.23841551075215	1.00524199116772E-12	3.82509654054225E-10	147.680461075856	1E10	1E-30	1E-10	1E10	1E-30	1E-10
66	7.0430073704113E-06	1E10	5E6	1E-30	2.8165738404916E-11	1E10	1E-30	1E10	9.1863759038803E-03	1.81583871797121E-04	1E10	29.2160571157838	2.55973811303787E-04	1E10	2.69214909685426	2.43768169951479E-04	1E10	0.541628391534674	1.72510958021065E-04	1E10	8.69129524882727E-02	1.29394717028306E-04	1E10	1.19545496737112E-02	1.48752047541116E-04	1E10	1.10528250956583E-03	1E-30	2.25367002191352E-11	5.00087865226118E-02	1E-30	5.65406174808089E-11	2.81478404047017E-02	1E-30	4.94332641036496E-10	2.20003060495622E-02	1.96063919141586E-05	9.71334288791178E-11	7.8276509245314E-03	1.19145727297234E-05	7.83053067681729E-11	7.05779122636498E-03	3.44524663135645E-11	4.08757690327138E-11	4.23841551075215	1.00524199116772E-12	3.82509654054225E-10	147.680461075856	1E10	1E-30	1E-10	1E10	1E-30	1E-10
67	7.0430073704113E-06	1E10	5E6	1E-30	2.8165738404916E-11	1E10	1E-30	1E10	9.1863759038803E-03	1.81583871797121E-04	1E10	29.2160571157838	2.55973811303787E-04	1E10	2.69214909685426	2.43768169951479E-04	1E10	0.541628391534674	1.72510958021065E-04	1E10	8.69129524882727E-02	1.29394717028306E-04	1E10	1.19545496737112E-02	1.48752047541116E-04	1E10	1.10528250956583E-03	1E-30	2.25367002191352E-11	5.00087865226118E-02	1E-30	5.65406174808089E-11	2.81478404047017E-02	1E-30	4.94332641036496E-10	2.20003060495622E-02	1.96063919141586E-05	9.71334288791178E-11	7.8276509245314E-03	1.19145727297234E-05	7.83053067681729E-11	7.05779122636498E-03	3.44524663135645E-11	4.08757690327138E-11	4.23841551075215	1.00524199116772E-12	3.82509654054225E-10	147.680461075856	1E10	1E-30	1E-10	1E10	1E-30	1E-10
68	1.58180563116758E-05	1E10	2272727.27272727	1E-30	5.80005821785929E-11	1E10	1E-30	1E10	7.94570839498961E-03	3.59949795644238E-04	1E10	15.4332341613233	4.76225189759846E-04	1E10	0.975736128438591	4.58248974670011E-04	1E10	0.105456452553982	2.96315760351416E-04	1E10	1.30177797493022E-02	1E-30	1.54690173987124E-11	5.62251937645707E-02	1E-30	7.82873029841012E-11	3.81808948201704E-02	1E-30	5.31003748507668E-10	1.50408688050625E-02	5.32732572368601E-05	9.60907538824979E-11	3.96831453831503E-03	3.21684348255573E-05	7.85248262200937E-11	4.47744463705296E-03	4.77093403850736E-11	2.78257962967483E-11	3.7635946114322	8.49203547006882E-13	3.73763087560036E-10	115.29992658232	1E10	1E-30	1E-10	1E10	1E-30	1E-10	1E10	1E-30	1E-10	1E10	1E-30	1E-10
69	1.58180563116758E-05	1E10	2272727.27272727	1E-30	5.80005821785929E-11	1E10	1E-30	1E10	7.94570839498961E-03	3.59949795644238E-04	1E10	15.4332341613233	4.76225189759846E-04	1E10	0.975736128438591	4.58248974670011E-04	1E10	0.105456452553982	2.96315760351416E-04	1E10	1.30177797493022E-02	1E-30	1.54690173987124E-11	5.62251937645707E-02	1E-30	7.82873029841012E-11	3.81808948201704E-02	1E-30	5.31003748507668E-10	1.50408688050625E-02	5.32732572368601E-05	9.60907538824979E-11	3.96831453831503E-03	3.21684348255573E-05	7.85248262200937E-11	4.47744463705296E-03	4.77093403850736E-11	2.78257962967483E-11	3.7635946114322	8.49203547006882E-13	3.73763087560036E-10	115.29992658232	1E10	1E-30	1E-10	1E10	1E-30	1E-10	1E10	1E-30	1E-10	1E10	1E-30	1E-10
70	1.69665438835045E-05	1E10	2272727.27272727	1E-30	1.63753110926347E-11	1E10	1E-30	1E10	4.67987644130042E-03	3.11648708067257E-04	1E10	16.2567432226311	4.46041435747869E-04	1E10	0.979954786026618	4.06488313802454E-04	1E10	0.108907291951466	3.97426662761669E-04	1E10	1.07802734159628E-02	2.71760237314076E-04	1E10	2.41525877346025E-03	1E-30	1.74208276721403E-11	7.26863330529038E-02	1E-30	7.9682849816983E-11	0.038930834809126	1E-30	5.63769246117964E-10	1.38938395416987E-02	5.13270644520917E-05	8.38459021762103E-11	4.27593975443742E-03	4.15293809259342E-05	4.86331388233084E-11	3.95872440866958E-03	1.88473100898704E-11	5.50800412733387E-11	6.70811554820518	1.01486954542305E-12	3.652738597078E-10	140.373561266455	1E10	1E-30	1E-10	1E10	1E-30	1E-10	1E10	1E-30	1E-10
71	1.69665438835045E-05	1E10	2272727.27272727	1E-30	1.63753110926347E-11	1E10	1E-30	1E10	4.67987644130042E-03	3.11648708067257E-04	1E10	16.2567432226311	4.46041435747869E-04	1E10	0.979954786026618	4.06488313802454E-04	1E10	0.108907291951466	3.97426662761669E-04	1E10	1.07802734159628E-02	2.71760237314076E-04	1E10	2.41525877346025E-03	1E-30	1.74208276721403E-11	7.26863330529038E-02	1E-30	7.9682849816983E-11	0.038930834809126	1E-30	5.63769246117964E-10	1.38938395416987E-02	5.13270644520917E-05	8.38459021762103E-11	4.27593975443742E-03	4.15293809259342E-05	4.86331388233084E-11	3.95872440866958E-03	1.88473100898704E-11	5.50800412733387E-11	6.70811554820518	1.01486954542305E-12	3.652738597078E-10	140.373561266455	1E10	1E-30	1E-10	1E10	1E-30	1E-10	1E10	1E-30	1E-10
END DSCRDATA
