BEGIN DSCRDATA
% INDEX	K01	L01	M01	K02	L02	M02	K03	L03	M03	K04	L04	M04	K05	L05	M05	K06	L06	M06	K07	L07	M07	K08	L08	M08	K09	L09	M09	K10	L10	M10	K11	L11	M11	K12	L12	M12	K13	L13	M13	K14	L14	M14	K15	L15	M15	K16	L16	M16	K17	L17	M17	K18	L18	M18
0	0	0	0	0	0	0	0	0	0	0	0	0	0	0	0	0	0	0	0	0	0	0	0	0	0	0	0	0	0	0	0	0	0	0	0	0	0	0	0	0	0	0	0	0	0	0	0	0	0	0	0	0	0	0
1	8.2E-11	1E10	1E10	1E-30	1.4881809911443E-11	1E10	1E-30	1E10	0.09	1.15393943144951E-10	3.10711151642017E-11	2.56692641263924	1.53530117078182E-11	6.46268488929106E-11	14.4719985562276	1.38303566962885E-11	5.77753087730845E-11	13.4378744957539	1.35839650684451E-12	4.25367441478983E-10	362.93058705725	1E10	1E-30	1E-10	1E10	1E-30	1E-10	1E10	1E-30	1E-10	1E10	1E-30	1E-10	1E10	1E-30	1E-10	1E10	1E-30	1E-10	1E10	1E-30	1E-10	1E10	1E-30	1E-10	1E10	1E-30	1E-10	1E10	1E-30	1E-10	1E10	1E-30	1E-10
2	1E-10	1E10	1E10	1E-30	3.11797484970341E-12	1E10	1E-30	1E10	7.26509102920738E-02	1.52154651124471E-10	3.32792694963949E-11	2.75128068365184	1.89786239395703E-11	7.38336414494143E-11	10.8032745019196	1.53703516280601E-12	4.40257912368799E-10	216.339752566974	1E10	1E-30	1E-10	1E10	1E-30	1E-10	1E10	1E-30	1E-10	1E10	1E-30	1E-10	1E10	1E-30	1E-10	1E10	1E-30	1E-10	1E10	1E-30	1E-10	1E10	1E-30	1E-10	1E10	1E-30	1E-10	1E10	1E-30	1E-10	1E10	1E-30	1E-10	1E10	1E-30	1E-10
3	1.2E-10	1E10	1E10	1E-30	3.53548150898713E-12	1E10	1E-30	1E10	8.03853271127398E-02	1.8719111561229E-10	4.00104821255637E-11	2.45208149037396	4.34775156772057E-11	4.87814031481701E-11	4.20296149501232	1.22091042758085E-12	4.6100662854666E-10	197.304199324656	1E10	1E-30	1E-10	1E10	1E-30	1E-10	1E10	1E-30	1E-10	1E10	1E-30	1E-10	1E10	1E-30	1E-10	1E10	1E-30	1E-10	1E10	1E-30	1E-10	1E10	1E-30	1E-10	1E10	1E-30	1E-10	1E10	1E-30	1E-10	1E10	1E-30	1E-10	1E10	1E-30	1E-10
4	1.5E-10	1E10	1E10	1E-30	4.06600069017337E-12	1E10	1E-30	1E10	0.067512749378117	1.96013161099126E-10	5.52298399453031E-11	2.81536624337833	8.87696934981151E-11	3.78664235388688E-11	3.57730040150491	1.40179272895026E-12	4.40257912368799E-10	142.934257064584	1E10	1E-30	1E-10	1E10	1E-30	1E-10	1E10	1E-30	1E-10	1E10	1E-30	1E-10	1E10	1E-30	1E-10	1E10	1E-30	1E-10	1E10	1E-30	1E-10	1E10	1E-30	1E-10	1E10	1E-30	1E-10	1E10	1E-30	1E-10	1E10	1E-30	1E-10	1E10	1E-30	1E-10
5	1.8E-10	1E10	1E10	1E-30	2.83225930420371E-11	1E10	1E-30	1E10	0.058876259958852	2.65140176183616E-10	5.7429459258073E-11	2.62026123082843	1.14172592668096E-10	4.05440519462072E-11	2.9124485924117	2.05911607714349E-10	9.7898984685924E-12	1.50709039552075	1.51201599904943E-12	4.57104853228029E-10	182.487763807821	1E10	1E-30	1E-10	1E10	1E-30	1E-10	1E10	1E-30	1E-10	1E10	1E-30	1E-10	1E10	1E-30	1E-10	1E10	1E-30	1E-10	1E10	1E-30	1E-10	1E10	1E-30	1E-10	1E10	1E-30	1E-10	1E10	1E-30	1E-10	1E10	1E-30	1E-10
6	2.2E-10	1E10	1E10	1E-30	1.7255169915037E-13	1E10	1E-30	1E10	0.055	3.48996060703051E-10	6.03628228069266E-11	2.88064369761334	1.34271918592872E-10	5.10009583166383E-11	3.00419079542437	2.61447577934479E-10	1.12553762499189E-11	0.922989591613703	6.85502480401137E-11	2.39600443453154E-11	2.46375255363431	1.48311047058831E-12	4.62668611258842E-10	188.777581786631	1E10	1E-30	1E-10	1E10	1E-30	1E-10	1E10	1E-30	1E-10	1E10	1E-30	1E-10	1E10	1E-30	1E-10	1E10	1E-30	1E-10	1E10	1E-30	1E-10	1E10	1E-30	1E-10	1E10	1E-30	1E-10	1E10	1E-30	1E-10
7	1.18951233550276E-09	1E10	1E10	1E-30	1.47257320175647E-11	1E10	1E-30	1E10	1.52703014597237E-02	1E-30	4.9251820488045E-11	2.13555755397878E-02	2.49455274730287E-09	2.43423980419558E-11	0.439496869928125	5.99224376011265E-10	2.88466494311852E-11	0.651944952561382	1.29167205087058E-12	5.36465613940008E-10	181.411916567363	1E10	1E-30	1E-10	1E10	1E-30	1E-10	1E10	1E-30	1E-10	1E10	1E-30	1E-10	1E10	1E-30	1E-10	1E10	1E-30	1E-10	1E10	1E-30	1E-10	1E10	1E-30	1E-10	1E10	1E-30	1E-10	1E10	1E-30	1E-10	1E10	1E-30	1E-10
8	1.18951233550276E-09	1E10	1E10	1E-30	1.47257320175647E-11	1E10	1E-30	1E10	1.52703014597237E-02	1E-30	4.9251820488045E-11	2.13555755397878E-02	2.49455274730287E-09	2.43423980419558E-11	0.439496869928125	5.99224376011265E-10	2.88466494311852E-11	0.651944952561382	1.29167205087058E-12	5.36465613940008E-10	181.411916567363	1E10	1E-30	1E-10	1E10	1E-30	1E-10	1E10	1E-30	1E-10	1E10	1E-30	1E-10	1E10	1E-30	1E-10	1E10	1E-30	1E-10	1E10	1E-30	1E-10	1E10	1E-30	1E-10	1E10	1E-30	1E-10	1E10	1E-30	1E-10	1E10	1E-30	1E-10
9	1.22263508484337E-09	1E10	1E10	1E-30	1.04386337343178E-11	1E10	1E-30	1E10	4.5326038999115E-03	1E-30	1.34726315319229E-10	1.28282351408241	1E-30	5.54003593934782E-11	1.63897066877419E-02	2.34533222050818E-09	6.84378921243143E-11	2.22537594261582	1.33853343991408E-09	4.49276233721167E-11	1.58278660705095	3.62717564618656E-09	7.28396190139551E-12	0.399397422338846	2.53108277053696E-09	6.42899326918665E-12	0.388335860337634	1.3619698339053E-12	3.22673152149756E-10	215.703705606752	1E10	1E-30	1E-10	1E10	1E-30	1E-10	1E10	1E-30	1E-10	1E10	1E-30	1E-10	1E10	1E-30	1E-10	1E10	1E-30	1E-10	1E10	1E-30	1E-10	1E10	1E-30	1E-10
10	1.44713229537092E-09	1E10	1E10	1E-30	1.19531936524165E-11	1E10	1E-30	1E10	1.38540081699161E-02	1E-30	7.49348561263049E-11	1.19984092940671	1E-30	3.81502918142943E-11	1.73215541826378E-02	3.46314185548425E-09	2.57719733060942E-11	0.499347333375074	1.38557947852951E-09	1.89397592426271E-11	0.514339346654375	1.46863346801426E-12	4.61558018799274E-10	586.417404676227	1E10	1E-30	1E-10	1E10	1E-30	1E-10	1E10	1E-30	1E-10	1E10	1E-30	1E-10	1E10	1E-30	1E-10	1E10	1E-30	1E-10	1E10	1E-30	1E-10	1E10	1E-30	1E-10	1E10	1E-30	1E-10	1E10	1E-30	1E-10
11	1.44713229537092E-09	1E10	1E10	1E-30	1.19531936524165E-11	1E10	1E-30	1E10	1.38540081699161E-02	1E-30	7.49348561263049E-11	1.19984092940671	1E-30	3.81502918142943E-11	1.73215541826378E-02	3.46314185548425E-09	2.57719733060942E-11	0.499347333375074	1.38557947852951E-09	1.89397592426271E-11	0.514339346654375	1.46863346801426E-12	4.61558018799274E-10	586.417404676227	1E10	1E-30	1E-10	1E10	1E-30	1E-10	1E10	1E-30	1E-10	1E10	1E-30	1E-10	1E10	1E-30	1E-10	1E10	1E-30	1E-10	1E10	1E-30	1E-10	1E10	1E-30	1E-10	1E10	1E-30	1E-10	1E10	1E-30	1E-10
12	1.49647814622433E-09	1E10	1E10	1E-30	1.89341536238757E-11	1E10	1E-30	1E10	4.57922459871559E-03	1E-30	1.48103401825498E-10	0.92127778122536	1E-30	6.03322460963645E-11	1.48488341995086E-02	2.44936678457889E-09	9.330967519972E-11	2.26339897568612	1.95363521326119E-09	4.32106941170448E-11	1.59883119450839	5.25073066922354E-09	7.57963904106562E-12	0.404199186960071	2.49838053022544E-09	9.36117439036649E-12	0.39445338087184	1.40279570772394E-12	3.39207747649392E-10	301.11177836787	1E10	1E-30	1E-10	1E10	1E-30	1E-10	1E10	1E-30	1E-10	1E10	1E-30	1E-10	1E10	1E-30	1E-10	1E10	1E-30	1E-10	1E10	1E-30	1E-10	1E10	1E-30	1E-10
13	1.79982377580543E-09	1E10	1E10	1E-30	6.49688325738772E-12	1E10	1E-30	1E10	1.25175824440249E-02	1E-30	8.27212897293033E-11	0.895482476920338	1E-30	4.33890691443196E-11	1.97001405854503E-02	4.55212699757256E-09	2.87373547490037E-11	0.53543103799143	1.6738400356736E-09	2.37296834726446E-11	0.526311373622421	1.5489830717824E-12	4.17919898591991E-10	250.630216838962	1E10	1E-30	1E-10	1E10	1E-30	1E-10	1E10	1E-30	1E-10	1E10	1E-30	1E-10	1E10	1E-30	1E-10	1E10	1E-30	1E-10	1E10	1E-30	1E-10	1E10	1E-30	1E-10	1E10	1E-30	1E-10	1E10	1E-30	1E-10
14	1.79982377580543E-09	1E10	1E10	1E-30	6.49688325738772E-12	1E10	1E-30	1E10	1.25175824440249E-02	1E-30	8.27212897293033E-11	0.895482476920338	1E-30	4.33890691443196E-11	1.97001405854503E-02	4.55212699757256E-09	2.87373547490037E-11	0.53543103799143	1.6738400356736E-09	2.37296834726446E-11	0.526311373622421	1.5489830717824E-12	4.17919898591991E-10	250.630216838962	1E10	1E-30	1E-10	1E10	1E-30	1E-10	1E10	1E-30	1E-10	1E10	1E-30	1E-10	1E10	1E-30	1E-10	1E10	1E-30	1E-10	1E10	1E-30	1E-10	1E10	1E-30	1E-10	1E10	1E-30	1E-10	1E10	1E-30	1E-10
15	1.78332696330601E-09	1E10	1E10	1E-30	3.06175035720032E-11	1E10	1E-30	1E10	4.71713103645617E-03	1E-30	1.31764304810295E-10	0.925140466226439	1E-30	5.89079513340911E-11	1.42409043704444E-02	3.29273785839905E-09	9.08149198865714E-11	2.08579295722383	2.54735156885764E-09	4.49793659235471E-11	1.47767779095764	4.38789832059895E-09	1.22788860359915E-11	0.400219235337007	3.03749874563532E-09	1.04408676763615E-11	0.393834434263822	1.61403034319539E-12	4.36753908807407E-10	346.359318795566	1E10	1E-30	1E-10	1E10	1E-30	1E-10	1E10	1E-30	1E-10	1E10	1E-30	1E-10	1E10	1E-30	1E-10	1E10	1E-30	1E-10	1E10	1E-30	1E-10	1E10	1E-30	1E-10
16	2.18187235293239E-09	1E10	1E10	1E-30	1.20929702271363E-11	1E10	1E-30	1E10	9.5382473317522E-03	1E-30	9.10590400640279E-11	0.580447389791614	1E-30	4.57048964576719E-11	1.16694858520619E-02	4.67340239338542E-09	3.99010916320283E-11	0.616685384341122	2.02248216730137E-09	2.9048331728934E-11	0.601101135314234	1.2100054845439E-12	4.24964236220263E-10	219.508490354962	1E10	1E-30	1E-10	1E10	1E-30	1E-10	1E10	1E-30	1E-10	1E10	1E-30	1E-10	1E10	1E-30	1E-10	1E10	1E-30	1E-10	1E10	1E-30	1E-10	1E10	1E-30	1E-10	1E10	1E-30	1E-10	1E10	1E-30	1E-10
17	2.18187235293239E-09	1E10	1E10	1E-30	1.20929702271363E-11	1E10	1E-30	1E10	9.5382473317522E-03	1E-30	9.10590400640279E-11	0.580447389791614	1E-30	4.57048964576719E-11	1.16694858520619E-02	4.67340239338542E-09	3.99010916320283E-11	0.616685384341122	2.02248216730137E-09	2.9048331728934E-11	0.601101135314234	1.2100054845439E-12	4.24964236220263E-10	219.508490354962	1E10	1E-30	1E-10	1E10	1E-30	1E-10	1E10	1E-30	1E-10	1E10	1E-30	1E-10	1E10	1E-30	1E-10	1E10	1E-30	1E-10	1E10	1E-30	1E-10	1E10	1E-30	1E-10	1E10	1E-30	1E-10	1E10	1E-30	1E-10
18	2.13673385269779E-09	1E10	1E10	1E-30	5.11852902789978E-11	1E10	1E-30	1E10	4.64196681186983E-03	1E-30	1.82184993377451E-10	0.884957682534687	1E-30	4.69819944896711E-11	1.13578231038048E-02	4.12270345413345E-09	9.56163726437223E-11	2.50706764873782	3.1488544529305E-09	4.79677811159052E-11	1.68855824834194	7.29387520351389E-09	9.96453863687765E-12	0.577414711674952	5.67316391402729E-09	8.08029780340436E-12	0.477258666397823	1.81508966497979E-12	3.4613890189538E-10	299.010084624371	1E10	1E-30	1E-10	1E10	1E-30	1E-10	1E10	1E-30	1E-10	1E10	1E-30	1E-10	1E10	1E-30	1E-10	1E10	1E-30	1E-10	1E10	1E-30	1E-10	1E10	1E-30	1E-10
19	5.63106924712045E-09	1E10	1E10	1E-30	2.52152534756535E-11	1E10	1E-30	1E10	5.31897894418496E-03	1E-30	1.10576015331962E-10	0.46136528237034	1E-30	3.633396542517E-11	8.97042155545429E-03	1.05814946295522E-08	7.58043690374265E-11	0.851287439860579	6.26848667103906E-09	4.61867041629467E-11	0.715415973196407	1.94660040523781E-08	6.79295780693774E-12	0.176321867478903	1.31802372980768E-08	6.06107592674907E-12	0.197127410098228	1.3459588255853E-12	3.94192440712635E-10	361.878278008819	1E10	1E-30	1E-10	1E10	1E-30	1E-10	1E10	1E-30	1E-10	1E10	1E-30	1E-10	1E10	1E-30	1E-10	1E10	1E-30	1E-10	1E10	1E-30	1E-10	1E10	1E-30	1E-10
20	5.63106924712045E-09	1E10	1E10	1E-30	2.52152534756535E-11	1E10	1E-30	1E10	5.31897894418496E-03	1E-30	1.10576015331962E-10	0.46136528237034	1E-30	3.633396542517E-11	8.97042155545429E-03	1.05814946295522E-08	7.58043690374265E-11	0.851287439860579	6.26848667103906E-09	4.61867041629467E-11	0.715415973196407	1.94660040523781E-08	6.79295780693774E-12	0.176321867478903	1.31802372980768E-08	6.06107592674907E-12	0.197127410098228	1.3459588255853E-12	3.94192440712635E-10	361.878278008819	1E10	1E-30	1E-10	1E10	1E-30	1E-10	1E10	1E-30	1E-10	1E10	1E-30	1E-10	1E10	1E-30	1E-10	1E10	1E-30	1E-10	1E10	1E-30	1E-10	1E10	1E-30	1E-10
21	6.7724057189372E-09	1E10	1E10	1E-30	9.90938746461317E-12	1E10	1E-30	1E10	4.50860671384428E-03	1E-30	1.45971678871818E-10	0.421364263113298	1E-30	2.28225593690267E-11	2.7389791591603E-03	1.04950720770887E-08	1.01565164276386E-10	0.828710445063078	9.056512756187E-09	4.47649569036404E-11	0.727399959875971	1.98987896399762E-08	9.54425434065679E-12	0.188148997406957	1.06548002912783E-08	1.08187994759809E-11	0.179870929311942	1.32600067575873E-12	3.49056927908478E-10	286.087672761048	1E10	1E-30	1E-10	1E10	1E-30	1E-10	1E10	1E-30	1E-10	1E10	1E-30	1E-10	1E10	1E-30	1E-10	1E10	1E-30	1E-10	1E10	1E-30	1E-10	1E10	1E-30	1E-10
22	6.7724057189372E-09	1E10	1E10	1E-30	9.90938746461317E-12	1E10	1E-30	1E10	4.50860671384428E-03	1E-30	1.45971678871818E-10	0.421364263113298	1E-30	2.28225593690267E-11	2.7389791591603E-03	1.04950720770887E-08	1.01565164276386E-10	0.828710445063078	9.056512756187E-09	4.47649569036404E-11	0.727399959875971	1.98987896399762E-08	9.54425434065679E-12	0.188148997406957	1.06548002912783E-08	1.08187994759809E-11	0.179870929311942	1.32600067575873E-12	3.49056927908478E-10	286.087672761048	1E10	1E-30	1E-10	1E10	1E-30	1E-10	1E10	1E-30	1E-10	1E10	1E-30	1E-10	1E10	1E-30	1E-10	1E10	1E-30	1E-10	1E10	1E-30	1E-10	1E10	1E-30	1E-10
23	6.63101564933017E-09	1E10	1E10	1E-30	4E-11	1E10	1E-30	1E10	0.0732	3.19273436661974E-07	1E10	8.30818377061949	4.66276936330663E-07	1E10	0.568885608140787	2.97724046832529E-07	1E10	9.71949114900415E-02	2.96256767224424E-07	1E10	2.68609801867126E-02	8.85205410737204E-13	1.69320483061794E-10	14.488146402675	4.46921832671499E-12	2.69891618397905E-10	8.90284001905535	1.35192573466626E-11	2.08182835138726E-10	18.5880978608774	7.28914781853992E-09	1.3900278354162E-11	9.70422496895302E-02	2.6340278538853E-08	1.42256855345942E-11	8.00889322464362E-02	1E10	1E-30	1E-10	1E10	1E-30	1E-10	1E10	1E-30	1E-10	1E10	1E-30	1E-10	1E10	1E-30	1E-10	1E10	1E-30	1E-10
24	8.25241431284924E-09	1E10	1E10	1E-30	9.13654929785239E-12	1E10	1E-30	1E10	4.25265242334485E-03	1E-30	1.19044993879654E-10	0.380477643315154	1E-30	4.65220606303627E-11	4.98724034410176E-03	1.641376089307E-08	8.87125813349682E-11	0.826122687004535	1.42743492273654E-08	3.88244693937135E-11	0.645165055908906	2.35715874616367E-08	1.10472100318064E-11	0.194729201030006	9.93293520470652E-09	1.57483870406053E-11	0.203348448866813	1.56388505962789E-12	4.59924723772894E-10	267.701471451656	1E10	1E-30	1E-10	1E10	1E-30	1E-10	1E10	1E-30	1E-10	1E10	1E-30	1E-10	1E10	1E-30	1E-10	1E10	1E-30	1E-10	1E10	1E-30	1E-10	1E10	1E-30	1E-10
25	8.25241431284924E-09	1E10	1E10	1E-30	9.13654929785239E-12	1E10	1E-30	1E10	4.25265242334485E-03	1E-30	1.19044993879654E-10	0.380477643315154	1E-30	4.65220606303627E-11	4.98724034410176E-03	1.641376089307E-08	8.87125813349682E-11	0.826122687004535	1.42743492273654E-08	3.88244693937135E-11	0.645165055908906	2.35715874616367E-08	1.10472100318064E-11	0.194729201030006	9.93293520470652E-09	1.57483870406053E-11	0.203348448866813	1.56388505962789E-12	4.59924723772894E-10	267.701471451656	1E10	1E-30	1E-10	1E10	1E-30	1E-10	1E10	1E-30	1E-10	1E10	1E-30	1E-10	1E10	1E-30	1E-10	1E10	1E-30	1E-10	1E10	1E-30	1E-10	1E10	1E-30	1E-10
26	9.94307128357755E-09	1E10	1E10	1E-30	1.14801024797152E-11	1E10	1E-30	1E10	4.0729436825975E-03	1E-30	2.04601924020921E-10	0.359358332425326	1E-30	2.25728605000967E-11	1.87839945194846E-03	1.41579951575958E-08	1.41968358062871E-10	1.06922053487532	1.44574534148078E-08	5.29139332549048E-11	0.731366986779428	4.5949959901818E-08	8.19136552404509E-12	0.257962866806634	2.17223479050454E-08	1.08995085671968E-11	0.22825048097177	1.61365270384218E-12	3.30431557060528E-10	580.825291447284	1E10	1E-30	1E-10	1E10	1E-30	1E-10	1E10	1E-30	1E-10	1E10	1E-30	1E-10	1E10	1E-30	1E-10	1E10	1E-30	1E-10	1E10	1E-30	1E-10	1E10	1E-30	1E-10
27	9.94307128357755E-09	1E10	1E10	1E-30	1.14801024797152E-11	1E10	1E-30	1E10	4.0729436825975E-03	1E-30	2.04601924020921E-10	0.359358332425326	1E-30	2.25728605000967E-11	1.87839945194846E-03	1.41579951575958E-08	1.41968358062871E-10	1.06922053487532	1.44574534148078E-08	5.29139332549048E-11	0.731366986779428	4.5949959901818E-08	8.19136552404509E-12	0.257962866806634	2.17223479050454E-08	1.08995085671968E-11	0.22825048097177	1.61365270384218E-12	3.30431557060528E-10	580.825291447284	1E10	1E-30	1E-10	1E10	1E-30	1E-10	1E10	1E-30	1E-10	1E10	1E-30	1E-10	1E10	1E-30	1E-10	1E10	1E-30	1E-10	1E10	1E-30	1E-10	1E10	1E-30	1E-10
28	9.55183643848068E-09	1E10	1E10	1E-30	2E-11	1E10	1E-30	1E10	0.0496	4.86755038458479E-07	1E10	5.44952219347431	8.05445023874217E-07	1E10	0.395197532728813	6.12813616583165E-07	1E10	7.63858310475654E-02	2.81163703190461E-07	1E10	2.57299057915225E-02	1.30200392001607E-12	3.03982090620739E-10	19.9203402522298	7.60726153850085E-12	1.41330738912531E-10	8.71727089781266	1.7551986758398E-11	1.02624592404791E-10	9.4320513865477	6.4493481293035E-10	5.77584500259362E-11	0.189828300235794	6.88437077907034E-09	3.37868832389091E-11	0.145538929238702	1.91959715768358E-08	3.85555327324909E-11	0.106068991863116	1E10	1E-30	1E-10	1E10	1E-30	1E-10	1E10	1E-30	1E-10	1E10	1E-30	1E-10	1E10	1E-30	1E-10
29	1.2E-8	1E10	8333333333.33333	1E-30	5.64711314736531E-10	1E10	1E-30	1E10	2.55054652138193E-03	8.4634796265345E-07	1E10	5.10061437403578	1E-30	1.70920413177038E-10	0.344843854232522	1E-30	8.54218183081313E-11	5.6982856258704E-03	2.64981946446289E-08	9.48694977057485E-11	0.841815614351681	1.71086714340881E-08	5.7164525268658E-11	0.609841502788979	3.65776909278301E-08	1.34006727348872E-11	0.216379930499855	3.41362873716205E-08	8.65220102318933E-12	0.201937500745143	1E10	1E-30	1E-10	1E10	1E-30	1E-10	1E10	1E-30	1E-10	1E10	1E-30	1E-10	1E10	1E-30	1E-10	1E10	1E-30	1E-10	1E10	1E-30	1E-10	1E10	1E-30	1E-10
30	1.5E-8	1E10	6666666666.66667	1E-30	5.1981423274446E-11	1E10	1E-30	1E10	2.85585883897267E-03	8.55322238601806E-07	1E10	13.9276116906461	1E-30	1.65325966770394E-10	0.305923855457815	1.86824039324143E-06	4.26966170471932E-11	2.32552518614886E-03	2.19911472207068E-08	1.62946702886569E-10	1.28193531407097	1.93621070887909E-08	7.53639798143427E-11	0.78255189580878	2.94870683261395E-08	2.50688036533704E-11	0.36274315455691	2.8009071509164E-08	1.67789924174784E-11	0.272234852107844	5.81028783810883E-08	5.3137195971115E-12	0.118834823032634	4.7607061059437E-08	4.75225600636876E-12	0.103154698714863	1.72547438040953E-08	7.37867270623905E-12	4.63356154182377E-02	7.31380998114552E-11	1.14862863972316E-11	1.31441280195422	1.96173223890083E-12	2.61267536510255E-10	544.429579626934	1.13277504463662E-11	4.26756004807116E-11	281.016474053454	1E10	1E-30	1E-10	1E10	1E-30	1E-10
31	1.43310402554536E-08	1E10	6666666666.66667	1E-30	3E-11	1E10	1E-30	1E10	0.04	7.90661391188496E-07	1E10	3.35489049348628	1.22995085409708E-06	1E10	0.258798865924984	8.99625898389528E-07	1E10	5.20330478077243E-02	4.64898134181451E-07	1E10	1.55610768535857E-02	1E-30	9.18003060242262E-11	0.241355331250741	9.73527626629257E-13	2.31280735865144E-10	21.7976958213233	6.36304658565886E-12	1.68966214511201E-10	10.4218252575871	1.32785389124063E-11	1.98502776180233E-10	16.0982484020303	1.04245985123894E-08	4.59330467758032E-11	0.134053895240531	4.42409833134705E-08	3.66433749175688E-11	0.112261004599422	1E10	1E-30	1E-10	1E10	1E-30	1E-10	1E10	1E-30	1E-10	1E10	1E-30	1E-10	1E10	1E-30	1E-10
32	2.11539907214118E-08	1E10	4545454545.45455	1E-30	7E-11	1E10	1E-30	1E10	0.028	1.305980096441E-06	1E10	2.03110475580265	1.61845324120595E-06	1E10	0.196675367616187	1.59070722505765E-06	1E10	2.94273368741836E-02	6.2159551562568E-07	1E10	1.34759272575726E-02	1.54546380889031E-12	3.34491698561938E-10	28.0293730847195	1.44004244734505E-11	1.04639885581006E-10	10.3344319330212	5.04434706900122E-10	1.00430424648E-10	0.180292276726321	1.98725094921733E-08	3.18660005176506E-11	7.77066613306224E-02	3.88867676476084E-08	5.38335534632953E-11	0.092087525813884	1E10	1E-30	1E-10	1E10	1E-30	1E-10	1E10	1E-30	1E-10	1E10	1E-30	1E-10	1E10	1E-30	1E-10	1E10	1E-30	1E-10
33	2.10779909671429E-08	1E10	4545454545.45455	1E-30	1E-10	1E10	1E-30	1E10	0.022	1.31068113546528E-06	1E10	2.02381976293821	1.62850421501296E-06	1E10	0.195461505871053	1.16269250730782E-06	1E10	3.11101841184003E-02	8.43311768441852E-07	1E10	9.9329527532647E-03	1E-30	1.31803567967212E-10	0.192343643230165	1.96640270226772E-12	2.86957906656892E-10	33.4994671951361	1.18519991134804E-11	1.64908731643909E-10	13.9258844886421	1.90756392037712E-08	6.31575332246467E-11	0.151125028398083	4.45808815645711E-08	7.01465945994951E-11	0.168001262378516	1E10	1E-30	1E-10	1E10	1E-30	1E-10	1E10	1E-30	1E-10	1E10	1E-30	1E-10	1E10	1E-30	1E-10	1E10	1E-30	1E-10
34	3.13566165580736E-08	1E10	3030303030.30303	1E-30	1.2E-11	1E10	1E-30	1E10	0.022	2.20389773439462E-06	1E10	1.20358687404956	2.84430177953269E-06	1E10	0.111911432350223	2.84404321708205E-06	1E10	2.94530543765762E-02	1.73368365499457E-06	1E10	9.18016055774566E-03	1.49203079246917E-12	1.78894201777202E-10	18.7140372582226	4.2260388636217E-12	2.17464399456807E-10	14.3602185827187	1.34063219178204E-11	1.9041866325622E-10	16.9930496107046	3.82529862601204E-09	6.13128019221779E-11	9.90616361604276E-02	2.7962276762612E-08	5.3602004238562E-11	0.101725311836832	6.6181900109576E-08	6.29088615814808E-11	0.101017127574524	1E10	1E-30	1E-10	1E10	1E-30	1E-10	1E10	1E-30	1E-10	1E10	1E-30	1E-10	1E10	1E-30	1E-10
35	4.58630250956272E-08	1E10	2127659574.46808	1E-30	2E-11	1E10	1E-30	1E10	0.012	3.22787421075521E-06	1E10	0.616330333449776	4.69395291570145E-06	1E10	6.78127565189313E-02	2.31997238701026E-06	1E10	2.01770838489563E-02	1.16927441669028E-06	1E10	8.00672223933013E-03	1E-30	1.88701595116234E-10	0.16738547151186	1.25033237756891E-12	3.16544529041493E-10	59.4020502937222	1.739903625888E-11	5.82337907311538E-11	6.04202343588493	4.70820586429107E-08	5.96125375190021E-11	0.103020906491866	8.48001734520587E-08	8.87948004518722E-11	0.147870928258244	1E10	1E-30	1E-10	1E10	1E-30	1E-10	1E10	1E-30	1E-10	1E10	1E-30	1E-10	1E10	1E-30	1E-10	1E10	1E-30	1E-10
36	6.61565441114877E-08	1E10	1470588235.29412	1E-30	5E-11	1E10	1E-30	1E10	0.0195	4.4740891864993E-06	1E10	0.508179866201755	5.07418616703684E-06	1E10	5.22760162426982E-02	2.46554524270013E-06	1E10	1.07586035694075E-02	1.67011701478292E-12	3.82130993843229E-10	33.9202258058009	1.6134660335518E-11	1.441625834377E-10	9.05562639156259	2.411588829749E-09	7.00238105769764E-11	7.76422196064679E-02	4.93996204394965E-08	4.23771046527822E-11	4.91418058677297E-02	1.43181804159794E-07	4.60223778642339E-11	4.13526205938242E-02	1E10	1E-30	1E-10	1E10	1E-30	1E-10	1E10	1E-30	1E-10	1E10	1E-30	1E-10	1E10	1E-30	1E-10	1E10	1E-30	1E-10	1E10	1E-30	1E-10
37	6.61565441114877E-08	1E10	1470588235.29412	1E-30	5E-11	1E10	1E-30	1E10	0.0195	4.4740891864993E-06	1E10	0.508179866201755	5.07418616703684E-06	1E10	5.22760162426982E-02	2.46554524270013E-06	1E10	1.07586035694075E-02	1.67011701478292E-12	3.82130993843229E-10	33.9202258058009	1.6134660335518E-11	1.441625834377E-10	9.05562639156259	2.411588829749E-09	7.00238105769764E-11	7.76422196064679E-02	4.93996204394965E-08	4.23771046527822E-11	4.91418058677297E-02	1.43181804159794E-07	4.60223778642339E-11	4.13526205938242E-02	1E10	1E-30	1E-10	1E10	1E-30	1E-10	1E10	1E-30	1E-10	1E10	1E-30	1E-10	1E10	1E-30	1E-10	1E10	1E-30	1E-10	1E10	1E-30	1E-10
38	6.61565441114877E-08	1E10	1470588235.29412	1E-30	5E-11	1E10	1E-30	1E10	0.0195	4.4740891864993E-06	1E10	0.508179866201755	5.07418616703684E-06	1E10	5.22760162426982E-02	2.46554524270013E-06	1E10	1.07586035694075E-02	1.67011701478292E-12	3.82130993843229E-10	33.9202258058009	1.6134660335518E-11	1.441625834377E-10	9.05562639156259	2.411588829749E-09	7.00238105769764E-11	7.76422196064679E-02	4.93996204394965E-08	4.23771046527822E-11	4.91418058677297E-02	1.43181804159794E-07	4.60223778642339E-11	4.13526205938242E-02	1E10	1E-30	1E-10	1E10	1E-30	1E-10	1E10	1E-30	1E-10	1E10	1E-30	1E-10	1E10	1E-30	1E-10	1E10	1E-30	1E-10	1E10	1E-30	1E-10
39	1.04698817423838E-07	1E10	5E9	1E-30	1.32543215332254E-10	1E10	1E-30	1E10	1.58055937275404E-02	1.5987585672497E-05	1E10	248.872697779636	2.17104955693168E-05	1E10	26.6671900217444	1.93802679078396E-05	1E10	4.03624254215971	2.16092541571254E-05	1E10	0.610910030110259	1.39908105575578E-05	1E10	0.153453661550707	6.94243633851007E-06	1E10	3.13301667540872E-02	1E-30	6.94984086270586E-11	0.072367390207134	3.69360734133118E-07	2.13019533623173E-11	2.63459058186205E-02	5.13136776834615E-08	4.07914380248717E-11	3.26956466337506E-02	1.15631436245112E-11	1.51888067290623E-10	23.3337592690387	1.16124442820378E-11	1.00117613432704E-10	14.7313965074192	4.64761567214072E-12	1.5983676970309E-10	24.2442344046876	1E10	1E-30	1E-10	1E10	1E-30	1E-10	1E10	1E-30	1E-10
40	1.00882913875502E-07	1E10	5E9	1E-30	9.11711159947773E-11	1E10	1E-30	1E10	1.29933056988292E-02	1.26158432443924E-05	1E10	315.387049459889	2.05968845933634E-05	1E10	28.108900370636	2.05255241455147E-05	1E10	4.45496048449887	1.6300611234516E-05	1E10	0.888881476939609	1.21053200303352E-05	1E10	0.147517606139274	1.27280100569626E-05	1E10	1.99094172071178E-02	8.30474668935273E-06	1E10	7.11477068578385E-03	1E-30	1.05567877798036E-10	0.123161275335696	1.74472595099663E-07	7.393328225208E-11	7.77859995442358E-02	6.22436125360707E-08	7.20345820555563E-11	0.079544389801497	1.11915634053788E-11	9.21390582845776E-11	10.5854694904125	2.22788400278664E-12	1.90265474762477E-10	61.186028855909	1E10	1E-30	1E-10	1E10	1E-30	1E-10	1E10	1E-30	1E-10
41	9.49840735525324E-08	1E10	1E9	1E-30	9.2E-11	1E10	1E-30	1E10	0.0155	6.80758237661492E-06	1E10	0.292238371654922	1.04260948233566E-05	1E10	3.05301161726164E-02	6.72295994181314E-06	1E10	9.86389331419078E-03	3.75341266580138E-05	1E10	3.85479361808547E-04	1E-30	8.0515809487538E-11	7.14205766354498E-02	2.42045548683007E-12	1.16278830109131E-10	14.6120287375544	3.72983941977977E-12	2.51155932746207E-10	17.1016581148407	1.73647027724627E-11	1.73451042119779E-10	10.6081349317526	9.3984358505314E-08	4.7913969824911E-11	5.01753918687545E-02	2.33183531832067E-07	5.6109582136998E-11	4.45390470713382E-02	1E10	1E-30	1E-10	1E10	1E-30	1E-10	1E10	1E-30	1E-10	1E10	1E-30	1E-10	1E10	1E-30	1E-10
42	9.49840735525324E-08	1E10	1E9	1E-30	9.2E-11	1E10	1E-30	1E10	0.0155	6.80758237661492E-06	1E10	0.292238371654922	1.04260948233566E-05	1E10	3.05301161726164E-02	6.72295994181314E-06	1E10	9.86389331419078E-03	3.75341266580138E-05	1E10	3.85479361808547E-04	1E-30	8.0515809487538E-11	7.14205766354498E-02	2.42045548683007E-12	1.16278830109131E-10	14.6120287375544	3.72983941977977E-12	2.51155932746207E-10	17.1016581148407	1.73647027724627E-11	1.73451042119779E-10	10.6081349317526	9.3984358505314E-08	4.7913969824911E-11	5.01753918687545E-02	2.33183531832067E-07	5.6109582136998E-11	4.45390470713382E-02	1E10	1E-30	1E-10	1E10	1E-30	1E-10	1E10	1E-30	1E-10	1E10	1E-30	1E-10	1E10	1E-30	1E-10
43	9.49840735525324E-08	1E10	1E9	1E-30	9.2E-11	1E10	1E-30	1E10	0.0155	6.80758237661492E-06	1E10	0.292238371654922	1.04260948233566E-05	1E10	3.05301161726164E-02	6.72295994181314E-06	1E10	9.86389331419078E-03	3.75341266580138E-05	1E10	3.85479361808547E-04	1E-30	8.0515809487538E-11	7.14205766354498E-02	2.42045548683007E-12	1.16278830109131E-10	14.6120287375544	3.72983941977977E-12	2.51155932746207E-10	17.1016581148407	1.73647027724627E-11	1.73451042119779E-10	10.6081349317526	9.3984358505314E-08	4.7913969824911E-11	5.01753918687545E-02	2.33183531832067E-07	5.6109582136998E-11	4.45390470713382E-02	1E10	1E-30	1E-10	1E10	1E-30	1E-10	1E10	1E-30	1E-10	1E10	1E-30	1E-10	1E10	1E-30	1E-10
44	1.55735315013616E-07	1E10	3333333333.33333	1E-30	5.45166223737179E-11	1E10	1E-30	1E10	1.12340695316547E-02	2.14561296744482E-05	1E10	185.442278624731	4.2328084127421E-05	1E10	14.7302037823231	3.55224651941026E-05	1E10	3.70005990141885	2.12113897040959E-05	1E10	0.738259008442851	1.59121850972223E-05	1E10	9.46389417421137E-02	1.10417717134925E-05	1E10	1.37160232485711E-02	1E-30	1.03950450615685E-10	0.081009901957086	3.7514406960336E-07	4.43511892921591E-11	4.15267073427941E-02	1.06696185246782E-07	5.03416682325139E-11	4.55360006335553E-02	6.82834935075003E-12	2.34798526167096E-10	25.1527829841908	5.95968317682092E-12	1.34354341413894E-10	19.1232200057515	1.79373402695436E-12	1.2879878843746E-10	13.3297927340338	1E10	1E-30	1E-10	1E10	1E-30	1E-10	1E10	1E-30	1E-10
45	1.38557539008653E-07	1E10	666666666.666667	1E-30	5E-11	1E10	1E-30	1E10	0.0112	1.12542000970334E-05	1E10	0.176772828943489	1.5456964228422E-05	1E10	0.020593299012654	4.60383608845061E-06	1E10	7.85683444859655E-03	1.94306334956E-05	1E10	7.44629926422557E-04	1.30756791025005E-12	3.44392339559334E-10	42.3724570257588	1.5081880595932E-11	8.67519832762482E-11	8.15047889821358	2.41321847277345E-09	1.16627539327745E-10	7.24739777324107E-02	1.02802110577542E-07	5.02854281490455E-11	0.034343875842322	2.91242312621721E-07	5.71816362219368E-11	3.51851373181679E-02	1E10	1E-30	1E-10	1E10	1E-30	1E-10	1E10	1E-30	1E-10	1E10	1E-30	1E-10	1E10	1E-30	1E-10	1E10	1E-30	1E-10
46	1.38557539008653E-07	1E10	666666666.666667	1E-30	5E-11	1E10	1E-30	1E10	0.0112	1.12542000970334E-05	1E10	0.176772828943489	1.5456964228422E-05	1E10	0.020593299012654	4.60383608845061E-06	1E10	7.85683444859655E-03	1.94306334956E-05	1E10	7.44629926422557E-04	1.30756791025005E-12	3.44392339559334E-10	42.3724570257588	1.5081880595932E-11	8.67519832762482E-11	8.15047889821358	2.41321847277345E-09	1.16627539327745E-10	7.24739777324107E-02	1.02802110577542E-07	5.02854281490455E-11	0.034343875842322	2.91242312621721E-07	5.71816362219368E-11	3.51851373181679E-02	1E10	1E-30	1E-10	1E10	1E-30	1E-10	1E10	1E-30	1E-10	1E10	1E-30	1E-10	1E10	1E-30	1E-10	1E10	1E-30	1E-10
47	2.10134693295233E-07	1E10	454545454.545455	1E-30	2.5E-11	1E10	1E-30	1E10	6.8E-3	1.57610099597323E-05	1E10	0.126225209788681	2.05978158409549E-05	1E10	1.28779789340128E-02	8.0658649835092E-06	1E10	5.19260858527329E-03	1E-30	2.38671003933407E-10	7.99794210754231E-02	1.70631714748219E-12	3.21042613857417E-10	33.5333073092268	1.49501666170974E-11	1.38311452371516E-10	9.82679718055696	3.04082294860884E-07	4.50518073131958E-11	4.03449781106555E-02	5.45399069062686E-07	6.37086412375361E-11	4.57747045887375E-02	1E10	1E-30	1E-10	1E10	1E-30	1E-10	1E10	1E-30	1E-10	1E10	1E-30	1E-10	1E10	1E-30	1E-10	1E10	1E-30	1E-10	1E10	1E-30	1E-10
48	2.10134693295233E-07	1E10	454545454.545455	1E-30	2.5E-11	1E10	1E-30	1E10	6.8E-3	1.57610099597323E-05	1E10	0.126225209788681	2.05978158409549E-05	1E10	1.28779789340128E-02	8.0658649835092E-06	1E10	5.19260858527329E-03	1E-30	2.38671003933407E-10	7.99794210754231E-02	1.70631714748219E-12	3.21042613857417E-10	33.5333073092268	1.49501666170974E-11	1.38311452371516E-10	9.82679718055696	3.04082294860884E-07	4.50518073131958E-11	4.03449781106555E-02	5.45399069062686E-07	6.37086412375361E-11	4.57747045887375E-02	1E10	1E-30	1E-10	1E10	1E-30	1E-10	1E10	1E-30	1E-10	1E10	1E-30	1E-10	1E10	1E-30	1E-10	1E10	1E-30	1E-10	1E10	1E-30	1E-10
49	6.79351127893737E-07	1E10	735294117.647059	1E-30	2.50979310771665E-12	1E10	1E-30	1E10	5.82787035649705E-03	1.00563495803285E-04	1E10	36.73873832513	1.70573240482476E-04	1E10	3.93662673654495	1.11115605433558E-04	1E10	1.27386744164553	9.32977993944528E-05	1E10	0.164105916061633	6.96220139538896E-05	1E10	2.86169522014015E-02	5.23395221814441E-05	1E10	4.81449033553623E-03	1E-30	1.7645609362009E-10	4.44405601864708E-02	1E-30	2.22476533742218E-11	3.54091508533632E-02	1.58005882716294E-06	6.28922152797282E-11	2.67674275617169E-02	5.24173008702462E-07	7.26822530833744E-11	2.41249010586579E-02	1.41843574112899E-11	6.99836164647246E-11	8.20674649609478	1.40414588393751E-12	2.39611581170249E-10	196.107759243504	1E10	1E-30	1E-10	1E10	1E-30	1E-10	1E10	1E-30	1E-10
50	6.72920062402663E-07	1E10	735294117.647059	1E-30	7.51991961661961E-12	1E10	1E-30	1E10	5.97816918097603E-03	9.43337194390525E-05	1E10	42.1786992070006	1.30060785415412E-04	1E10	5.56023544531723	9.05798435786041E-05	1E10	1.05948102236789	7.94032090865086E-05	1E10	0.114712755307801	5.81508036941685E-05	1E10	1.41340506965804E-02	6.54476149163376E-05	1E10	2.11637914283759E-03	1E-30	1.5505037638879E-10	4.28411689043667E-02	1E-30	1.21648939378732E-11	2.98341978496238E-02	1.47287930408373E-06	6.85685576128184E-11	2.78242749697639E-02	4.88562945397661E-07	7.33211840549345E-11	2.33014455687875E-02	1.4229292051065E-11	9.42022585897902E-11	10.8226420076416	1.50457048064306E-12	2.95095012552742E-10	65.0842224873245	1E10	1E-30	1E-10	1E10	1E-30	1E-10	1E10	1E-30	1E-10
51	9.36483830175907E-07	1E10	5E8	1E-30	1.23798305798564E-11	1E10	1E-30	1E10	4.44335763205353E-03	5.46203855830995E-04	1E10	4.96516552932982	2.38426630700854E-04	1E10	2.32238240037541	1.31630806052027E-04	1E10	0.441285156375497	1.19870758527956E-04	1E10	5.83900842503267E-02	8.5370235861886E-05	1E10	9.93755914202426E-03	1E-30	2.1892820182057E-10	4.78289464577683E-02	1E-30	1.63953838468192E-11	4.06026173430355E-02	1.54496099917895E-06	1.20551705416791E-10	4.10802020546617E-02	9.66589202825915E-07	7.44316272880359E-11	2.94243944185195E-02	9.66913862720935E-12	9.22224242261802E-11	13.3081528229808	2.03563736470464E-12	2.11173284193393E-10	94.6970887519848	1E10	1E-30	1E-10	1E10	1E-30	1E-10	1E10	1E-30	1E-10	1E10	1E-30	1E-10
52	1.02081860486397E-06	1E10	5E8	1E-30	6.32712938854338E-11	1E10	1E-30	1E10	4.40016039619499E-03	2.34713691330114E-05	1E10	375.11156438078	1.31047606659316E-04	1E10	2.33898320050276	1.18247683248233E-04	1E10	0.241774260068102	1.0288454137969E-04	1E10	2.75720948977632E-02	9.2881609926153E-05	1E10	5.3320023828786E-03	1E-30	1.51298089579741E-10	4.05201915266824E-02	1E-30	7.72190895593196E-12	2.22459728472819E-02	2.42441617000448E-06	8.38775556526489E-11	2.95478066411534E-02	7.13588860010817E-07	6.71934463598682E-11	1.84783762925446E-02	7.38932553066134E-12	1.48166735290957E-10	22.1266132129126	2.40421240843125E-12	2.00782864560512E-10	51.5856999377889	1E10	1E-30	1E-10	1E10	1E-30	1E-10	1E10	1E-30	1E-10	1E10	1E-30	1E-10
53	1.02081860486397E-06	1E10	5E8	1E-30	6.32712938854338E-11	1E10	1E-30	1E10	4.40016039619499E-03	2.34713691330114E-05	1E10	375.11156438078	1.31047606659316E-04	1E10	2.33898320050276	1.18247683248233E-04	1E10	0.241774260068102	1.0288454137969E-04	1E10	2.75720948977632E-02	9.2881609926153E-05	1E10	5.3320023828786E-03	1E-30	1.51298089579741E-10	4.05201915266824E-02	1E-30	7.72190895593196E-12	2.22459728472819E-02	2.42441617000448E-06	8.38775556526489E-11	2.95478066411534E-02	7.13588860010817E-07	6.71934463598682E-11	1.84783762925446E-02	7.38932553066134E-12	1.48166735290957E-10	22.1266132129126	2.40421240843125E-12	2.00782864560512E-10	51.5856999377889	1E10	1E-30	1E-10	1E10	1E-30	1E-10	1E10	1E-30	1E-10	1E10	1E-30	1E-10
54	2.10528134697585E-06	1E10	227272727.272727	1E-30	1.24544865796311E-10	1E10	1E-30	1E10	3.83435089788542E-03	3.24564639323973E-04	1E10	4.35104930100965	2.90481075800082E-04	1E10	0.473451010428889	2.54680012148741E-04	1E10	6.43101905480723E-02	1.96007495934666E-04	1E10	7.90467105956384E-03	1E-30	1.4574985000101E-11	3.00861786040589E-02	1E-30	1.49069781856319E-10	2.87959400213403E-02	6.15834410660425E-06	4.63777003913487E-11	8.97439327722166E-03	1.31265944287022E-06	8.04526376750909E-11	1.25642688290933E-02	9.39227242961677E-12	1.42804041708895E-10	24.1640167275272	3.59118547140189E-12	1.57483297363999E-10	49.0881836396905	1E10	1E-30	1E-10	1E10	1E-30	1E-10	1E10	1E-30	1E-10	1E10	1E-30	1E-10	1E10	1E-30	1E-10
55	2.15825119315216E-06	1E10	227272727.272727	1E-30	1.17189093925174E-10	1E10	1E-30	1E10	3.12044703306802E-03	3.59042505094299E-04	1E10	2.00257216737413	3.04447396440202E-04	1E10	0.266997441242738	2.91403512000784E-04	1E10	3.54633596699341E-02	2.01647999948601E-04	1E10	5.07647864741169E-03	1E-30	2.19951893380143E-10	2.99800958550171E-02	1E-30	1.45954240356662E-11	2.42437999608185E-02	4.3488318899853E-06	1.00707901478011E-10	1.91648452927989E-02	2.25597735674612E-06	7.56285106142001E-11	1.72353289259204E-02	1.4070023175299E-11	1.22074863857439E-10	18.8260069127042	3.16583250574451E-12	2.18082186461477E-10	44.0814101943785	1E10	1E-30	1E-10	1E10	1E-30	1E-10	1E10	1E-30	1E-10	1E10	1E-30	1E-10	1E10	1E-30	1E-10
56	2.18016916773137E-06	1E10	227272727.272727	1E-30	1.27911453597784E-10	1E10	1E-30	1E10	2.49534510352985E-03	8.43088101311561E-05	1E10	90.9548614978481	3.62248043720302E-04	1E10	1.44340047300951	2.75697834256441E-04	1E10	0.191343302017462	2.39141675550028E-04	1E10	2.21946973943948E-02	1.81788591333983E-04	1E10	2.69426727946565E-03	1E-30	3.17597541507028E-10	3.01647185714797E-02	1E-30	1.75567618768708E-11	0.02183562565264	4.3314368438103E-06	1.34651819979835E-10	3.50089326376361E-02	2.63886999022014E-06	7.73615160067503E-11	1.85537831722983E-02	1.81143906848042E-12	2.73641528744273E-10	46.461700353101	1E10	1E-30	1E-10	1E10	1E-30	1E-10	1E10	1E-30	1E-10	1E10	1E-30	1E-10	1E10	1E-30	1E-10
57	2.18016916773137E-06	1E10	227272727.272727	1E-30	1.27911453597784E-10	1E10	1E-30	1E10	2.49534510352985E-03	8.43088101311561E-05	1E10	90.9548614978481	3.62248043720302E-04	1E10	1.44340047300951	2.75697834256441E-04	1E10	0.191343302017462	2.39141675550028E-04	1E10	2.21946973943948E-02	1.81788591333983E-04	1E10	2.69426727946565E-03	1E-30	3.17597541507028E-10	3.01647185714797E-02	1E-30	1.75567618768708E-11	0.02183562565264	4.3314368438103E-06	1.34651819979835E-10	3.50089326376361E-02	2.63886999022014E-06	7.73615160067503E-11	1.85537831722983E-02	1.81143906848042E-12	2.73641528744273E-10	46.461700353101	1E10	1E-30	1E-10	1E10	1E-30	1E-10	1E10	1E-30	1E-10	1E10	1E-30	1E-10	1E10	1E-30	1E-10
58	4.4849751719417E-06	1E10	10638297.8723404	1E-30	2.51745320626972E-11	1E10	1E-30	1E10	2.68448681341761E-03	3.84022965588725E-04	1E10	3.82275833713185	4.14384722785643E-04	1E10	0.336335935614815	4.64453547273508E-04	1E10	3.80966604662195E-02	3.3475241613837E-04	1E10	6.15121855875164E-03	1E-30	4.02911406438996E-11	4.25531184788775E-02	1E-30	2.73697463335101E-10	2.44717141428487E-02	7.68184724064802E-06	1.34674353649153E-10	1.74816761490438E-02	5.07263316570942E-06	8.12907226771948E-11	1.36027177270605E-02	2.11013151239409E-11	5.08612760791439E-11	6.95156638939073	1.26532969785485E-12	2.55791500760965E-10	97.5868305175014	1E10	1E-30	1E-10	1E10	1E-30	1E-10	1E10	1E-30	1E-10	1E10	1E-30	1E-10	1E10	1E-30	1E-10
59	4.4849751719417E-06	1E10	10638297.8723404	1E-30	2.51745320626972E-11	1E10	1E-30	1E10	2.68448681341761E-03	3.84022965588725E-04	1E10	3.82275833713185	4.14384722785643E-04	1E10	0.336335935614815	4.64453547273508E-04	1E10	3.80966604662195E-02	3.3475241613837E-04	1E10	6.15121855875164E-03	1E-30	4.02911406438996E-11	4.25531184788775E-02	1E-30	2.73697463335101E-10	2.44717141428487E-02	7.68184724064802E-06	1.34674353649153E-10	1.74816761490438E-02	5.07263316570942E-06	8.12907226771948E-11	1.36027177270605E-02	2.11013151239409E-11	5.08612760791439E-11	6.95156638939073	1.26532969785485E-12	2.55791500760965E-10	97.5868305175014	1E10	1E-30	1E-10	1E10	1E-30	1E-10	1E10	1E-30	1E-10	1E10	1E-30	1E-10	1E10	1E-30	1E-10
60	4.53916166737157E-06	1E10	106382978.723404	1E-30	1.27058948614073E-10	1E10	1E-30	1E10	2.52091907325346E-03	7.60816884707661E-04	1E10	2.75412323390042	6.43025019859994E-04	1E10	0.334411123265991	6.05577346378613E-04	1E10	4.75871687831342E-02	6.39200398922369E-04	1E10	6.57730287829381E-03	8.93893127252118E-04	1E10	1.22171714372064E-03	1E-30	2.38513688662153E-10	2.02162923267549E-02	1E-30	2.21921095183252E-11	1.86359919336486E-02	1.08385935700995E-05	8.84656890926679E-11	0.011114437278668	4.93528341458382E-06	7.90441308815121E-11	0.011117380139235	1.20447747578959E-11	1.3861136209593E-10	24.7967267578448	3.39311759677226E-12	2.16863103191997E-10	33.7832531378991	1E10	1E-30	1E-10	1E10	1E-30	1E-10	1E10	1E-30	1E-10	1E10	1E-30	1E-10
61	4.53916166737157E-06	1E10	106382978.723404	1E-30	1.27058948614073E-10	1E10	1E-30	1E10	2.52091907325346E-03	7.60816884707661E-04	1E10	2.75412323390042	6.43025019859994E-04	1E10	0.334411123265991	6.05577346378613E-04	1E10	4.75871687831342E-02	6.39200398922369E-04	1E10	6.57730287829381E-03	8.93893127252118E-04	1E10	1.22171714372064E-03	1E-30	2.38513688662153E-10	2.02162923267549E-02	1E-30	2.21921095183252E-11	1.86359919336486E-02	1.08385935700995E-05	8.84656890926679E-11	0.011114437278668	4.93528341458382E-06	7.90441308815121E-11	0.011117380139235	1.20447747578959E-11	1.3861136209593E-10	24.7967267578448	3.39311759677226E-12	2.16863103191997E-10	33.7832531378991	1E10	1E-30	1E-10	1E10	1E-30	1E-10	1E10	1E-30	1E-10	1E10	1E-30	1E-10
62	4.53916166737157E-06	1E10	106382978.723404	1E-30	1.27058948614073E-10	1E10	1E-30	1E10	2.52091907325346E-03	7.60816884707661E-04	1E10	2.75412323390042	6.43025019859994E-04	1E10	0.334411123265991	6.05577346378613E-04	1E10	4.75871687831342E-02	6.39200398922369E-04	1E10	6.57730287829381E-03	8.93893127252118E-04	1E10	1.22171714372064E-03	1E-30	2.38513688662153E-10	2.02162923267549E-02	1E-30	2.21921095183252E-11	1.86359919336486E-02	1.08385935700995E-05	8.84656890926679E-11	0.011114437278668	4.93528341458382E-06	7.90441308815121E-11	0.011117380139235	1.20447747578959E-11	1.3861136209593E-10	24.7967267578448	3.39311759677226E-12	2.16863103191997E-10	33.7832531378991	1E10	1E-30	1E-10	1E10	1E-30	1E-10	1E10	1E-30	1E-10	1E10	1E-30	1E-10
63	4.50945070628329E-06	1E10	106382978.723404	1E-30	1.25234583037266E-11	1E10	1E-30	1E10	1.9171507341716E-03	7.37482021082657E-04	1E10	7.19361912300129	6.40004590855859E-04	1E10	0.835627424161306	5.22414914177753E-04	1E10	0.108136228751668	5.50567626025287E-04	1E10	1.05654550358335E-02	5.0940207195511E-04	1E10	1.65227760412229E-03	1E-30	2.56536368821495E-11	3.41284565673557E-02	1E-30	3.18079871335188E-10	2.49646711598968E-02	1.02517523128674E-05	1.11380994577462E-10	1.77612000093959E-02	5.5254461050292E-06	8.26942724124026E-11	1.33470496455117E-02	1.17958346298938E-11	8.05945789807653E-11	14.9253533642887	2.19986751019381E-12	2.25114001342956E-10	66.5407626138291	1E10	1E-30	1E-10	1E10	1E-30	1E-10	1E10	1E-30	1E-10	1E10	1E-30	1E-10
64	4.63315086936373E-06	1E10	106382978.723404	1E-30	2.52246333484031E-11	1E10	1E-30	1E10	1.98748065289072E-03	2.96601965606194E-04	1E10	17.4649781566119	5.7653071185042E-04	1E10	0.531659708913754	5.3752826609288E-04	1E10	5.60876109691236E-02	4.66575076175406E-04	1E10	6.01644573263434E-03	4.50993133564172E-04	1E10	6.06247113171147E-04	1E-30	2.45654140230152E-11	2.97272532593516E-02	1E-30	3.5793515697479E-10	2.52206560100537E-02	7.373409121559E-06	1.5837846687559E-10	2.14970421883775E-02	6.24127433818299E-06	7.51547741722804E-11	1.22153433434356E-02	1.2413792429924E-12	2.92692565189465E-10	78.9917730847246	1E10	1E-30	1E-10	1E10	1E-30	1E-10	1E10	1E-30	1E-10	1E10	1E-30	1E-10	1E10	1E-30	1E-10
65	4.54053755568771E-06	1E10	10638297.8723404	1E-30	1.99583806901718E-11	1E10	1E-30	1E10	2.17094628218746E-03	6.44067144697851E-04	1E10	4.83565454181797	7.40264772322182E-04	1E10	0.541027506416287	6.33284982382724E-04	1E10	9.62616199614421E-02	6.60293790852247E-04	1E10	1.31338253713786E-02	5.34205278552519E-04	1E10	2.3957140135582E-03	1E-30	2.77960084858628E-11	3.37057709923188E-02	1E-30	3.73811157618408E-10	2.75306270176324E-02	9.0003869819587E-06	1.31553515942903E-10	1.89966938155265E-02	5.99595994001883E-06	8.04122860305382E-11	1.27264197521283E-02	4.66692245101064E-11	3.10863426731853E-11	2.72902462534417	3.15048000054892E-11	2.93650793566917E-11	2.69735877246408	1.39293274704136E-12	2.44207474711796E-10	124.351575999924	1E10	1E-30	1E-10	1E10	1E-30	1E-10	1E10	1E-30	1E-10
66	4.54053755568771E-06	1E10	10638297.8723404	1E-30	1.99583806901718E-11	1E10	1E-30	1E10	2.17094628218746E-03	6.44067144697851E-04	1E10	4.83565454181797	7.40264772322182E-04	1E10	0.541027506416287	6.33284982382724E-04	1E10	9.62616199614421E-02	6.60293790852247E-04	1E10	1.31338253713786E-02	5.34205278552519E-04	1E10	2.3957140135582E-03	1E-30	2.77960084858628E-11	3.37057709923188E-02	1E-30	3.73811157618408E-10	2.75306270176324E-02	9.0003869819587E-06	1.31553515942903E-10	1.89966938155265E-02	5.99595994001883E-06	8.04122860305382E-11	1.27264197521283E-02	4.66692245101064E-11	3.10863426731853E-11	2.72902462534417	3.15048000054892E-11	2.93650793566917E-11	2.69735877246408	1.39293274704136E-12	2.44207474711796E-10	124.351575999924	1E10	1E-30	1E-10	1E10	1E-30	1E-10	1E10	1E-30	1E-10
67	9.29450785555604E-06	1E10	5E7	1E-30	1.18331465117618E-11	1E10	1E-30	1E10	1.89780444613367E-03	1.1645425398476E-03	1E10	3.96774286472791	1.12565364643501E-03	1E10	0.453723205040252	9.57581837204293E-04	1E10	6.24146680589906E-02	9.71934943907312E-04	1E10	6.37833250163664E-03	9.4238615202104E-04	1E10	5.50283873759519E-04	1E-30	3.4020491293347E-11	3.06121975868887E-02	1E-30	3.14677508636662E-10	1.85750260118432E-02	1.88023426262839E-05	1.16177577146735E-10	8.76355869002852E-03	8.17176815568521E-06	1.08118052160862E-10	7.78251538690814E-03	1.76100431149635E-11	8.54816405327426E-11	8.84268213492717	1.91826383899911E-12	2.54101668494898E-10	101.711285491793	1E10	1E-30	1E-10	1E10	1E-30	1E-10	1E10	1E-30	1E-10	1E10	1E-30	1E-10
68	9.73677754668327E-06	1E10	5E7	1E-30	2.32874134988607E-11	1E10	1E-30	1E10	1.83596829219785E-03	1.26156110428074E-03	1E10	3.45484559579499	1.3407723303919E-03	1E10	0.329504312801293	1.13054843886209E-03	1E10	4.61787593207414E-02	1.6245361889729E-03	1E10	5.26207926065241E-03	1.24855867127738E-03	1E10	1.52696776045854E-03	1E-30	4.39465359922909E-11	2.96128806941211E-02	1E-30	4.22475550255195E-10	1.46610249736042E-02	2.24837399483218E-05	1.17750681647089E-10	1.00838899065609E-02	2.14153439100369E-05	5.53405625118856E-11	7.13405544269623E-03	1.05223302068044E-11	1.70433115431587E-10	12.8860829033534	2.261049873803E-12	2.85683172624646E-10	36.2514859244358	1E10	1E-30	1E-10	1E10	1E-30	1E-10	1E10	1E-30	1E-10	1E10	1E-30	1E-10
69	7.45279845114941E-06	1E10	5E6	1E-30	3.17555999412914E-11	1E10	1E-30	1E10	2.62517821851998E-03	2.35211703954075E-04	1E10	17.6457420854486	2.78528907206961E-04	1E10	2.53177069133205	3.8398959078669E-04	1E10	0.472142875211598	3.31843151966189E-04	1E10	0.160388107834112	2.58387571150713E-04	1E10	5.64940927628006E-02	1.866515571269E-04	1E10	1.71893736955101E-02	1.25864042293686E-04	1E10	3.80954189705646E-03	1E-30	2.90855218593522E-11	3.65766213481303E-02	1E-30	4.62967336637512E-12	3.04195317335237E-02	1E-30	2.01915918382397E-10	2.13088294220731E-02	1.19814499340934E-05	8.38865951045492E-11	7.9127180502983E-03	4.28967821991442E-06	8.66349001401454E-11	8.85586000731583E-03	1.15849180611767E-11	6.22666540379437E-11	18.7496684291944	2.1217439826984E-12	1.78464885367507E-10	85.8508082046773	1E10	1E-30	1E-10
70	9.29450785555604E-06	1E10	5E7	1E-30	1.18331465117618E-11	1E10	1E-30	1E10	1.89780444613367E-03	1.1645425398476E-03	1E10	3.96774286472791	1.12565364643501E-03	1E10	0.453723205040252	9.57581837204293E-04	1E10	6.24146680589906E-02	9.71934943907312E-04	1E10	6.37833250163664E-03	9.4238615202104E-04	1E10	5.50283873759519E-04	1E-30	3.4020491293347E-11	3.06121975868887E-02	1E-30	3.14677508636662E-10	1.85750260118432E-02	1.88023426262839E-05	1.16177577146735E-10	8.76355869002852E-03	8.17176815568521E-06	1.08118052160862E-10	7.78251538690814E-03	1.76100431149635E-11	8.54816405327426E-11	8.84268213492717	1.91826383899911E-12	2.54101668494898E-10	101.711285491793	1E10	1E-30	1E-10	1E10	1E-30	1E-10	1E10	1E-30	1E-10	1E10	1E-30	1E-10
71	9.71000208666552E-06	1E10	5E7	1E-30	5.63411627454799E-11	1E10	1E-30	1E10	1.57740585301464E-03	7.01962026779188E-04	1E10	9.73610519591899	1.22519399176456E-03	1E10	0.392506268377614	1.01030046176725E-03	1E10	5.16990393085277E-02	9.23332930909378E-04	1E10	4.71224325410049E-03	6.41632276091358E-04	1E10	6.32534781327144E-04	1E-30	3.43961683604247E-11	3.10647863309647E-02	1E-30	3.93943013133446E-10	1.75324591895251E-02	2.01092828915055E-05	1.02353992147501E-10	9.19261191756929E-03	9.86068469981325E-06	8.68340668747216E-11	7.66503483388167E-03	1.49635175291962E-11	7.50212003371418E-11	7.40279206404869	2.10224729356697E-12	1.87016127815163E-10	139.976042836487	1E10	1E-30	1E-10	1E10	1E-30	1E-10	1E10	1E-30	1E-10	1E10	1E-30	1E-10
72	9.71000208666552E-06	1E10	5E7	1E-30	5.63411627454799E-11	1E10	1E-30	1E10	1.57740585301464E-03	7.01962026779188E-04	1E10	9.73610519591899	1.22519399176456E-03	1E10	0.392506268377614	1.01030046176725E-03	1E10	5.16990393085277E-02	9.23332930909378E-04	1E10	4.71224325410049E-03	6.41632276091358E-04	1E10	6.32534781327144E-04	1E-30	3.43961683604247E-11	3.10647863309647E-02	1E-30	3.93943013133446E-10	1.75324591895251E-02	2.01092828915055E-05	1.02353992147501E-10	9.19261191756929E-03	9.86068469981325E-06	8.68340668747216E-11	7.66503483388167E-03	1.49635175291962E-11	7.50212003371418E-11	7.40279206404869	2.10224729356697E-12	1.87016127815163E-10	139.976042836487	1E10	1E-30	1E-10	1E10	1E-30	1E-10	1E10	1E-30	1E-10	1E10	1E-30	1E-10
73	1.01414285850516E-05	1E10	5E7	1E-30	6.67443167460054E-11	1E10	1E-30	1E10	1.33293689476797E-03	2.03358062071329E-03	1E10	1.40099789371954	2.02614843657884E-03	1E10	0.156282368550312	1.65829697020524E-03	1E10	2.79769429947338E-02	1.46562791148172E-03	1E10	2.60807829375672E-03	1E-30	8.23000025700798E-12	2.54337323414505E-02	1E-30	4.30689659493921E-10	1.70515255022752E-02	1E-30	2.44125310039985E-11	1.70505844114516E-02	2.21122952769137E-05	1.36043802178596E-10	1.69206376328795E-02	1.24385367853894E-05	9.97112150206519E-11	1.14637771594153E-02	1.14585346889665E-11	5.94781433444002E-11	20.0280222968867	2.14743387131999E-12	2.07070430331217E-10	82.7354511955081	1E10	1E-30	1E-10	1E10	1E-30	1E-10	1E10	1E-30	1E-10	1E10	1E-30	1E-10
74	1.01414285850516E-05	1E10	5E7	1E-30	6.67443167460054E-11	1E10	1E-30	1E10	1.33293689476797E-03	2.03358062071329E-03	1E10	1.40099789371954	2.02614843657884E-03	1E10	0.156282368550312	1.65829697020524E-03	1E10	2.79769429947338E-02	1.46562791148172E-03	1E10	2.60807829375672E-03	1E-30	8.23000025700798E-12	2.54337323414505E-02	1E-30	4.30689659493921E-10	1.70515255022752E-02	1E-30	2.44125310039985E-11	1.70505844114516E-02	2.21122952769137E-05	1.36043802178596E-10	1.69206376328795E-02	1.24385367853894E-05	9.97112150206519E-11	1.14637771594153E-02	1.14585346889665E-11	5.94781433444002E-11	20.0280222968867	2.14743387131999E-12	2.07070430331217E-10	82.7354511955081	1E10	1E-30	1E-10	1E10	1E-30	1E-10	1E10	1E-30	1E-10	1E10	1E-30	1E-10
75	9.43876317275611E-06	1E10	5E7	1E-30	4.25385107504826E-11	1E10	1E-30	1E10	1.50066165183209E-03	2.04725552359571E-03	1E10	2.59135447851281	1.60542431741066E-03	1E10	0.353872841659492	1.41250978249246E-03	1E10	4.00263868039153E-02	1.55941869594161E-03	1E10	3.33679044993802E-03	1.9725612896226E-03	1E10	1.73251814706513E-04	1E-30	3.45796349484745E-11	2.86260999289289E-02	1E-30	4.8246309381133E-10	1.97156974550564E-02	1.86448601835532E-05	1.62509404744478E-10	0.017134345546696	1.54706881347453E-05	8.56103030651631E-11	9.99501233351922E-03	1.55692520304981E-12	2.50275563755428E-10	58.5447718870698	1E10	1E-30	1E-10	1E10	1E-30	1E-10	1E10	1E-30	1E-10	1E10	1E-30	1E-10	1E10	1E-30	1E-10
76	9.44393869593273E-06	1E10	5E7	1E-30	1.61847693031208E-10	1E10	1E-30	1E10	1.57159702484979E-03	1.48350575558365E-03	1E10	1.74807379770969	2.06463361617211E-03	1E10	0.221950209466723	1.9665250020509E-03	1E10	3.98632696412339E-02	3.26345941259446E-03	1E10	3.82484160498294E-03	2.39212497556856E-03	1E10	1.09918578514908E-03	1E-30	1.45167816273938E-11	8.00913017719915E-02	1E-30	4.32385327296352E-11	2.77851487942871E-02	1E-30	4.88878990065438E-10	1.83787426761078E-02	2.05673729267873E-05	1.42724102170572E-10	1.28940921576161E-02	1.79214351264882E-05	7.00082639630526E-11	7.54508982547204E-03	5.23916211312187E-11	2.46844668432739E-11	2.4245897726346	2.34888987371086E-11	3.02280897120282E-11	3.27885835955607	5.13378967736509E-12	6.8291136368151E-11	23.3977106305404	1E10	1E-30	1E-10	1E10	1E-30	1E-10
77	9.29450785555604E-06	1E10	5E7	1E-30	1.18331465117618E-11	1E10	1E-30	1E10	1.89780444613367E-03	1.1645425398476E-03	1E10	3.96774286472791	1.12565364643501E-03	1E10	0.453723205040252	9.57581837204293E-04	1E10	6.24146680589906E-02	9.71934943907312E-04	1E10	6.37833250163664E-03	9.4238615202104E-04	1E10	5.50283873759519E-04	1E-30	3.4020491293347E-11	3.06121975868887E-02	1E-30	3.14677508636662E-10	1.85750260118432E-02	1.88023426262839E-05	1.16177577146735E-10	8.76355869002852E-03	8.17176815568521E-06	1.08118052160862E-10	7.78251538690814E-03	1.76100431149635E-11	8.54816405327426E-11	8.84268213492717	1.91826383899911E-12	2.54101668494898E-10	101.711285491793	1E10	1E-30	1E-10	1E10	1E-30	1E-10	1E10	1E-30	1E-10	1E10	1E-30	1E-10
78	9.29450785555604E-06	1E10	5E7	1E-30	1.18331465117618E-11	1E10	1E-30	1E10	1.89780444613367E-03	1.1645425398476E-03	1E10	3.96774286472791	1.12565364643501E-03	1E10	0.453723205040252	9.57581837204293E-04	1E10	6.24146680589906E-02	9.71934943907312E-04	1E10	6.37833250163664E-03	9.4238615202104E-04	1E10	5.50283873759519E-04	1E-30	3.4020491293347E-11	3.06121975868887E-02	1E-30	3.14677508636662E-10	1.85750260118432E-02	1.88023426262839E-05	1.16177577146735E-10	8.76355869002852E-03	8.17176815568521E-06	1.08118052160862E-10	7.78251538690814E-03	1.76100431149635E-11	8.54816405327426E-11	8.84268213492717	1.91826383899911E-12	2.54101668494898E-10	101.711285491793	1E10	1E-30	1E-10	1E10	1E-30	1E-10	1E10	1E-30	1E-10	1E10	1E-30	1E-10
79	9.71000208666552E-06	1E10	5E7	1E-30	5.63411627454799E-11	1E10	1E-30	1E10	1.57740585301464E-03	7.01962026779188E-04	1E10	9.73610519591899	1.22519399176456E-03	1E10	0.392506268377614	1.01030046176725E-03	1E10	5.16990393085277E-02	9.23332930909378E-04	1E10	4.71224325410049E-03	6.41632276091358E-04	1E10	6.32534781327144E-04	1E-30	3.43961683604247E-11	3.10647863309647E-02	1E-30	3.93943013133446E-10	1.75324591895251E-02	2.01092828915055E-05	1.02353992147501E-10	9.19261191756929E-03	9.86068469981325E-06	8.68340668747216E-11	7.66503483388167E-03	1.49635175291962E-11	7.50212003371418E-11	7.40279206404869	2.10224729356697E-12	1.87016127815163E-10	139.976042836487	1E10	1E-30	1E-10	1E10	1E-30	1E-10	1E10	1E-30	1E-10	1E10	1E-30	1E-10
80	9.62295476275655E-06	1E10	5E7	1E-30	5.66906945020978E-11	1E10	1E-30	1E10	1.41589614801836E-03	2.22431070590772E-03	1E10	1.61834555609091	2.39750616802645E-03	1E10	0.277541277555433	2.44142065002116E-03	1E10	3.99510168367437E-02	5.39119423232046E-03	1E10	1.46638512227009E-02	2.94585415857794E-03	1E10	5.23503352523165E-03	1.48535907534007E-03	1E10	2.08296800190014E-03	1E-30	1.99747736367897E-11	4.55432108047655E-02	1E-30	4.47595555586178E-10	1.76217179107042E-02	1E-30	3.0886452066234E-11	1.12417394085536E-02	1.66913395833418E-05	1.86070524318944E-10	1.57563142202777E-02	1.33698266209765E-05	9.62761771244477E-11	1.00785491314777E-02	2.01538701500999E-11	5.87907904939344E-11	5.95199821511477	2.01588382189805E-12	1.82954849738453E-10	74.8369266353905	1E10	1E-30	1E-10	1E10	1E-30	1E-10
81	9.62295476275655E-06	1E10	5E7	1E-30	5.66906945020978E-11	1E10	1E-30	1E10	1.41589614801836E-03	2.22431070590772E-03	1E10	1.61834555609091	2.39750616802645E-03	1E10	0.277541277555433	2.44142065002116E-03	1E10	3.99510168367437E-02	5.39119423232046E-03	1E10	1.46638512227009E-02	2.94585415857794E-03	1E10	5.23503352523165E-03	1.48535907534007E-03	1E10	2.08296800190014E-03	1E-30	1.99747736367897E-11	4.55432108047655E-02	1E-30	4.47595555586178E-10	1.76217179107042E-02	1E-30	3.0886452066234E-11	1.12417394085536E-02	1.66913395833418E-05	1.86070524318944E-10	1.57563142202777E-02	1.33698266209765E-05	9.62761771244477E-11	1.00785491314777E-02	2.01538701500999E-11	5.87907904939344E-11	5.95199821511477	2.01588382189805E-12	1.82954849738453E-10	74.8369266353905	1E10	1E-30	1E-10	1E10	1E-30	1E-10
82	9.43876317275611E-06	1E10	5E7	1E-30	4.25385107504826E-11	1E10	1E-30	1E10	1.50066165183209E-03	2.04725552359571E-03	1E10	2.59135447851281	1.60542431741066E-03	1E10	0.353872841659492	1.41250978249246E-03	1E10	4.00263868039153E-02	1.55941869594161E-03	1E10	3.33679044993802E-03	1.9725612896226E-03	1E10	1.73251814706513E-04	1E-30	3.45796349484745E-11	2.86260999289289E-02	1E-30	4.8246309381133E-10	1.97156974550564E-02	1.86448601835532E-05	1.62509404744478E-10	0.017134345546696	1.54706881347453E-05	8.56103030651631E-11	9.99501233351922E-03	1.55692520304981E-12	2.50275563755428E-10	58.5447718870698	1E10	1E-30	1E-10	1E10	1E-30	1E-10	1E10	1E-30	1E-10	1E10	1E-30	1E-10	1E10	1E-30	1E-10
83	8.91839926819392E-06	1E10	5E7	1E-30	1.84153938986396E-10	1E10	1E-30	1E10	1.33030138240947E-03	1.442514642162E-3	1E10	1.75693258804595	2.81698436873828E-03	1E10	0.187422614218294	1.98035980684699E-03	1E10	5.55828941998735E-02	2.22083220448811E-03	1E10	6.94564694948926E-03	1.84870475408421E-03	1E10	1.00396475867404E-03	1E-30	1.35292855952518E-11	0.050880076526386	1E-30	3.94196121422605E-11	0.020200177478882	1E-30	5.22910435091319E-10	1.80843304302331E-02	1.86324851613543E-05	1.48538682134343E-10	0.015966800626606	1.56074176923705E-05	7.98579714884953E-11	9.51481187197005E-03	2.5188944357411E-11	3.71942341849207E-11	3.55653658662995	5.52999781279405E-12	5.8356801440139E-11	20.8816698179885	1E10	1E-30	1E-10	1E10	1E-30	1E-10	1E10	1E-30	1E-10
84	1.71023018282912E-05	1E10	2272727.27272727	1E-30	8.5999447822788E-11	1E10	1E-30	1E10	2.12649378712129E-03	4.43657831882858E-04	1E10	9.94605197538049	4.8283622531612E-04	1E10	1.03939685242592	4.38088613674932E-04	1E10	0.136427084938511	3.82256871238235E-04	1E10	1.99311094921817E-02	3.55321130344667E-04	1E10	3.19296859189888E-03	1E-30	9.09190135046057E-12	4.17330515576747E-02	1E-30	4.04560600626557E-11	2.48058583016979E-02	1E-30	2.82309005830442E-10	1.42094016155045E-02	3.52031016855111E-05	9.85000316227158E-11	4.92281154433908E-03	1.39396805424686E-05	1.02155200875549E-10	6.1637385552135E-03	1.15403256781622E-11	8.70466184889844E-11	23.4272363124164	2.69600245204179E-12	1.63931973243435E-10	67.7627371141442	1E10	1E-30	1E-10	1E10	1E-30	1E-10	1E10	1E-30	1E-10
85	1.71023018282912E-05	1E10	2272727.27272727	1E-30	8.5999447822788E-11	1E10	1E-30	1E10	2.12649378712129E-03	4.43657831882858E-04	1E10	9.94605197538049	4.8283622531612E-04	1E10	1.03939685242592	4.38088613674932E-04	1E10	0.136427084938511	3.82256871238235E-04	1E10	1.99311094921817E-02	3.55321130344667E-04	1E10	3.19296859189888E-03	1E-30	9.09190135046057E-12	4.17330515576747E-02	1E-30	4.04560600626557E-11	2.48058583016979E-02	1E-30	2.82309005830442E-10	1.42094016155045E-02	3.52031016855111E-05	9.85000316227158E-11	4.92281154433908E-03	1.39396805424686E-05	1.02155200875549E-10	6.1637385552135E-03	1.15403256781622E-11	8.70466184889844E-11	23.4272363124164	2.69600245204179E-12	1.63931973243435E-10	67.7627371141442	1E10	1E-30	1E-10	1E10	1E-30	1E-10	1E10	1E-30	1E-10
86	1.71023018282912E-05	1E10	2272727.27272727	1E-30	8.5999447822788E-11	1E10	1E-30	1E10	2.12649378712129E-03	4.43657831882858E-04	1E10	9.94605197538049	4.8283622531612E-04	1E10	1.03939685242592	4.38088613674932E-04	1E10	0.136427084938511	3.82256871238235E-04	1E10	1.99311094921817E-02	3.55321130344667E-04	1E10	3.19296859189888E-03	1E-30	9.09190135046057E-12	4.17330515576747E-02	1E-30	4.04560600626557E-11	2.48058583016979E-02	1E-30	2.82309005830442E-10	1.42094016155045E-02	3.52031016855111E-05	9.85000316227158E-11	4.92281154433908E-03	1.39396805424686E-05	1.02155200875549E-10	6.1637385552135E-03	1.15403256781622E-11	8.70466184889844E-11	23.4272363124164	2.69600245204179E-12	1.63931973243435E-10	67.7627371141442	1E10	1E-30	1E-10	1E10	1E-30	1E-10	1E10	1E-30	1E-10
87	1.6848887656942E-05	1E10	2272727.27272727	1E-30	2.67023489906959E-11	1E10	1E-30	1E10	1.61968714339105E-03	5.22510156169724E-04	1E10	10.1532280417658	6.11957073684229E-04	1E10	0.944779575621181	5.55587737226501E-04	1E10	0.106557789013539	4.37521455138378E-04	1E10	1.31678447562594E-02	4.52640397005532E-04	1E10	1.69588609363275E-03	1E-30	4.15377609990256E-11	2.83512471107762E-02	1E-30	4.31750408419566E-10	1.51963272281329E-02	3.31440705515095E-05	1.50307376593887E-10	9.09128267601822E-03	2.15013990591815E-05	9.95321093224718E-11	7.13197645206589E-03	1.54497383159796E-12	3.51816868944552E-10	63.9711052203152	1E10	1E-30	1E-10	1E10	1E-30	1E-10	1E10	1E-30	1E-10	1E10	1E-30	1E-10	1E10	1E-30	1E-10
88	1.6848887656942E-05	1E10	2272727.27272727	1E-30	2.67023489906959E-11	1E10	1E-30	1E10	1.61968714339105E-03	5.22510156169724E-04	1E10	10.1532280417658	6.11957073684229E-04	1E10	0.944779575621181	5.55587737226501E-04	1E10	0.106557789013539	4.37521455138378E-04	1E10	1.31678447562594E-02	4.52640397005532E-04	1E10	1.69588609363275E-03	1E-30	4.15377609990256E-11	2.83512471107762E-02	1E-30	4.31750408419566E-10	1.51963272281329E-02	3.31440705515095E-05	1.50307376593887E-10	9.09128267601822E-03	2.15013990591815E-05	9.95321093224718E-11	7.13197645206589E-03	1.54497383159796E-12	3.51816868944552E-10	63.9711052203152	1E10	1E-30	1E-10	1E10	1E-30	1E-10	1E10	1E-30	1E-10	1E10	1E-30	1E-10	1E10	1E-30	1E-10
89	1.71023018282912E-05	1E10	2272727.27272727	1E-30	8.5999447822788E-11	1E10	1E-30	1E10	2.12649378712129E-03	4.43657831882858E-04	1E10	9.94605197538049	4.8283622531612E-04	1E10	1.03939685242592	4.38088613674932E-04	1E10	0.136427084938511	3.82256871238235E-04	1E10	1.99311094921817E-02	3.55321130344667E-04	1E10	3.19296859189888E-03	1E-30	9.09190135046057E-12	4.17330515576747E-02	1E-30	4.04560600626557E-11	2.48058583016979E-02	1E-30	2.82309005830442E-10	1.42094016155045E-02	3.52031016855111E-05	9.85000316227158E-11	4.92281154433908E-03	1.39396805424686E-05	1.02155200875549E-10	6.1637385552135E-03	1.15403256781622E-11	8.70466184889844E-11	23.4272363124164	2.69600245204179E-12	1.63931973243435E-10	67.7627371141442	1E10	1E-30	1E-10	1E10	1E-30	1E-10	1E10	1E-30	1E-10
90	1.71023018282912E-05	1E10	2272727.27272727	1E-30	8.5999447822788E-11	1E10	1E-30	1E10	2.12649378712129E-03	4.43657831882858E-04	1E10	9.94605197538049	4.8283622531612E-04	1E10	1.03939685242592	4.38088613674932E-04	1E10	0.136427084938511	3.82256871238235E-04	1E10	1.99311094921817E-02	3.55321130344667E-04	1E10	3.19296859189888E-03	1E-30	9.09190135046057E-12	4.17330515576747E-02	1E-30	4.04560600626557E-11	2.48058583016979E-02	1E-30	2.82309005830442E-10	1.42094016155045E-02	3.52031016855111E-05	9.85000316227158E-11	4.92281154433908E-03	1.39396805424686E-05	1.02155200875549E-10	6.1637385552135E-03	1.15403256781622E-11	8.70466184889844E-11	23.4272363124164	2.69600245204179E-12	1.63931973243435E-10	67.7627371141442	1E10	1E-30	1E-10	1E10	1E-30	1E-10	1E10	1E-30	1E-10
91	1.71023018282912E-05	1E10	2272727.27272727	1E-30	8.5999447822788E-11	1E10	1E-30	1E10	2.12649378712129E-03	4.43657831882858E-04	1E10	9.94605197538049	4.8283622531612E-04	1E10	1.03939685242592	4.38088613674932E-04	1E10	0.136427084938511	3.82256871238235E-04	1E10	1.99311094921817E-02	3.55321130344667E-04	1E10	3.19296859189888E-03	1E-30	9.09190135046057E-12	4.17330515576747E-02	1E-30	4.04560600626557E-11	2.48058583016979E-02	1E-30	2.82309005830442E-10	1.42094016155045E-02	3.52031016855111E-05	9.85000316227158E-11	4.92281154433908E-03	1.39396805424686E-05	1.02155200875549E-10	6.1637385552135E-03	1.15403256781622E-11	8.70466184889844E-11	23.4272363124164	2.69600245204179E-12	1.63931973243435E-10	67.7627371141442	1E10	1E-30	1E-10	1E10	1E-30	1E-10	1E10	1E-30	1E-10
92	1.71415407804365E-05	1E10	2272727.27272727	1E-30	9.45578675670837E-11	1E10	1E-30	1E10	1.94185391200497E-03	4.72153582979501E-04	1E10	9.34578072530079	5.30442643874519E-04	1E10	0.902785045217882	4.4949500000412E-04	1E10	0.126980695074772	4.13721106076781E-04	1E10	1.64299663772365E-02	3.73080880725898E-04	1E10	2.8307378192227E-03	1E-30	1.09586578106492E-11	3.02097034691827E-02	1E-30	4.18226858037297E-11	2.18262924455713E-02	1E-30	3.14697144985104E-10	1.25683937904282E-02	4.15884596141282E-05	8.81982842097994E-11	5.39618192570472E-03	1.58848626866668E-05	9.98449547290538E-11	5.51984738245466E-03	1.61276415772673E-11	9.39725510845455E-11	17.1234437808097	2.63654724451168E-12	2.17642860630441E-10	50.7015853286042	1E10	1E-30	1E-10	1E10	1E-30	1E-10	1E10	1E-30	1E-10
93	1.67319549567247E-05	1E10	2272727.27272727	1E-30	5.58749244931012E-11	1E10	1E-30	1E10	2.06711175396512E-03	4.31686248694454E-04	1E10	12.2893995020092	4.70857545467123E-04	1E10	1.31946829419947	4.18127786078477E-04	1E10	0.163217916992849	4.16825036037777E-04	1E10	2.05300759197417E-02	3.23091157043243E-04	1E10	4.35778933397381E-03	1E-30	3.46017504277188E-11	2.98057413919833E-02	1E-30	2.617339853578E-10	1.58454944008284E-02	4.52612011643524E-05	7.24181905317179E-11	5.31504746487676E-03	1.09486979451578E-05	1.30469322948864E-10	7.65007496606486E-03	1.52076541924445E-11	7.16797045361771E-11	14.4686181675448	2.28503867910143E-12	1.80146681734052E-10	84.2158544686814	1E10	1E-30	1E-10	1E10	1E-30	1E-10	1E10	1E-30	1E-10	1E10	1E-30	1E-10
94	1.67319549567247E-05	1E10	2272727.27272727	1E-30	5.58749244931012E-11	1E10	1E-30	1E10	2.06711175396512E-03	4.31686248694454E-04	1E10	12.2893995020092	4.70857545467123E-04	1E10	1.31946829419947	4.18127786078477E-04	1E10	0.163217916992849	4.16825036037777E-04	1E10	2.05300759197417E-02	3.23091157043243E-04	1E10	4.35778933397381E-03	1E-30	3.46017504277188E-11	2.98057413919833E-02	1E-30	2.617339853578E-10	1.58454944008284E-02	4.52612011643524E-05	7.24181905317179E-11	5.31504746487676E-03	1.09486979451578E-05	1.30469322948864E-10	7.65007496606486E-03	1.52076541924445E-11	7.16797045361771E-11	14.4686181675448	2.28503867910143E-12	1.80146681734052E-10	84.2158544686814	1E10	1E-30	1E-10	1E10	1E-30	1E-10	1E10	1E-30	1E-10	1E10	1E-30	1E-10
95	2.18240827684366E-05	1E10	2272727.27272727	1E-30	1.06898104475112E-11	1E10	1E-30	1E10	1.39962479466628E-03	1.9147170762216E-03	1E10	1.630554165738	2.14346548992555E-03	1E10	0.111474691403145	2.88625164588457E-03	1E10	9.67761846729921E-03	2.54967310756158E-03	1E10	1.79706275213328E-03	1E-30	3.80140600019052E-11	2.41165235899087E-02	1E-30	4.67225600385842E-10	1.40629691841271E-02	4.5200106382247E-05	1.63324163600625E-10	7.8886555653964E-03	2.76707968946019E-05	1.1566037570233E-10	5.99312686167726E-03	8.11123061826671E-12	1.05318177298096E-10	6.82941090875039	2.0306085960855E-12	1.88992410471905E-10	96.5748323517108	1E10	1E-30	1E-10	1E10	1E-30	1E-10	1E10	1E-30	1E-10	1E10	1E-30	1E-10	1E10	1E-30	1E-10
96	2.0510920695453E-05	1E10	2272727.27272727	1E-30	5.19119999679776E-11	1E10	1E-30	1E10	1.62518964609465E-03	1.26670433240624E-03	1E10	4.18816343641307	1.36581782769842E-03	1E10	0.500983433639161	1.11102189904772E-03	1E10	6.76522674766295E-02	1.11355512003846E-03	1E10	6.0978264061388E-03	1.60181464106996E-03	1E10	4.89271845993048E-04	1E-30	4.5723386469294E-11	2.70033735621051E-02	1E-30	3.76684859541649E-10	1.31266377612589E-02	4.71687721638984E-05	1.30824538546074E-10	6.36246552903289E-03	1.70268103991626E-05	1.39743586391058E-10	5.39563711965821E-03	3.50293206884323E-11	7.12740673345326E-11	3.93703507162315	2.01039297917961E-12	2.58606534149341E-10	67.9635064528987	1E10	1E-30	1E-10	1E10	1E-30	1E-10	1E10	1E-30	1E-10	1E10	1E-30	1E-10
97	2.0510920695453E-05	1E10	2272727.27272727	1E-30	5.19119999679776E-11	1E10	1E-30	1E10	1.62518964609465E-03	1.26670433240624E-03	1E10	4.18816343641307	1.36581782769842E-03	1E10	0.500983433639161	1.11102189904772E-03	1E10	6.76522674766295E-02	1.11355512003846E-03	1E10	6.0978264061388E-03	1.60181464106996E-03	1E10	4.89271845993048E-04	1E-30	4.5723386469294E-11	2.70033735621051E-02	1E-30	3.76684859541649E-10	1.31266377612589E-02	4.71687721638984E-05	1.30824538546074E-10	6.36246552903289E-03	1.70268103991626E-05	1.39743586391058E-10	5.39563711965821E-03	3.50293206884323E-11	7.12740673345326E-11	3.93703507162315	2.01039297917961E-12	2.58606534149341E-10	67.9635064528987	1E10	1E-30	1E-10	1E10	1E-30	1E-10	1E10	1E-30	1E-10	1E10	1E-30	1E-10
98	2.18240827684366E-05	1E10	2272727.27272727	1E-30	1.06898104475112E-11	1E10	1E-30	1E10	1.39962479466628E-03	1.9147170762216E-03	1E10	1.630554165738	2.14346548992555E-03	1E10	0.111474691403145	2.88625164588457E-03	1E10	9.67761846729921E-03	2.54967310756158E-03	1E10	1.79706275213328E-03	1E-30	3.80140600019052E-11	2.41165235899087E-02	1E-30	4.67225600385842E-10	1.40629691841271E-02	4.5200106382247E-05	1.63324163600625E-10	7.8886555653964E-03	2.76707968946019E-05	1.1566037570233E-10	5.99312686167726E-03	8.11123061826671E-12	1.05318177298096E-10	6.82941090875039	2.0306085960855E-12	1.88992410471905E-10	96.5748323517108	1E10	1E-30	1E-10	1E10	1E-30	1E-10	1E10	1E-30	1E-10	1E10	1E-30	1E-10	1E10	1E-30	1E-10
99	1.6848887656942E-05	1E10	2272727.27272727	1E-30	2.67023489906959E-11	1E10	1E-30	1E10	1.61968714339105E-03	5.22510156169724E-04	1E10	10.1532280417658	6.11957073684229E-04	1E10	0.944779575621181	5.55587737226501E-04	1E10	0.106557789013539	4.37521455138378E-04	1E10	1.31678447562594E-02	4.52640397005532E-04	1E10	1.69588609363275E-03	1E-30	4.15377609990256E-11	2.83512471107762E-02	1E-30	4.31750408419566E-10	1.51963272281329E-02	3.31440705515095E-05	1.50307376593887E-10	9.09128267601822E-03	2.15013990591815E-05	9.95321093224718E-11	7.13197645206589E-03	1.54497383159796E-12	3.51816868944552E-10	63.9711052203152	1E10	1E-30	1E-10	1E10	1E-30	1E-10	1E10	1E-30	1E-10	1E10	1E-30	1E-10	1E10	1E-30	1E-10
100	1.6848887656942E-05	1E10	2272727.27272727	1E-30	2.67023489906959E-11	1E10	1E-30	1E10	1.61968714339105E-03	5.22510156169724E-04	1E10	10.1532280417658	6.11957073684229E-04	1E10	0.944779575621181	5.55587737226501E-04	1E10	0.106557789013539	4.37521455138378E-04	1E10	1.31678447562594E-02	4.52640397005532E-04	1E10	1.69588609363275E-03	1E-30	4.15377609990256E-11	2.83512471107762E-02	1E-30	4.31750408419566E-10	1.51963272281329E-02	3.31440705515095E-05	1.50307376593887E-10	9.09128267601822E-03	2.15013990591815E-05	9.95321093224718E-11	7.13197645206589E-03	1.54497383159796E-12	3.51816868944552E-10	63.9711052203152	1E10	1E-30	1E-10	1E10	1E-30	1E-10	1E10	1E-30	1E-10	1E10	1E-30	1E-10	1E10	1E-30	1E-10
101	1.6848887656942E-05	1E10	2272727.27272727	1E-30	2.67023489906959E-11	1E10	1E-30	1E10	1.61968714339105E-03	5.22510156169724E-04	1E10	10.1532280417658	6.11957073684229E-04	1E10	0.944779575621181	5.55587737226501E-04	1E10	0.106557789013539	4.37521455138378E-04	1E10	1.31678447562594E-02	4.52640397005532E-04	1E10	1.69588609363275E-03	1E-30	4.15377609990256E-11	2.83512471107762E-02	1E-30	4.31750408419566E-10	1.51963272281329E-02	3.31440705515095E-05	1.50307376593887E-10	9.09128267601822E-03	2.15013990591815E-05	9.95321093224718E-11	7.13197645206589E-03	1.54497383159796E-12	3.51816868944552E-10	63.9711052203152	1E10	1E-30	1E-10	1E10	1E-30	1E-10	1E10	1E-30	1E-10	1E10	1E-30	1E-10	1E10	1E-30	1E-10
102	2.44621536516707E-05	1E10	1515151.51515152	1E-30	4.90260502929564E-11	1E10	1E-30	1E10	1.62991878167168E-03	4.83995296038292E-04	1E10	12.018706678702	5.96904507538486E-04	1E10	0.777233189886395	5.4442473867316E-04	1E10	8.43934551164049E-02	4.38266824622014E-04	1E10	1.06264903876409E-02	5.06489972031787E-04	1E10	9.13217698469924E-04	1E-30	1.10593365622261E-11	4.76309956294141E-02	1E-30	4.00404032024705E-11	2.16876368534908E-02	1E-30	4.51124018483913E-10	1.27782472268765E-02	5.43047032843468E-05	1.12394975002114E-10	5.8863656835819E-03	3.08144949695155E-05	8.64414803612493E-11	4.6575257904294E-03	1.4147821391755E-11	7.47570306997051E-11	17.0689416103667	2.13693112821463E-12	2.05030127991488E-10	77.3083928078534	1E10	1E-30	1E-10	1E10	1E-30	1E-10	1E10	1E-30	1E-10
103	4.00746554301045E-05	1E10	1063829.78723404	1E-30	6.32827813140675E-11	1E10	1E-30	1E10	1.13008054155481E-03	1.54941413224157E-03	1E10	3.19544512649064	1.73410451283423E-03	1E10	0.302724614869041	1.60385965749016E-03	1E10	3.49033069475088E-02	1.62567530256652E-03	1E10	3.18594725574897E-03	3.2397744471908E-03	1E10	1.44029142451027E-04	1E-30	6.32121867313366E-12	1.86808994216903E-02	1E-30	4.57423851169783E-11	0.014975805432104	1E-30	5.35531389178608E-10	1.05249292954091E-02	6.24578665073664E-05	2.0446217626246E-10	5.18974967974559E-03	8.59882715128907E-05	6.86472884580775E-11	3.61038334635046E-03	2.8479321163218E-11	6.23370958138196E-11	5.34804965229118	1.92661657465371E-12	2.66618883266923E-10	66.828324829382	1E10	1E-30	1E-10	1E10	1E-30	1E-10	1E10	1E-30	1E-10
104	4.00746554301045E-05	1E10	1063829.78723404	1E-30	6.32827813140675E-11	1E10	1E-30	1E10	1.13008054155481E-03	1.54941413224157E-03	1E10	3.19544512649064	1.73410451283423E-03	1E10	0.302724614869041	1.60385965749016E-03	1E10	3.49033069475088E-02	1.62567530256652E-03	1E10	3.18594725574897E-03	3.2397744471908E-03	1E10	1.44029142451027E-04	1E-30	6.32121867313366E-12	1.86808994216903E-02	1E-30	4.57423851169783E-11	0.014975805432104	1E-30	5.35531389178608E-10	1.05249292954091E-02	6.24578665073664E-05	2.0446217626246E-10	5.18974967974559E-03	8.59882715128907E-05	6.86472884580775E-11	3.61038334635046E-03	2.8479321163218E-11	6.23370958138196E-11	5.34804965229118	1.92661657465371E-12	2.66618883266923E-10	66.828324829382	1E10	1E-30	1E-10	1E10	1E-30	1E-10	1E10	1E-30	1E-10
105	4.00746554301045E-05	1E10	1063829.78723404	1E-30	6.32827813140675E-11	1E10	1E-30	1E10	1.13008054155481E-03	1.54941413224157E-03	1E10	3.19544512649064	1.73410451283423E-03	1E10	0.302724614869041	1.60385965749016E-03	1E10	3.49033069475088E-02	1.62567530256652E-03	1E10	3.18594725574897E-03	3.2397744471908E-03	1E10	1.44029142451027E-04	1E-30	6.32121867313366E-12	1.86808994216903E-02	1E-30	4.57423851169783E-11	0.014975805432104	1E-30	5.35531389178608E-10	1.05249292954091E-02	6.24578665073664E-05	2.0446217626246E-10	5.18974967974559E-03	8.59882715128907E-05	6.86472884580775E-11	3.61038334635046E-03	2.8479321163218E-11	6.23370958138196E-11	5.34804965229118	1.92661657465371E-12	2.66618883266923E-10	66.828324829382	1E10	1E-30	1E-10	1E10	1E-30	1E-10	1E10	1E-30	1E-10
106	4.00746554301045E-05	1E10	1063829.78723404	1E-30	6.32827813140675E-11	1E10	1E-30	1E10	1.13008054155481E-03	1.54941413224157E-03	1E10	3.19544512649064	1.73410451283423E-03	1E10	0.302724614869041	1.60385965749016E-03	1E10	3.49033069475088E-02	1.62567530256652E-03	1E10	3.18594725574897E-03	3.2397744471908E-03	1E10	1.44029142451027E-04	1E-30	6.32121867313366E-12	1.86808994216903E-02	1E-30	4.57423851169783E-11	0.014975805432104	1E-30	5.35531389178608E-10	1.05249292954091E-02	6.24578665073664E-05	2.0446217626246E-10	5.18974967974559E-03	8.59882715128907E-05	6.86472884580775E-11	3.61038334635046E-03	2.8479321163218E-11	6.23370958138196E-11	5.34804965229118	1.92661657465371E-12	2.66618883266923E-10	66.828324829382	1E10	1E-30	1E-10	1E10	1E-30	1E-10	1E10	1E-30	1E-10
107	4.00746554301045E-05	1E10	1063829.78723404	1E-30	6.32827813140675E-11	1E10	1E-30	1E10	1.13008054155481E-03	1.54941413224157E-03	1E10	3.19544512649064	1.73410451283423E-03	1E10	0.302724614869041	1.60385965749016E-03	1E10	3.49033069475088E-02	1.62567530256652E-03	1E10	3.18594725574897E-03	3.2397744471908E-03	1E10	1.44029142451027E-04	1E-30	6.32121867313366E-12	1.86808994216903E-02	1E-30	4.57423851169783E-11	0.014975805432104	1E-30	5.35531389178608E-10	1.05249292954091E-02	6.24578665073664E-05	2.0446217626246E-10	5.18974967974559E-03	8.59882715128907E-05	6.86472884580775E-11	3.61038334635046E-03	2.8479321163218E-11	6.23370958138196E-11	5.34804965229118	1.92661657465371E-12	2.66618883266923E-10	66.828324829382	1E10	1E-30	1E-10	1E10	1E-30	1E-10	1E10	1E-30	1E-10
108	4.00746554301045E-05	1E10	1063829.78723404	1E-30	6.32827813140675E-11	1E10	1E-30	1E10	1.13008054155481E-03	1.54941413224157E-03	1E10	3.19544512649064	1.73410451283423E-03	1E10	0.302724614869041	1.60385965749016E-03	1E10	3.49033069475088E-02	1.62567530256652E-03	1E10	3.18594725574897E-03	3.2397744471908E-03	1E10	1.44029142451027E-04	1E-30	6.32121867313366E-12	1.86808994216903E-02	1E-30	4.57423851169783E-11	0.014975805432104	1E-30	5.35531389178608E-10	1.05249292954091E-02	6.24578665073664E-05	2.0446217626246E-10	5.18974967974559E-03	8.59882715128907E-05	6.86472884580775E-11	3.61038334635046E-03	2.8479321163218E-11	6.23370958138196E-11	5.34804965229118	1.92661657465371E-12	2.66618883266923E-10	66.828324829382	1E10	1E-30	1E-10	1E10	1E-30	1E-10	1E10	1E-30	1E-10
109	4.00746554301045E-05	1E10	1063829.78723404	1E-30	6.32827813140675E-11	1E10	1E-30	1E10	1.13008054155481E-03	1.54941413224157E-03	1E10	3.19544512649064	1.73410451283423E-03	1E10	0.302724614869041	1.60385965749016E-03	1E10	3.49033069475088E-02	1.62567530256652E-03	1E10	3.18594725574897E-03	3.2397744471908E-03	1E10	1.44029142451027E-04	1E-30	6.32121867313366E-12	1.86808994216903E-02	1E-30	4.57423851169783E-11	0.014975805432104	1E-30	5.35531389178608E-10	1.05249292954091E-02	6.24578665073664E-05	2.0446217626246E-10	5.18974967974559E-03	8.59882715128907E-05	6.86472884580775E-11	3.61038334635046E-03	2.8479321163218E-11	6.23370958138196E-11	5.34804965229118	1.92661657465371E-12	2.66618883266923E-10	66.828324829382	1E10	1E-30	1E-10	1E10	1E-30	1E-10	1E10	1E-30	1E-10
110	4.00746554301045E-05	1E10	1063829.78723404	1E-30	6.32827813140675E-11	1E10	1E-30	1E10	1.13008054155481E-03	1.54941413224157E-03	1E10	3.19544512649064	1.73410451283423E-03	1E10	0.302724614869041	1.60385965749016E-03	1E10	3.49033069475088E-02	1.62567530256652E-03	1E10	3.18594725574897E-03	3.2397744471908E-03	1E10	1.44029142451027E-04	1E-30	6.32121867313366E-12	1.86808994216903E-02	1E-30	4.57423851169783E-11	0.014975805432104	1E-30	5.35531389178608E-10	1.05249292954091E-02	6.24578665073664E-05	2.0446217626246E-10	5.18974967974559E-03	8.59882715128907E-05	6.86472884580775E-11	3.61038334635046E-03	2.8479321163218E-11	6.23370958138196E-11	5.34804965229118	1.92661657465371E-12	2.66618883266923E-10	66.828324829382	1E10	1E-30	1E-10	1E10	1E-30	1E-10	1E10	1E-30	1E-10
111	4.00746554301045E-05	1E10	1063829.78723404	1E-30	6.32827813140675E-11	1E10	1E-30	1E10	1.13008054155481E-03	1.54941413224157E-03	1E10	3.19544512649064	1.73410451283423E-03	1E10	0.302724614869041	1.60385965749016E-03	1E10	3.49033069475088E-02	1.62567530256652E-03	1E10	3.18594725574897E-03	3.2397744471908E-03	1E10	1.44029142451027E-04	1E-30	6.32121867313366E-12	1.86808994216903E-02	1E-30	4.57423851169783E-11	0.014975805432104	1E-30	5.35531389178608E-10	1.05249292954091E-02	6.24578665073664E-05	2.0446217626246E-10	5.18974967974559E-03	8.59882715128907E-05	6.86472884580775E-11	3.61038334635046E-03	2.8479321163218E-11	6.23370958138196E-11	5.34804965229118	1.92661657465371E-12	2.66618883266923E-10	66.828324829382	1E10	1E-30	1E-10	1E10	1E-30	1E-10	1E10	1E-30	1E-10
112	4.00746554301045E-05	1E10	1063829.78723404	1E-30	6.32827813140675E-11	1E10	1E-30	1E10	1.13008054155481E-03	1.54941413224157E-03	1E10	3.19544512649064	1.73410451283423E-03	1E10	0.302724614869041	1.60385965749016E-03	1E10	3.49033069475088E-02	1.62567530256652E-03	1E10	3.18594725574897E-03	3.2397744471908E-03	1E10	1.44029142451027E-04	1E-30	6.32121867313366E-12	1.86808994216903E-02	1E-30	4.57423851169783E-11	0.014975805432104	1E-30	5.35531389178608E-10	1.05249292954091E-02	6.24578665073664E-05	2.0446217626246E-10	5.18974967974559E-03	8.59882715128907E-05	6.86472884580775E-11	3.61038334635046E-03	2.8479321163218E-11	6.23370958138196E-11	5.34804965229118	1.92661657465371E-12	2.66618883266923E-10	66.828324829382	1E10	1E-30	1E-10	1E10	1E-30	1E-10	1E10	1E-30	1E-10
113	4.00746554301045E-05	1E10	1063829.78723404	1E-30	6.32827813140675E-11	1E10	1E-30	1E10	1.13008054155481E-03	1.54941413224157E-03	1E10	3.19544512649064	1.73410451283423E-03	1E10	0.302724614869041	1.60385965749016E-03	1E10	3.49033069475088E-02	1.62567530256652E-03	1E10	3.18594725574897E-03	3.2397744471908E-03	1E10	1.44029142451027E-04	1E-30	6.32121867313366E-12	1.86808994216903E-02	1E-30	4.57423851169783E-11	0.014975805432104	1E-30	5.35531389178608E-10	1.05249292954091E-02	6.24578665073664E-05	2.0446217626246E-10	5.18974967974559E-03	8.59882715128907E-05	6.86472884580775E-11	3.61038334635046E-03	2.8479321163218E-11	6.23370958138196E-11	5.34804965229118	1.92661657465371E-12	2.66618883266923E-10	66.828324829382	1E10	1E-30	1E-10	1E10	1E-30	1E-10	1E10	1E-30	1E-10
114	4.00746554301045E-05	1E10	1063829.78723404	1E-30	6.32827813140675E-11	1E10	1E-30	1E10	1.13008054155481E-03	1.54941413224157E-03	1E10	3.19544512649064	1.73410451283423E-03	1E10	0.302724614869041	1.60385965749016E-03	1E10	3.49033069475088E-02	1.62567530256652E-03	1E10	3.18594725574897E-03	3.2397744471908E-03	1E10	1.44029142451027E-04	1E-30	6.32121867313366E-12	1.86808994216903E-02	1E-30	4.57423851169783E-11	0.014975805432104	1E-30	5.35531389178608E-10	1.05249292954091E-02	6.24578665073664E-05	2.0446217626246E-10	5.18974967974559E-03	8.59882715128907E-05	6.86472884580775E-11	3.61038334635046E-03	2.8479321163218E-11	6.23370958138196E-11	5.34804965229118	1.92661657465371E-12	2.66618883266923E-10	66.828324829382	1E10	1E-30	1E-10	1E10	1E-30	1E-10	1E10	1E-30	1E-10
115	4.00746554301045E-05	1E10	1063829.78723404	1E-30	6.32827813140675E-11	1E10	1E-30	1E10	1.13008054155481E-03	1.54941413224157E-03	1E10	3.19544512649064	1.73410451283423E-03	1E10	0.302724614869041	1.60385965749016E-03	1E10	3.49033069475088E-02	1.62567530256652E-03	1E10	3.18594725574897E-03	3.2397744471908E-03	1E10	1.44029142451027E-04	1E-30	6.32121867313366E-12	1.86808994216903E-02	1E-30	4.57423851169783E-11	0.014975805432104	1E-30	5.35531389178608E-10	1.05249292954091E-02	6.24578665073664E-05	2.0446217626246E-10	5.18974967974559E-03	8.59882715128907E-05	6.86472884580775E-11	3.61038334635046E-03	2.8479321163218E-11	6.23370958138196E-11	5.34804965229118	1.92661657465371E-12	2.66618883266923E-10	66.828324829382	1E10	1E-30	1E-10	1E10	1E-30	1E-10	1E10	1E-30	1E-10
116	4.00746554301045E-05	1E10	1063829.78723404	1E-30	6.32827813140675E-11	1E10	1E-30	1E10	1.13008054155481E-03	1.54941413224157E-03	1E10	3.19544512649064	1.73410451283423E-03	1E10	0.302724614869041	1.60385965749016E-03	1E10	3.49033069475088E-02	1.62567530256652E-03	1E10	3.18594725574897E-03	3.2397744471908E-03	1E10	1.44029142451027E-04	1E-30	6.32121867313366E-12	1.86808994216903E-02	1E-30	4.57423851169783E-11	0.014975805432104	1E-30	5.35531389178608E-10	1.05249292954091E-02	6.24578665073664E-05	2.0446217626246E-10	5.18974967974559E-03	8.59882715128907E-05	6.86472884580775E-11	3.61038334635046E-03	2.8479321163218E-11	6.23370958138196E-11	5.34804965229118	1.92661657465371E-12	2.66618883266923E-10	66.828324829382	1E10	1E-30	1E-10	1E10	1E-30	1E-10	1E10	1E-30	1E-10
117	4.00746554301045E-05	1E10	1063829.78723404	1E-30	6.32827813140675E-11	1E10	1E-30	1E10	1.13008054155481E-03	1.54941413224157E-03	1E10	3.19544512649064	1.73410451283423E-03	1E10	0.302724614869041	1.60385965749016E-03	1E10	3.49033069475088E-02	1.62567530256652E-03	1E10	3.18594725574897E-03	3.2397744471908E-03	1E10	1.44029142451027E-04	1E-30	6.32121867313366E-12	1.86808994216903E-02	1E-30	4.57423851169783E-11	0.014975805432104	1E-30	5.35531389178608E-10	1.05249292954091E-02	6.24578665073664E-05	2.0446217626246E-10	5.18974967974559E-03	8.59882715128907E-05	6.86472884580775E-11	3.61038334635046E-03	2.8479321163218E-11	6.23370958138196E-11	5.34804965229118	1.92661657465371E-12	2.66618883266923E-10	66.828324829382	1E10	1E-30	1E-10	1E10	1E-30	1E-10	1E10	1E-30	1E-10
118	4.00746554301045E-05	1E10	1063829.78723404	1E-30	6.32827813140675E-11	1E10	1E-30	1E10	1.13008054155481E-03	1.54941413224157E-03	1E10	3.19544512649064	1.73410451283423E-03	1E10	0.302724614869041	1.60385965749016E-03	1E10	3.49033069475088E-02	1.62567530256652E-03	1E10	3.18594725574897E-03	3.2397744471908E-03	1E10	1.44029142451027E-04	1E-30	6.32121867313366E-12	1.86808994216903E-02	1E-30	4.57423851169783E-11	0.014975805432104	1E-30	5.35531389178608E-10	1.05249292954091E-02	6.24578665073664E-05	2.0446217626246E-10	5.18974967974559E-03	8.59882715128907E-05	6.86472884580775E-11	3.61038334635046E-03	2.8479321163218E-11	6.23370958138196E-11	5.34804965229118	1.92661657465371E-12	2.66618883266923E-10	66.828324829382	1E10	1E-30	1E-10	1E10	1E-30	1E-10	1E10	1E-30	1E-10
119	4.00746554301045E-05	1E10	1063829.78723404	1E-30	6.32827813140675E-11	1E10	1E-30	1E10	1.13008054155481E-03	1.54941413224157E-03	1E10	3.19544512649064	1.73410451283423E-03	1E10	0.302724614869041	1.60385965749016E-03	1E10	3.49033069475088E-02	1.62567530256652E-03	1E10	3.18594725574897E-03	3.2397744471908E-03	1E10	1.44029142451027E-04	1E-30	6.32121867313366E-12	1.86808994216903E-02	1E-30	4.57423851169783E-11	0.014975805432104	1E-30	5.35531389178608E-10	1.05249292954091E-02	6.24578665073664E-05	2.0446217626246E-10	5.18974967974559E-03	8.59882715128907E-05	6.86472884580775E-11	3.61038334635046E-03	2.8479321163218E-11	6.23370958138196E-11	5.34804965229118	1.92661657465371E-12	2.66618883266923E-10	66.828324829382	1E10	1E-30	1E-10	1E10	1E-30	1E-10	1E10	1E-30	1E-10
120	4.00746554301045E-05	1E10	1063829.78723404	1E-30	6.32827813140675E-11	1E10	1E-30	1E10	1.13008054155481E-03	1.54941413224157E-03	1E10	3.19544512649064	1.73410451283423E-03	1E10	0.302724614869041	1.60385965749016E-03	1E10	3.49033069475088E-02	1.62567530256652E-03	1E10	3.18594725574897E-03	3.2397744471908E-03	1E10	1.44029142451027E-04	1E-30	6.32121867313366E-12	1.86808994216903E-02	1E-30	4.57423851169783E-11	0.014975805432104	1E-30	5.35531389178608E-10	1.05249292954091E-02	6.24578665073664E-05	2.0446217626246E-10	5.18974967974559E-03	8.59882715128907E-05	6.86472884580775E-11	3.61038334635046E-03	2.8479321163218E-11	6.23370958138196E-11	5.34804965229118	1.92661657465371E-12	2.66618883266923E-10	66.828324829382	1E10	1E-30	1E-10	1E10	1E-30	1E-10	1E10	1E-30	1E-10
121	4.00746554301045E-05	1E10	1063829.78723404	1E-30	6.32827813140675E-11	1E10	1E-30	1E10	1.13008054155481E-03	1.54941413224157E-03	1E10	3.19544512649064	1.73410451283423E-03	1E10	0.302724614869041	1.60385965749016E-03	1E10	3.49033069475088E-02	1.62567530256652E-03	1E10	3.18594725574897E-03	3.2397744471908E-03	1E10	1.44029142451027E-04	1E-30	6.32121867313366E-12	1.86808994216903E-02	1E-30	4.57423851169783E-11	0.014975805432104	1E-30	5.35531389178608E-10	1.05249292954091E-02	6.24578665073664E-05	2.0446217626246E-10	5.18974967974559E-03	8.59882715128907E-05	6.86472884580775E-11	3.61038334635046E-03	2.8479321163218E-11	6.23370958138196E-11	5.34804965229118	1.92661657465371E-12	2.66618883266923E-10	66.828324829382	1E10	1E-30	1E-10	1E10	1E-30	1E-10	1E10	1E-30	1E-10
122	3.27819021647412E-05	1E10	1063829.78723404	1E-30	1.85767443718057E-10	1E10	1E-30	1E10	1.4902239403368E-03	7.17210217713822E-04	1E10	7.56924231930761	1.00084201268387E-03	1E10	0.380472273340068	9.3466097382045E-04	1E10	4.03558182745877E-02	7.44891560897709E-04	1E10	4.99380063494783E-03	2.55769785403284E-03	1E10	1.77880154741185E-04	1E-30	1.27561813756752E-11	6.18007259995337E-02	1E-30	4.78803301213959E-11	1.99723577796922E-02	1E-30	4.7412680525476E-10	1.08057199159713E-02	7.29387811493395E-05	1.34859636790239E-10	4.95163655360749E-03	5.24978350267779E-05	8.77478803891873E-11	4.12724762855351E-03	2.33165278599478E-12	2.88482399252868E-10	44.698701010643	1E10	1E-30	1E-10	1E10	1E-30	1E-10	1E10	1E-30	1E-10	1E10	1E-30	1E-10
123	3.27819021647412E-05	1E10	1063829.78723404	1E-30	1.85767443718057E-10	1E10	1E-30	1E10	1.4902239403368E-03	7.17210217713822E-04	1E10	7.56924231930761	1.00084201268387E-03	1E10	0.380472273340068	9.3466097382045E-04	1E10	4.03558182745877E-02	7.44891560897709E-04	1E10	4.99380063494783E-03	2.55769785403284E-03	1E10	1.77880154741185E-04	1E-30	1.27561813756752E-11	6.18007259995337E-02	1E-30	4.78803301213959E-11	1.99723577796922E-02	1E-30	4.7412680525476E-10	1.08057199159713E-02	7.29387811493395E-05	1.34859636790239E-10	4.95163655360749E-03	5.24978350267779E-05	8.77478803891873E-11	4.12724762855351E-03	2.33165278599478E-12	2.88482399252868E-10	44.698701010643	1E10	1E-30	1E-10	1E10	1E-30	1E-10	1E10	1E-30	1E-10	1E10	1E-30	1E-10
124	3.27819021647412E-05	1E10	1063829.78723404	1E-30	1.85767443718057E-10	1E10	1E-30	1E10	1.4902239403368E-03	7.17210217713822E-04	1E10	7.56924231930761	1.00084201268387E-03	1E10	0.380472273340068	9.3466097382045E-04	1E10	4.03558182745877E-02	7.44891560897709E-04	1E10	4.99380063494783E-03	2.55769785403284E-03	1E10	1.77880154741185E-04	1E-30	1.27561813756752E-11	6.18007259995337E-02	1E-30	4.78803301213959E-11	1.99723577796922E-02	1E-30	4.7412680525476E-10	1.08057199159713E-02	7.29387811493395E-05	1.34859636790239E-10	4.95163655360749E-03	5.24978350267779E-05	8.77478803891873E-11	4.12724762855351E-03	2.33165278599478E-12	2.88482399252868E-10	44.698701010643	1E10	1E-30	1E-10	1E10	1E-30	1E-10	1E10	1E-30	1E-10	1E10	1E-30	1E-10
125	3.27819021647412E-05	1E10	1063829.78723404	1E-30	1.85767443718057E-10	1E10	1E-30	1E10	1.4902239403368E-03	7.17210217713822E-04	1E10	7.56924231930761	1.00084201268387E-03	1E10	0.380472273340068	9.3466097382045E-04	1E10	4.03558182745877E-02	7.44891560897709E-04	1E10	4.99380063494783E-03	2.55769785403284E-03	1E10	1.77880154741185E-04	1E-30	1.27561813756752E-11	6.18007259995337E-02	1E-30	4.78803301213959E-11	1.99723577796922E-02	1E-30	4.7412680525476E-10	1.08057199159713E-02	7.29387811493395E-05	1.34859636790239E-10	4.95163655360749E-03	5.24978350267779E-05	8.77478803891873E-11	4.12724762855351E-03	2.33165278599478E-12	2.88482399252868E-10	44.698701010643	1E10	1E-30	1E-10	1E10	1E-30	1E-10	1E10	1E-30	1E-10	1E10	1E-30	1E-10
126	6.89950455721716E-05	1E10	5E5	1E-30	5.34932198321813E-11	1E10	1E-30	1E10	1.06975656343743E-03	3.33622293608235E-03	1E10	1.59017094222114	3.49868413849752E-03	1E10	0.165723370394925	3.76205730310312E-03	1E10	1.81405919107793E-02	6.54762634863657E-03	1E10	9.3104027406983E-04	6.45348521608989E-03	1E10	1.28405718456838E-04	1E-30	8.78283827509308E-12	1.75049797139389E-02	1E-30	7.40770553410351E-11	1.71468323695051E-02	1E-30	5.84210216702537E-10	7.33553717195131E-03	1.60063058819384E-04	1.51217722706989E-10	2.88692822245837E-03	1.43586542193079E-04	8.05574434653877E-11	2.10534229848845E-03	4.29203755159879E-11	6.2484167317695E-11	2.64647202994183	1.83433686255333E-12	2.37481089676768E-10	82.5623682441896	1E10	1E-30	1E-10	1E10	1E-30	1E-10	1E10	1E-30	1E-10
127	6.89950455721716E-05	1E10	5E5	1E-30	5.34932198321813E-11	1E10	1E-30	1E10	1.06975656343743E-03	3.33622293608235E-03	1E10	1.59017094222114	3.49868413849752E-03	1E10	0.165723370394925	3.76205730310312E-03	1E10	1.81405919107793E-02	6.54762634863657E-03	1E10	9.3104027406983E-04	6.45348521608989E-03	1E10	1.28405718456838E-04	1E-30	8.78283827509308E-12	1.75049797139389E-02	1E-30	7.40770553410351E-11	1.71468323695051E-02	1E-30	5.84210216702537E-10	7.33553717195131E-03	1.60063058819384E-04	1.51217722706989E-10	2.88692822245837E-03	1.43586542193079E-04	8.05574434653877E-11	2.10534229848845E-03	4.29203755159879E-11	6.2484167317695E-11	2.64647202994183	1.83433686255333E-12	2.37481089676768E-10	82.5623682441896	1E10	1E-30	1E-10	1E10	1E-30	1E-10	1E10	1E-30	1E-10
128	6.89950455721716E-05	1E10	5E5	1E-30	5.34932198321813E-11	1E10	1E-30	1E10	1.06975656343743E-03	3.33622293608235E-03	1E10	1.59017094222114	3.49868413849752E-03	1E10	0.165723370394925	3.76205730310312E-03	1E10	1.81405919107793E-02	6.54762634863657E-03	1E10	9.3104027406983E-04	6.45348521608989E-03	1E10	1.28405718456838E-04	1E-30	8.78283827509308E-12	1.75049797139389E-02	1E-30	7.40770553410351E-11	1.71468323695051E-02	1E-30	5.84210216702537E-10	7.33553717195131E-03	1.60063058819384E-04	1.51217722706989E-10	2.88692822245837E-03	1.43586542193079E-04	8.05574434653877E-11	2.10534229848845E-03	4.29203755159879E-11	6.2484167317695E-11	2.64647202994183	1.83433686255333E-12	2.37481089676768E-10	82.5623682441896	1E10	1E-30	1E-10	1E10	1E-30	1E-10	1E10	1E-30	1E-10
129	6.89950455721716E-05	1E10	5E5	1E-30	5.34932198321813E-11	1E10	1E-30	1E10	1.06975656343743E-03	3.33622293608235E-03	1E10	1.59017094222114	3.49868413849752E-03	1E10	0.165723370394925	3.76205730310312E-03	1E10	1.81405919107793E-02	6.54762634863657E-03	1E10	9.3104027406983E-04	6.45348521608989E-03	1E10	1.28405718456838E-04	1E-30	8.78283827509308E-12	1.75049797139389E-02	1E-30	7.40770553410351E-11	1.71468323695051E-02	1E-30	5.84210216702537E-10	7.33553717195131E-03	1.60063058819384E-04	1.51217722706989E-10	2.88692822245837E-03	1.43586542193079E-04	8.05574434653877E-11	2.10534229848845E-03	4.29203755159879E-11	6.2484167317695E-11	2.64647202994183	1.83433686255333E-12	2.37481089676768E-10	82.5623682441896	1E10	1E-30	1E-10	1E10	1E-30	1E-10	1E10	1E-30	1E-10
130	6.89950455721716E-05	1E10	5E5	1E-30	5.34932198321813E-11	1E10	1E-30	1E10	1.06975656343743E-03	3.33622293608235E-03	1E10	1.59017094222114	3.49868413849752E-03	1E10	0.165723370394925	3.76205730310312E-03	1E10	1.81405919107793E-02	6.54762634863657E-03	1E10	9.3104027406983E-04	6.45348521608989E-03	1E10	1.28405718456838E-04	1E-30	8.78283827509308E-12	1.75049797139389E-02	1E-30	7.40770553410351E-11	1.71468323695051E-02	1E-30	5.84210216702537E-10	7.33553717195131E-03	1.60063058819384E-04	1.51217722706989E-10	2.88692822245837E-03	1.43586542193079E-04	8.05574434653877E-11	2.10534229848845E-03	4.29203755159879E-11	6.2484167317695E-11	2.64647202994183	1.83433686255333E-12	2.37481089676768E-10	82.5623682441896	1E10	1E-30	1E-10	1E10	1E-30	1E-10	1E10	1E-30	1E-10
131	6.89950455721716E-05	1E10	5E5	1E-30	5.34932198321813E-11	1E10	1E-30	1E10	1.06975656343743E-03	3.33622293608235E-03	1E10	1.59017094222114	3.49868413849752E-03	1E10	0.165723370394925	3.76205730310312E-03	1E10	1.81405919107793E-02	6.54762634863657E-03	1E10	9.3104027406983E-04	6.45348521608989E-03	1E10	1.28405718456838E-04	1E-30	8.78283827509308E-12	1.75049797139389E-02	1E-30	7.40770553410351E-11	1.71468323695051E-02	1E-30	5.84210216702537E-10	7.33553717195131E-03	1.60063058819384E-04	1.51217722706989E-10	2.88692822245837E-03	1.43586542193079E-04	8.05574434653877E-11	2.10534229848845E-03	4.29203755159879E-11	6.2484167317695E-11	2.64647202994183	1.83433686255333E-12	2.37481089676768E-10	82.5623682441896	1E10	1E-30	1E-10	1E10	1E-30	1E-10	1E10	1E-30	1E-10
132	6.89950455721716E-05	1E10	5E5	1E-30	5.34932198321813E-11	1E10	1E-30	1E10	1.06975656343743E-03	3.33622293608235E-03	1E10	1.59017094222114	3.49868413849752E-03	1E10	0.165723370394925	3.76205730310312E-03	1E10	1.81405919107793E-02	6.54762634863657E-03	1E10	9.3104027406983E-04	6.45348521608989E-03	1E10	1.28405718456838E-04	1E-30	8.78283827509308E-12	1.75049797139389E-02	1E-30	7.40770553410351E-11	1.71468323695051E-02	1E-30	5.84210216702537E-10	7.33553717195131E-03	1.60063058819384E-04	1.51217722706989E-10	2.88692822245837E-03	1.43586542193079E-04	8.05574434653877E-11	2.10534229848845E-03	4.29203755159879E-11	6.2484167317695E-11	2.64647202994183	1.83433686255333E-12	2.37481089676768E-10	82.5623682441896	1E10	1E-30	1E-10	1E10	1E-30	1E-10	1E10	1E-30	1E-10
133	6.89950455721716E-05	1E10	5E5	1E-30	5.34932198321813E-11	1E10	1E-30	1E10	1.06975656343743E-03	3.33622293608235E-03	1E10	1.59017094222114	3.49868413849752E-03	1E10	0.165723370394925	3.76205730310312E-03	1E10	1.81405919107793E-02	6.54762634863657E-03	1E10	9.3104027406983E-04	6.45348521608989E-03	1E10	1.28405718456838E-04	1E-30	8.78283827509308E-12	1.75049797139389E-02	1E-30	7.40770553410351E-11	1.71468323695051E-02	1E-30	5.84210216702537E-10	7.33553717195131E-03	1.60063058819384E-04	1.51217722706989E-10	2.88692822245837E-03	1.43586542193079E-04	8.05574434653877E-11	2.10534229848845E-03	4.29203755159879E-11	6.2484167317695E-11	2.64647202994183	1.83433686255333E-12	2.37481089676768E-10	82.5623682441896	1E10	1E-30	1E-10	1E10	1E-30	1E-10	1E10	1E-30	1E-10
134	6.89950455721716E-05	1E10	5E5	1E-30	5.34932198321813E-11	1E10	1E-30	1E10	1.06975656343743E-03	3.33622293608235E-03	1E10	1.59017094222114	3.49868413849752E-03	1E10	0.165723370394925	3.76205730310312E-03	1E10	1.81405919107793E-02	6.54762634863657E-03	1E10	9.3104027406983E-04	6.45348521608989E-03	1E10	1.28405718456838E-04	1E-30	8.78283827509308E-12	1.75049797139389E-02	1E-30	7.40770553410351E-11	1.71468323695051E-02	1E-30	5.84210216702537E-10	7.33553717195131E-03	1.60063058819384E-04	1.51217722706989E-10	2.88692822245837E-03	1.43586542193079E-04	8.05574434653877E-11	2.10534229848845E-03	4.29203755159879E-11	6.2484167317695E-11	2.64647202994183	1.83433686255333E-12	2.37481089676768E-10	82.5623682441896	1E10	1E-30	1E-10	1E10	1E-30	1E-10	1E10	1E-30	1E-10
135	1.7521712667227E-04	1E10	227272.727272727	1E-30	1.2839682179752E-10	1E10	1E-30	1E10	7.84197303333358E-04	1.11165184124326E-02	1E10	0.756362668281628	1.25420764725505E-02	1E10	0.133086665701094	9.81784585017665E-03	1E10	2.52250937942228E-02	1.35773522212888E-02	1E10	4.48086565367086E-03	1E-30	4.19024469406068E-11	2.31244114133039E-02	1E-30	8.4020261802203E-11	6.97753621351328E-03	1E-30	7.88596137478961E-10	4.62141702188278E-03	8.09055268565366E-04	1.01905116372514E-10	1.1371497806479E-03	6.58743995058511E-04	6.93816027445427E-11	1.03932812397665E-03	4.88768430626225E-11	6.27638473929317E-11	2.91258576536574	1.75532467822189E-12	2.05582931632376E-10	39.4074871316617	1E10	1E-30	1E-10	1E10	1E-30	1E-10	1E10	1E-30	1E-10	1E10	1E-30	1E-10
136	1.7521712667227E-04	1E10	227272.727272727	1E-30	1.2839682179752E-10	1E10	1E-30	1E10	7.84197303333358E-04	1.11165184124326E-02	1E10	0.756362668281628	1.25420764725505E-02	1E10	0.133086665701094	9.81784585017665E-03	1E10	2.52250937942228E-02	1.35773522212888E-02	1E10	4.48086565367086E-03	1E-30	4.19024469406068E-11	2.31244114133039E-02	1E-30	8.4020261802203E-11	6.97753621351328E-03	1E-30	7.88596137478961E-10	4.62141702188278E-03	8.09055268565366E-04	1.01905116372514E-10	1.1371497806479E-03	6.58743995058511E-04	6.93816027445427E-11	1.03932812397665E-03	4.88768430626225E-11	6.27638473929317E-11	2.91258576536574	1.75532467822189E-12	2.05582931632376E-10	39.4074871316617	1E10	1E-30	1E-10	1E10	1E-30	1E-10	1E10	1E-30	1E-10	1E10	1E-30	1E-10
137	1.7521712667227E-04	1E10	227272.727272727	1E-30	1.2839682179752E-10	1E10	1E-30	1E10	7.84197303333358E-04	1.11165184124326E-02	1E10	0.756362668281628	1.25420764725505E-02	1E10	0.133086665701094	9.81784585017665E-03	1E10	2.52250937942228E-02	1.35773522212888E-02	1E10	4.48086565367086E-03	1E-30	4.19024469406068E-11	2.31244114133039E-02	1E-30	8.4020261802203E-11	6.97753621351328E-03	1E-30	7.88596137478961E-10	4.62141702188278E-03	8.09055268565366E-04	1.01905116372514E-10	1.1371497806479E-03	6.58743995058511E-04	6.93816027445427E-11	1.03932812397665E-03	4.88768430626225E-11	6.27638473929317E-11	2.91258576536574	1.75532467822189E-12	2.05582931632376E-10	39.4074871316617	1E10	1E-30	1E-10	1E10	1E-30	1E-10	1E10	1E-30	1E-10	1E10	1E-30	1E-10
138	1.7521712667227E-04	1E10	227272.727272727	1E-30	1.2839682179752E-10	1E10	1E-30	1E10	7.84197303333358E-04	1.11165184124326E-02	1E10	0.756362668281628	1.25420764725505E-02	1E10	0.133086665701094	9.81784585017665E-03	1E10	2.52250937942228E-02	1.35773522212888E-02	1E10	4.48086565367086E-03	1E-30	4.19024469406068E-11	2.31244114133039E-02	1E-30	8.4020261802203E-11	6.97753621351328E-03	1E-30	7.88596137478961E-10	4.62141702188278E-03	8.09055268565366E-04	1.01905116372514E-10	1.1371497806479E-03	6.58743995058511E-04	6.93816027445427E-11	1.03932812397665E-03	4.88768430626225E-11	6.27638473929317E-11	2.91258576536574	1.75532467822189E-12	2.05582931632376E-10	39.4074871316617	1E10	1E-30	1E-10	1E10	1E-30	1E-10	1E10	1E-30	1E-10	1E10	1E-30	1E-10
139	2.4105601789262E-04	1E10	151515.151515152	1E-30	1.33513261176974E-10	1E10	1E-30	1E10	7.56285850283675E-04	1.38694171730796E-02	1E10	0.565306345343388	1.49845096406434E-02	1E10	9.63365876331221E-02	1.43732096121127E-02	1E10	1.61346959861089E-02	0.014894007944281	1E10	4.76526406940286E-03	1E-30	3.27423169041753E-11	2.58034672984085E-02	1E-30	8.75293455997385E-11	1.00361087729934E-02	1E-30	6.93815366936954E-10	4.35676794435778E-03	7.31823902477475E-04	1.68289311049283E-10	1.11427387174623E-03	6.22144729180832E-04	9.74390803315855E-11	9.06849515213353E-04	5.39230820955891E-11	6.00900863205822E-11	2.62812342459533	1.5872158013982E-12	1.99505780723248E-10	45.6801779639951	1E10	1E-30	1E-10	1E10	1E-30	1E-10	1E10	1E-30	1E-10	1E10	1E-30	1E-10
140	2.4105601789262E-04	1E10	151515.151515152	1E-30	1.33513261176974E-10	1E10	1E-30	1E10	7.56285850283675E-04	1.38694171730796E-02	1E10	0.565306345343388	1.49845096406434E-02	1E10	9.63365876331221E-02	1.43732096121127E-02	1E10	1.61346959861089E-02	0.014894007944281	1E10	4.76526406940286E-03	1E-30	3.27423169041753E-11	2.58034672984085E-02	1E-30	8.75293455997385E-11	1.00361087729934E-02	1E-30	6.93815366936954E-10	4.35676794435778E-03	7.31823902477475E-04	1.68289311049283E-10	1.11427387174623E-03	6.22144729180832E-04	9.74390803315855E-11	9.06849515213353E-04	5.39230820955891E-11	6.00900863205822E-11	2.62812342459533	1.5872158013982E-12	1.99505780723248E-10	45.6801779639951	1E10	1E-30	1E-10	1E10	1E-30	1E-10	1E10	1E-30	1E-10	1E10	1E-30	1E-10
141	2.4105601789262E-04	1E10	151515.151515152	1E-30	1.33513261176974E-10	1E10	1E-30	1E10	7.56285850283675E-04	1.38694171730796E-02	1E10	0.565306345343388	1.49845096406434E-02	1E10	9.63365876331221E-02	1.43732096121127E-02	1E10	1.61346959861089E-02	0.014894007944281	1E10	4.76526406940286E-03	1E-30	3.27423169041753E-11	2.58034672984085E-02	1E-30	8.75293455997385E-11	1.00361087729934E-02	1E-30	6.93815366936954E-10	4.35676794435778E-03	7.31823902477475E-04	1.68289311049283E-10	1.11427387174623E-03	6.22144729180832E-04	9.74390803315855E-11	9.06849515213353E-04	5.39230820955891E-11	6.00900863205822E-11	2.62812342459533	1.5872158013982E-12	1.99505780723248E-10	45.6801779639951	1E10	1E-30	1E-10	1E10	1E-30	1E-10	1E10	1E-30	1E-10	1E10	1E-30	1E-10
END DSCRDATA
