BEGIN DSCRDATA
% INDEX	K01	L01	M01	K02	L02	M02	K03	L03	M03	K04	L04	M04	K05	L05	M05	K06	L06	M06	K07	L07	M07	K08	L08	M08	K09	L09	M09	K10	L10	M10	K11	L11	M11	K12	L12	M12	K13	L13	M13	K14	L14	M14	K15	L15	M15	K16	L16	M16	K17	L17	M17	K18	L18	M18
0	0	0	0	0	0	0	0	0	0	0	0	0	0	0	0	0	0	0	0	0	0	0	0	0	0	0	0	0	0	0	0	0	0	0	0	0	0	0	0	0	0	0	0	0	0	0	0	0	0	0	0	0	0	0
1	1.76358687522025E-09	1E10	1E11	1E-30	1.47762559320364E-10	1E10	1E-30	1E10	7.52401518581113E-03	1E-30	4.73810311977082E-11	4.01978378324931	1E-30	3.92672955272301E-11	0.413246926506563	1E-30	6.03334753117741E-11	2.12514690500297E-02	1E-30	1.26918051840387E-10	6.42815372239663E-03	7.0985938607485E-09	1.75337646187003E-11	0.186735680434638	1.45851325731905E-09	2.92732343337404E-11	0.44897440451712	1.0877076447928E-12	2.25666268249084E-10	1E5	1E10	1E-30	1E-10	1E10	1E-30	1E-10	1E10	1E-30	1E-10	1E10	1E-30	1E-10	1E10	1E-30	1E-10	1E10	1E-30	1E-10	1E10	1E-30	1E-10	1E10	1E-30	1E-10
2	2.16873400553165E-09	1E10	1E11	1E-30	1.14815362149688E-10	1E10	1E-30	1E10	1.08144783729502E-02	1E-30	1.03779349246835E-10	1.83067783362689E-02	1.12873144093634E-08	1.95404762004422E-11	0.201001254863371	2.12818922785353E-09	4.10513309333139E-11	0.468112699461597	5.98759400480268E-10	3.52445154011569E-11	0.240464680419513	1.00216914282392E-11	4.1052869286565E-11	0.631380986381003	8.54139157665623E-13	2.94348848043561E-10	199526.231496888	1E10	1E-30	1E-10	1E10	1E-30	1E-10	1E10	1E-30	1E-10	1E10	1E-30	1E-10	1E10	1E-30	1E-10	1E10	1E-30	1E-10	1E10	1E-30	1E-10	1E10	1E-30	1E-10	1E10	1E-30	1E-10
3	2.67677011134642E-09	1E10	1E11	1E-30	2.05295512199298E-11	1E10	1E-30	1E10	6.76005431762942E-03	1E-30	6.95825233885745E-11	0.266889113313624	1E-30	5.70953974244504E-11	1.36382230079142E-02	1E-30	1.5361477058369E-10	5.13059790316921E-03	1.61596269397653E-08	1.72665987879217E-11	0.244956681357925	3.46269294139763E-09	3.30575036545007E-11	0.498419577072148	1.09089194162154E-12	3.03526835784619E-10	1E5	4.21230022401397E-12	7.25951608997243E-11	17.4241916891038	1E10	1E-30	1E-10	1E10	1E-30	1E-10	1E10	1E-30	1E-10	1E10	1E-30	1E-10	1E10	1E-30	1E-10	1E10	1E-30	1E-10	1E10	1E-30	1E-10	1E10	1E-30	1E-10
4	3.25204775603648E-09	1E10	1E11	1E-30	2.32488983002449E-10	1E10	1E-30	1E10	1.20259597228764E-02	1E-30	7.89089507033608E-11	0.472498351494536	1E-30	6.28781376971346E-11	1.10917647621879E-02	1.43292498282365E-08	2.65336103954678E-11	0.272757547260701	4.19254076233961E-09	3.80401050221909E-11	0.417883163602571	2.39507620174859E-09	2.34462531023858E-11	0.169937767770564	3.84960543449597E-11	1.21851333047364E-11	0.346164603847298	2.17446192992597E-12	1.11712154496031E-10	1E5	1E10	1E-30	1E-10	1E10	1E-30	1E-10	1E10	1E-30	1E-10	1E10	1E-30	1E-10	1E10	1E-30	1E-10	1E10	1E-30	1E-10	1E10	1E-30	1E-10	1E10	1E-30	1E-10
5	1.78803333210944E-08	1E10	55555555555.5556	1E-30	4.81056628870854E-11	1E10	1E-30	1E10	3.16857537679258E-03	1E-30	1.02161790190493E-10	19.8400484445441	1E-30	9.41483171954101E-11	0.170787471717211	1E-30	5.47520545204107E-11	5.10832559520754E-03	1E-30	1.07650832937252E-10	2.18879846655977E-03	5.60035353203802E-08	4.5921719236471E-11	0.27009989753078	2.23974485579984E-08	4.82637036101442E-11	0.264595727644021	1.09099086100137E-12	2.14861060772259E-10	1E5	1E10	1E-30	1E-10	1E10	1E-30	1E-10	1E10	1E-30	1E-10	1E10	1E-30	1E-10	1E10	1E-30	1E-10	1E10	1E-30	1E-10	1E10	1E-30	1E-10	1E10	1E-30	1E-10
6	2.20982250324221E-08	1E10	45454545454.5455	1E-30	1.31984579698387E-11	1E10	1E-30	1E10	3.14089364481576E-03	1E-30	1.58614687169931E-10	0.172548845918909	1E-30	5.80869924986599E-11	3.40969286521911E-03	5.15685020128608E-08	6.99642629367513E-11	0.2704284565451	3.75076353378446E-08	4.09147661653757E-11	0.263568747819719	9.40710423999289E-08	7.62429774636749E-12	6.56519644885273E-02	1.0450440607157E-07	4.65952541646928E-12	0.106899061219302	1.8297626087092E-11	1.02059104868936E-11	0.289937325447498	6.68990688079076E-13	2.76120681019666E-10	1E5	1E10	1E-30	1E-10	1E10	1E-30	1E-10	1E10	1E-30	1E-10	1E10	1E-30	1E-10	1E10	1E-30	1E-10	1E10	1E-30	1E-10	1E10	1E-30	1E-10
7	4.73798900513142E-07	1E10	106382978.723404	1E-30	1.56710479699784E-10	1E10	1E-30	1E10	6.9512033149975E-03	6.41007304390013E-05	1E10	70.9380775536747	8.14027224127913E-05	1E10	10.0202697887926	7.17084614206831E-05	1E10	2.23391491979376	5.31237487741412E-05	1E10	0.315548869570162	7.77897753057681E-05	1E10	3.45992455301312E-02	3.74571997246369E-05	1E10	1.45789218590575E-02	1.16559768991986E-04	1E10	7.74700263591438E-04	1E-30	1.35565260386661E-10	0.042020701503422	1E-30	1.25455109234317E-11	2.93775165013138E-02	1.64896746911942E-06	4.44582122644063E-11	2.43165837632781E-02	5.80335982200661E-07	5.42984110772463E-11	2.44286517386434E-02	1.36177754235403E-11	7.1051742939164E-11	9.54551315671898	2.22714325697774E-12	1.56843363840957E-10	25.6511708550629	1E10	1E-30	1E-10	1E10	1E-30	1E-10
8	1.0243005573323E-06	1E10	5E7	1E-30	8.5778339193488E-11	1E10	1E-30	1E10	4.89140109086424E-03	2.35556045059467E-05	1E10	303.811789614305	1.12445380354731E-04	1E10	3.03973479518813	1.13580658843478E-04	1E10	0.299939365668271	9.25784022337561E-05	1E10	3.66441262949923E-02	6.76325104003454E-05	1E10	5.28715799164126E-03	1E-30	1.83624883658301E-11	5.34440348557144E-02	1E-30	1.99184755194168E-10	3.68552518958051E-02	2.42574429699694E-06	7.07949965572174E-11	1.57216155223806E-02	1.83495755851907E-06	4.21057129960415E-11	1.57095939945652E-02	1.51248746768588E-11	7.39264071350329E-11	8.52690738610247	1.91437575815678E-12	1.76152442993647E-10	33.7481753621684	1E10	1E-30	1E-10	1E10	1E-30	1E-10	1E10	1E-30	1E-10	1E10	1E-30	1E-10
9	1.0243005573323E-06	1E10	5E7	1E-30	8.5778339193488E-11	1E10	1E-30	1E10	4.89140109086424E-03	2.35556045059467E-05	1E10	303.811789614305	1.12445380354731E-04	1E10	3.03973479518813	1.13580658843478E-04	1E10	0.299939365668271	9.25784022337561E-05	1E10	3.66441262949923E-02	6.76325104003454E-05	1E10	5.28715799164126E-03	1E-30	1.83624883658301E-11	5.34440348557144E-02	1E-30	1.99184755194168E-10	3.68552518958051E-02	2.42574429699694E-06	7.07949965572174E-11	1.57216155223806E-02	1.83495755851907E-06	4.21057129960415E-11	1.57095939945652E-02	1.51248746768588E-11	7.39264071350329E-11	8.52690738610247	1.91437575815678E-12	1.76152442993647E-10	33.7481753621684	1E10	1E-30	1E-10	1E10	1E-30	1E-10	1E10	1E-30	1E-10	1E10	1E-30	1E-10
10	1.01139839440037E-06	1E10	5E7	1E-30	7.42101020797792E-11	1E10	1E-30	1E10	3.95140651612182E-03	2.826916741662E-05	1E10	236.257638717773	1.58177484951683E-04	1E10	1.59934681685278	1.60030030436004E-04	1E10	0.145110788703233	1.34741192374905E-04	1E10	1.68036686722961E-02	1.32426354555977E-04	1E10	1.80421051683443E-03	1E-30	1.84772785604794E-10	3.32251203439648E-02	1E-30	1.31542568508846E-11	2.59357105655916E-02	3.3923521348945E-06	4.78423027028119E-11	1.84815538523132E-02	1.96359932363215E-06	3.6685667356689E-11	1.81899109690772E-02	1.19177128102758E-11	9.44033445952785E-11	9.28461286655495	1.86976240113022E-12	1.62114471883116E-10	46.3693222021814	1E10	1E-30	1E-10	1E10	1E-30	1E-10	1E10	1E-30	1E-10	1E10	1E-30	1E-10
11	2.18163608363659E-06	1E10	22727272.7272727	1E-30	9.47336449758768E-11	1E10	1E-30	1E10	3.18375929842457E-03	8.46967973309677E-05	1E10	78.8554815865047	2.4182102076392E-04	1E10	1.64675485963927	2.10501731112309E-04	1E10	0.189005920126701	2.0174020920967E-04	1E10	2.01064771223912E-02	1.8338739859877E-04	1E10	3.14959493475447E-03	1E-30	2.47111497452099E-11	2.96546529100466E-02	1E-30	2.39254454975935E-10	0.027055095261077	6.03747518802668E-06	6.27886354617733E-11	1.18097578654626E-02	4.07165030005213E-06	4.3659697689125E-11	1.03210578620239E-02	8.01133658627283E-12	8.48561565365927E-11	10.3764710905469	2.97340529984217E-12	1.02049782257452E-10	25.5014200762448	1E10	1E-30	1E-10	1E10	1E-30	1E-10	1E10	1E-30	1E-10	1E10	1E-30	1E-10
12	1.646261259934E-06	1E10	22727272.7272727	1E-30	7.13580414197507E-11	1E10	1E-30	1E10	5.67418842696863E-03	2.63402129490881E-05	1E10	201.409334844178	4.26208890760667E-05	1E10	7.11916322528448	3.98509302307232E-05	1E10	0.690705025308087	3.03312613911411E-05	1E10	0.093612012258294	2.44962118865117E-05	1E10	1.10526616627897E-02	1E-30	1.73630658075139E-11	2.84698595148834E-02	1E-30	1.81068964204267E-10	2.66125999090096E-02	6.55210466050566E-06	2.93414426661495E-11	7.54731998826539E-03	2.69805696240077E-06	3.13990085570505E-11	1.00106629741815E-02	7.78873261587707E-12	1.47964131018403E-10	21.1546226302727	2.07856421896301E-12	1.83588198925746E-10	37.175235047004	1E10	1E-30	1E-10	1E10	1E-30	1E-10	1E10	1E-30	1E-10	1E10	1E-30	1E-10
13	1.74500156515595E-06	1E10	22727272.7272727	1E-30	9.23124718245904E-11	1E10	1E-30	1E10	6.1197302531283E-03	1.55395229360966E-05	1E10	365.814735214766	4.23109222143072E-05	1E10	6.79110430228195	3.83277084136794E-05	1E10	0.763290486756635	2.95193583759308E-05	1E10	9.81015988948899E-02	2.58254307626064E-05	1E10	1.11449098070968E-02	1E-30	2.40488449909616E-11	3.46971749468467E-02	1E-30	1.47829122731291E-10	2.44338127798373E-02	5.56366583202556E-06	3.51621228338683E-11	7.94792747227758E-03	1.79166977529815E-06	5.25630772538212E-11	1.08857975360881E-02	1.18427178880291E-11	1.10581584019565E-10	17.4086251874989	1.91779800217062E-12	1.92802648259485E-10	35.2756172214647	1E10	1E-30	1E-10	1E10	1E-30	1E-10	1E10	1E-30	1E-10	1E10	1E-30	1E-10
14	1.646261259934E-06	1E10	22727272.7272727	1E-30	7.13580414197507E-11	1E10	1E-30	1E10	5.67418842696863E-03	2.63402129490881E-05	1E10	201.409334844178	4.26208890760667E-05	1E10	7.11916322528448	3.98509302307232E-05	1E10	0.690705025308087	3.03312613911411E-05	1E10	0.093612012258294	2.44962118865117E-05	1E10	1.10526616627897E-02	1E-30	1.73630658075139E-11	2.84698595148834E-02	1E-30	1.81068964204267E-10	2.66125999090096E-02	6.55210466050566E-06	2.93414426661495E-11	7.54731998826539E-03	2.69805696240077E-06	3.13990085570505E-11	1.00106629741815E-02	7.78873261587707E-12	1.47964131018403E-10	21.1546226302727	2.07856421896301E-12	1.83588198925746E-10	37.175235047004	1E10	1E-30	1E-10	1E10	1E-30	1E-10	1E10	1E-30	1E-10	1E10	1E-30	1E-10
15	1.646261259934E-06	1E10	22727272.7272727	1E-30	7.13580414197507E-11	1E10	1E-30	1E10	5.67418842696863E-03	2.63402129490881E-05	1E10	201.409334844178	4.26208890760667E-05	1E10	7.11916322528448	3.98509302307232E-05	1E10	0.690705025308087	3.03312613911411E-05	1E10	0.093612012258294	2.44962118865117E-05	1E10	1.10526616627897E-02	1E-30	1.73630658075139E-11	2.84698595148834E-02	1E-30	1.81068964204267E-10	2.66125999090096E-02	6.55210466050566E-06	2.93414426661495E-11	7.54731998826539E-03	2.69805696240077E-06	3.13990085570505E-11	1.00106629741815E-02	7.78873261587707E-12	1.47964131018403E-10	21.1546226302727	2.07856421896301E-12	1.83588198925746E-10	37.175235047004	1E10	1E-30	1E-10	1E10	1E-30	1E-10	1E10	1E-30	1E-10	1E10	1E-30	1E-10
16	1.74500156515595E-06	1E10	22727272.7272727	1E-30	9.23124718245904E-11	1E10	1E-30	1E10	6.1197302531283E-03	1.55395229360966E-05	1E10	365.814735214766	4.23109222143072E-05	1E10	6.79110430228195	3.83277084136794E-05	1E10	0.763290486756635	2.95193583759308E-05	1E10	9.81015988948899E-02	2.58254307626064E-05	1E10	1.11449098070968E-02	1E-30	2.40488449909616E-11	3.46971749468467E-02	1E-30	1.47829122731291E-10	2.44338127798373E-02	5.56366583202556E-06	3.51621228338683E-11	7.94792747227758E-03	1.79166977529815E-06	5.25630772538212E-11	1.08857975360881E-02	1.18427178880291E-11	1.10581584019565E-10	17.4086251874989	1.91779800217062E-12	1.92802648259485E-10	35.2756172214647	1E10	1E-30	1E-10	1E10	1E-30	1E-10	1E10	1E-30	1E-10	1E10	1E-30	1E-10
17	2.18163608363659E-06	1E10	22727272.7272727	1E-30	9.47336449758768E-11	1E10	1E-30	1E10	3.18375929842457E-03	8.46967973309677E-05	1E10	78.8554815865047	2.4182102076392E-04	1E10	1.64675485963927	2.10501731112309E-04	1E10	0.189005920126701	2.0174020920967E-04	1E10	2.01064771223912E-02	1.8338739859877E-04	1E10	3.14959493475447E-03	1E-30	2.47111497452099E-11	2.96546529100466E-02	1E-30	2.39254454975935E-10	0.027055095261077	6.03747518802668E-06	6.27886354617733E-11	1.18097578654626E-02	4.07165030005213E-06	4.3659697689125E-11	1.03210578620239E-02	8.01133658627283E-12	8.48561565365927E-11	10.3764710905469	2.97340529984217E-12	1.02049782257452E-10	25.5014200762448	1E10	1E-30	1E-10	1E10	1E-30	1E-10	1E10	1E-30	1E-10	1E10	1E-30	1E-10
18	1.85074137353481E-06	1E10	22727272.7272727	1E-30	4.56059752082726E-11	1E10	1E-30	1E10	4.83375018025891E-03	1.7693976280537E-05	1E10	386.254396858233	5.66607139073032E-05	1E10	8.48729725737177	4.91968127172847E-05	1E10	0.98665591232515	3.91412582836883E-05	1E10	0.122578121914922	2.91592429697937E-05	1E10	1.64416291230113E-02	1E-30	7.29793569169607E-12	4.41409953330558E-02	1E-30	2.21851163788664E-11	3.12332890158762E-02	1E-30	2.40198069755301E-10	3.07801542075843E-02	5.46105951406702E-06	4.73055599368325E-11	1.20062883994065E-02	2.77785115490667E-06	4.64819915157135E-11	1.18067112914907E-02	8.94337343035753E-12	8.6401028039957E-11	10.1917509464881	1.61233859567328E-12	1.32851478815698E-10	72.9208871329847	1E10	1E-30	1E-10	1E10	1E-30	1E-10	1E10	1E-30	1E-10
19	3.42191465142565E-06	1E10	10638297.8723404	1E-30	1.17088118510007E-10	1E10	1E-30	1E10	3.76583195077069E-03	7.12494803553281E-05	1E10	74.4589959571981	1.04300482434493E-04	1E10	3.78590645677041	8.28055594705373E-05	1E10	0.451105743318016	6.88374399492041E-05	1E10	5.04312280347545E-02	6.09809939979375E-05	1E10	6.43448509531555E-03	1E-30	9.82747641050165E-12	7.87530845988019E-02	1E-30	2.41294981245249E-11	3.07398402753571E-02	1E-30	2.71130079772473E-10	2.46480064652777E-02	9.32586001335884E-06	5.45669054201488E-11	7.48507533213616E-03	6.0835463894378E-06	4.10063059236776E-11	6.61829729952429E-03	1.3721099441151E-11	4.93594377916299E-11	8.07628705018758	3.65711344364255E-12	7.78016889665592E-11	28.2230978291723	1E10	1E-30	1E-10	1E10	1E-30	1E-10	1E10	1E-30	1E-10
20	3.42191465142565E-06	1E10	10638297.8723404	1E-30	1.17088118510007E-10	1E10	1E-30	1E10	3.76583195077069E-03	7.12494803553281E-05	1E10	74.4589959571981	1.04300482434493E-04	1E10	3.78590645677041	8.28055594705373E-05	1E10	0.451105743318016	6.88374399492041E-05	1E10	5.04312280347545E-02	6.09809939979375E-05	1E10	6.43448509531555E-03	1E-30	9.82747641050165E-12	7.87530845988019E-02	1E-30	2.41294981245249E-11	3.07398402753571E-02	1E-30	2.71130079772473E-10	2.46480064652777E-02	9.32586001335884E-06	5.45669054201488E-11	7.48507533213616E-03	6.0835463894378E-06	4.10063059236776E-11	6.61829729952429E-03	1.3721099441151E-11	4.93594377916299E-11	8.07628705018758	3.65711344364255E-12	7.78016889665592E-11	28.2230978291723	1E10	1E-30	1E-10	1E10	1E-30	1E-10	1E10	1E-30	1E-10
21	3.52149758899186E-06	1E10	10638297.8723404	1E-30	6.1063202307211E-11	1E10	1E-30	1E10	3.69271815713203E-03	5.82711251874225E-05	1E10	95.3334857466773	1.33866678423647E-04	1E10	4.20732374012809	1.10162718780797E-04	1E10	0.47473762133461	9.23334264298237E-05	1E10	5.64656323438596E-02	7.70122029796547E-05	1E10	6.72879528187725E-03	1E-30	7.85592277375964E-12	4.03827055602445E-02	1E-30	2.44776036818111E-11	0.025488069899309	1E-30	2.6795064623156E-10	0.022176081885771	1.0209763973308E-05	5.22481644869537E-11	5.90788839216147E-03	6.28632195677368E-06	4.31880840672682E-11	6.03389236823676E-03	9.27301548019991E-12	8.46496874540811E-11	11.1859919913678	1.59601876623578E-12	1.35293120609624E-10	43.587622128999	1E10	1E-30	1E-10	1E10	1E-30	1E-10	1E10	1E-30	1E-10
22	3.51731460049073E-06	1E10	10638297.8723404	1E-30	7.88218624011447E-11	1E10	1E-30	1E10	3.9589476908858E-03	4.93032799738826E-05	1E10	112.673831952778	9.2694266333866E-05	1E10	3.88511004771386	8.77312814214889E-05	1E10	0.402694999472886	6.57767113859206E-05	1E10	5.09422270314392E-02	6.31233902025644E-05	1E10	5.53560192329828E-03	1E-30	9.24487818201382E-12	5.24734657222457E-02	1E-30	2.82263017418203E-11	2.90722602447313E-02	1E-30	2.88990594147905E-10	2.35417401881285E-02	9.86743603465808E-06	5.10121619556433E-11	8.08752003254397E-03	9.41754698684514E-06	2.59863088941745E-11	6.28364939735567E-03	9.22158870393136E-12	6.66453563669337E-11	7.73037300568768	2.20391872233594E-12	1.06684887550509E-10	112.542828072273	1E10	1E-30	1E-10	1E10	1E-30	1E-10	1E10	1E-30	1E-10
23	3.51731460049073E-06	1E10	10638297.8723404	1E-30	7.88218624011447E-11	1E10	1E-30	1E10	3.9589476908858E-03	4.93032799738826E-05	1E10	112.673831952778	9.2694266333866E-05	1E10	3.88511004771386	8.77312814214889E-05	1E10	0.402694999472886	6.57767113859206E-05	1E10	5.09422270314392E-02	6.31233902025644E-05	1E10	5.53560192329828E-03	1E-30	9.24487818201382E-12	5.24734657222457E-02	1E-30	2.82263017418203E-11	2.90722602447313E-02	1E-30	2.88990594147905E-10	2.35417401881285E-02	9.86743603465808E-06	5.10121619556433E-11	8.08752003254397E-03	9.41754698684514E-06	2.59863088941745E-11	6.28364939735567E-03	9.22158870393136E-12	6.66453563669337E-11	7.73037300568768	2.20391872233594E-12	1.06684887550509E-10	112.542828072273	1E10	1E-30	1E-10	1E10	1E-30	1E-10	1E10	1E-30	1E-10
24	3.42191465142565E-06	1E10	10638297.8723404	1E-30	1.17088118510007E-10	1E10	1E-30	1E10	3.76583195077069E-03	7.12494803553281E-05	1E10	74.4589959571981	1.04300482434493E-04	1E10	3.78590645677041	8.28055594705373E-05	1E10	0.451105743318016	6.88374399492041E-05	1E10	5.04312280347545E-02	6.09809939979375E-05	1E10	6.43448509531555E-03	1E-30	9.82747641050165E-12	7.87530845988019E-02	1E-30	2.41294981245249E-11	3.07398402753571E-02	1E-30	2.71130079772473E-10	2.46480064652777E-02	9.32586001335884E-06	5.45669054201488E-11	7.48507533213616E-03	6.0835463894378E-06	4.10063059236776E-11	6.61829729952429E-03	1.3721099441151E-11	4.93594377916299E-11	8.07628705018758	3.65711344364255E-12	7.78016889665592E-11	28.2230978291723	1E10	1E-30	1E-10	1E10	1E-30	1E-10	1E10	1E-30	1E-10
25	3.42191465142565E-06	1E10	10638297.8723404	1E-30	1.17088118510007E-10	1E10	1E-30	1E10	3.76583195077069E-03	7.12494803553281E-05	1E10	74.4589959571981	1.04300482434493E-04	1E10	3.78590645677041	8.28055594705373E-05	1E10	0.451105743318016	6.88374399492041E-05	1E10	5.04312280347545E-02	6.09809939979375E-05	1E10	6.43448509531555E-03	1E-30	9.82747641050165E-12	7.87530845988019E-02	1E-30	2.41294981245249E-11	3.07398402753571E-02	1E-30	2.71130079772473E-10	2.46480064652777E-02	9.32586001335884E-06	5.45669054201488E-11	7.48507533213616E-03	6.0835463894378E-06	4.10063059236776E-11	6.61829729952429E-03	1.3721099441151E-11	4.93594377916299E-11	8.07628705018758	3.65711344364255E-12	7.78016889665592E-11	28.2230978291723	1E10	1E-30	1E-10	1E10	1E-30	1E-10	1E10	1E-30	1E-10
26	3.52149758899186E-06	1E10	10638297.8723404	1E-30	6.1063202307211E-11	1E10	1E-30	1E10	3.69271815713203E-03	5.82711251874225E-05	1E10	95.3334857466773	1.33866678423647E-04	1E10	4.20732374012809	1.10162718780797E-04	1E10	0.47473762133461	9.23334264298237E-05	1E10	5.64656323438596E-02	7.70122029796547E-05	1E10	6.72879528187725E-03	1E-30	7.85592277375964E-12	4.03827055602445E-02	1E-30	2.44776036818111E-11	0.025488069899309	1E-30	2.6795064623156E-10	0.022176081885771	1.0209763973308E-05	5.22481644869537E-11	5.90788839216147E-03	6.28632195677368E-06	4.31880840672682E-11	6.03389236823676E-03	9.27301548019991E-12	8.46496874540811E-11	11.1859919913678	1.59601876623578E-12	1.35293120609624E-10	43.587622128999	1E10	1E-30	1E-10	1E10	1E-30	1E-10	1E10	1E-30	1E-10
27	2.83375936874113E-06	1E10	10638297.8723404	1E-30	1.17604489683791E-10	1E10	1E-30	1E10	4.3777860550387E-03	5.4317834070402E-05	1E10	97.6689306656401	8.82097647356859E-05	1E10	4.58804940266503	8.1373155846483E-05	1E10	0.503334492691016	6.62129122162922E-05	1E10	6.09898731561818E-02	5.3064352920075E-05	1E10	7.45642729123781E-03	1E-30	3.09180039785512E-11	3.59607587296736E-02	1E-30	2.29731846121464E-10	2.27560925096177E-02	9.79802187005958E-06	4.27204055117725E-11	6.69059717065283E-03	3.73252486312665E-06	5.26936217194131E-11	8.25692755614405E-03	8.4887378284833E-12	1.11878192106544E-10	14.043286320648	3.16671348630344E-12	1.06773167933132E-10	29.8789070144213	1E10	1E-30	1E-10	1E10	1E-30	1E-10	1E10	1E-30	1E-10	1E10	1E-30	1E-10
28	3.52149758899186E-06	1E10	10638297.8723404	1E-30	6.1063202307211E-11	1E10	1E-30	1E10	3.69271815713203E-03	5.82711251874225E-05	1E10	95.3334857466773	1.33866678423647E-04	1E10	4.20732374012809	1.10162718780797E-04	1E10	0.47473762133461	9.23334264298237E-05	1E10	5.64656323438596E-02	7.70122029796547E-05	1E10	6.72879528187725E-03	1E-30	7.85592277375964E-12	4.03827055602445E-02	1E-30	2.44776036818111E-11	0.025488069899309	1E-30	2.6795064623156E-10	0.022176081885771	1.0209763973308E-05	5.22481644869537E-11	5.90788839216147E-03	6.28632195677368E-06	4.31880840672682E-11	6.03389236823676E-03	9.27301548019991E-12	8.46496874540811E-11	11.1859919913678	1.59601876623578E-12	1.35293120609624E-10	43.587622128999	1E10	1E-30	1E-10	1E10	1E-30	1E-10	1E10	1E-30	1E-10
29	7.07637260073691E-06	1E10	5E6	1E-30	1.87168989664642E-10	1E10	1E-30	1E10	3.12063730934724E-03	3.58718233768455E-04	1E10	10.5102405672224	4.68480094257886E-04	1E10	1.12822618174145	5.185345742045E-04	1E10	0.18512763176085	8.43936662222931E-04	1E10	4.10534475467017E-02	3.69444882551589E-04	1E10	2.53306673568731E-02	2.35566280994748E-04	1E10	5.47534045588796E-03	1E-30	1.7638297794332E-11	0.100114095230623	1E-30	2.35874788807242E-11	2.01404890271621E-02	1E-30	2.71370692541285E-10	1.69164625001621E-02	1.61994380527735E-05	8.0792856447586E-11	5.8942758944807E-03	9.59443194656157E-06	5.88044292686669E-11	5.18013199306985E-03	8.27803649352336E-12	7.57413567645417E-11	20.2762747627108	7.43507863923447E-12	4.89294085008749E-11	12.9182777420106	1E10	1E-30	1E-10	1E10	1E-30	1E-10
30	8.64396807519423E-06	1E10	5E6	1E-30	1.11394005688898E-10	1E10	1E-30	1E10	2.17645947494936E-03	3.36639969299376E-04	1E10	16.8862493662379	5.14209781658797E-04	1E10	1.17736500058712	5.77372091169838E-04	1E10	9.22815100259725E-02	5.76829819838497E-04	1E10	8.52653203394635E-03	5.41869436820931E-04	1E10	1.47168165471628E-03	1E-30	9.28128529359551E-12	0.117777567703195	1E-30	3.87426345774131E-11	2.81057112187565E-02	1E-30	3.37699855943767E-10	1.45518867623225E-02	2.14103747422112E-05	6.85231678091409E-11	4.16969124922737E-03	3.41196679186458E-05	2.29554534226158E-11	3.1573410298243E-03	6.71673930723974E-12	8.80762343407376E-11	10.979189086732	5.19671356008275E-12	6.19882114140255E-11	19.2257220421039	1E10	1E-30	1E-10	1E10	1E-30	1E-10	1E10	1E-30	1E-10
31	8.64396807519423E-06	1E10	5E6	1E-30	1.11394005688898E-10	1E10	1E-30	1E10	2.17645947494936E-03	3.36639969299376E-04	1E10	16.8862493662379	5.14209781658797E-04	1E10	1.17736500058712	5.77372091169838E-04	1E10	9.22815100259725E-02	5.76829819838497E-04	1E10	8.52653203394635E-03	5.41869436820931E-04	1E10	1.47168165471628E-03	1E-30	9.28128529359551E-12	0.117777567703195	1E-30	3.87426345774131E-11	2.81057112187565E-02	1E-30	3.37699855943767E-10	1.45518867623225E-02	2.14103747422112E-05	6.85231678091409E-11	4.16969124922737E-03	3.41196679186458E-05	2.29554534226158E-11	3.1573410298243E-03	6.71673930723974E-12	8.80762343407376E-11	10.979189086732	5.19671356008275E-12	6.19882114140255E-11	19.2257220421039	1E10	1E-30	1E-10	1E10	1E-30	1E-10	1E10	1E-30	1E-10
32	8.64396807519423E-06	1E10	5E6	1E-30	1.11394005688898E-10	1E10	1E-30	1E10	2.17645947494936E-03	3.36639969299376E-04	1E10	16.8862493662379	5.14209781658797E-04	1E10	1.17736500058712	5.77372091169838E-04	1E10	9.22815100259725E-02	5.76829819838497E-04	1E10	8.52653203394635E-03	5.41869436820931E-04	1E10	1.47168165471628E-03	1E-30	9.28128529359551E-12	0.117777567703195	1E-30	3.87426345774131E-11	2.81057112187565E-02	1E-30	3.37699855943767E-10	1.45518867623225E-02	2.14103747422112E-05	6.85231678091409E-11	4.16969124922737E-03	3.41196679186458E-05	2.29554534226158E-11	3.1573410298243E-03	6.71673930723974E-12	8.80762343407376E-11	10.979189086732	5.19671356008275E-12	6.19882114140255E-11	19.2257220421039	1E10	1E-30	1E-10	1E10	1E-30	1E-10	1E10	1E-30	1E-10
33	8.64396807519423E-06	1E10	5E6	1E-30	1.11394005688898E-10	1E10	1E-30	1E10	2.17645947494936E-03	3.36639969299376E-04	1E10	16.8862493662379	5.14209781658797E-04	1E10	1.17736500058712	5.77372091169838E-04	1E10	9.22815100259725E-02	5.76829819838497E-04	1E10	8.52653203394635E-03	5.41869436820931E-04	1E10	1.47168165471628E-03	1E-30	9.28128529359551E-12	0.117777567703195	1E-30	3.87426345774131E-11	2.81057112187565E-02	1E-30	3.37699855943767E-10	1.45518867623225E-02	2.14103747422112E-05	6.85231678091409E-11	4.16969124922737E-03	3.41196679186458E-05	2.29554534226158E-11	3.1573410298243E-03	6.71673930723974E-12	8.80762343407376E-11	10.979189086732	5.19671356008275E-12	6.19882114140255E-11	19.2257220421039	1E10	1E-30	1E-10	1E10	1E-30	1E-10	1E10	1E-30	1E-10
34	8.64396807519423E-06	1E10	5E6	1E-30	1.11394005688898E-10	1E10	1E-30	1E10	2.17645947494936E-03	3.36639969299376E-04	1E10	16.8862493662379	5.14209781658797E-04	1E10	1.17736500058712	5.77372091169838E-04	1E10	9.22815100259725E-02	5.76829819838497E-04	1E10	8.52653203394635E-03	5.41869436820931E-04	1E10	1.47168165471628E-03	1E-30	9.28128529359551E-12	0.117777567703195	1E-30	3.87426345774131E-11	2.81057112187565E-02	1E-30	3.37699855943767E-10	1.45518867623225E-02	2.14103747422112E-05	6.85231678091409E-11	4.16969124922737E-03	3.41196679186458E-05	2.29554534226158E-11	3.1573410298243E-03	6.71673930723974E-12	8.80762343407376E-11	10.979189086732	5.19671356008275E-12	6.19882114140255E-11	19.2257220421039	1E10	1E-30	1E-10	1E10	1E-30	1E-10	1E10	1E-30	1E-10
35	6.52221849074781E-06	1E10	5E6	1E-30	2.11293229632545E-10	1E10	1E-30	1E10	3.01887015591647E-03	2.83717275240674E-04	1E10	34.7901492024919	2.28787991247852E-04	1E10	8.22745757818737	2.01802817793665E-04	1E10	0.938031717458279	2.03940837535492E-04	1E10	9.48563220018424E-02	1.62758227457317E-04	1E10	1.34466323604071E-02	3.01649437432233E-04	1E10	1.3247126197553E-03	1E-30	1.85160989690345E-11	9.96661541510599E-02	1E-30	2.87460299343961E-11	2.30298794150665E-02	1E-30	2.72109183099492E-10	1.96701447840642E-02	2.71646375285239E-05	4.42369520459866E-11	4.04775918908027E-03	5.95643154162868E-06	9.83954387868455E-11	5.26896328031864E-03	8.79534852061203E-12	7.07772882086021E-11	11.1790296662371	1E10	1E-30	1E-10	1E10	1E-30	1E-10	1E10	1E-30	1E-10
36	6.49324097548766E-06	1E10	5E6	1E-30	1.55427376029023E-10	1E10	1E-30	1E10	3.00364498197397E-03	1.15330915062289E-04	1E10	45.9995029681728	1.94376853068534E-04	1E10	1.68935337634228	1.75057562332408E-04	1E10	0.12983129543533	1.35992538301216E-04	1E10	1.20679917185425E-02	5.67687689907015E-04	1E10	2.28689218539412E-04	1E-30	4.13088380264741E-11	3.52989157784338E-02	1E-30	3.29608353997933E-10	1.74654093921254E-02	2.89761046583482E-05	4.14054156513715E-11	4.75591651346831E-03	1.56016623437657E-05	3.94586921141317E-11	4.16463266385581E-03	6.41700244491412E-12	1.03960953996161E-10	10.1198630234957	1E10	1E-30	1E-10	1E10	1E-30	1E-10	1E10	1E-30	1E-10	1E10	1E-30	1E-10	1E10	1E-30	1E-10
37	7.02983359292382E-06	1E10	5E6	1E-30	1.4196683417367E-10	1E10	1E-30	1E10	3.01703862345911E-03	1.74909473447164E-04	1E10	30.3309172749434	1.95995458301863E-04	1E10	2.25408419754476	1.88835701763053E-04	1E10	0.22536426402142	1.55977464017553E-04	1E10	2.57134409572396E-02	1.36542998965587E-04	1E10	3.08787351539332E-03	1E-30	1.55153531188089E-11	0.105401477801609	1E-30	3.9236269394481E-11	0.031434133858281	1E-30	3.62049781575806E-10	1.71368410699018E-02	1.61327166849097E-05	7.22498896914367E-11	4.78187667857789E-03	3.70183259796915E-05	1.70572991220218E-11	2.87992286301857E-03	7.97692963626189E-12	8.679214244804E-11	10.7065754145284	7.81918836063812E-12	4.01874680266077E-11	17.6380173235002	1E10	1E-30	1E-10	1E10	1E-30	1E-10	1E10	1E-30	1E-10
38	1.70206181946941E-05	1E10	2272727.27272727	1E-30	1.60118967609736E-10	1E10	1E-30	1E10	2.11079627614133E-03	6.6731167870997E-04	1E10	7.95005533244324	7.65010572702281E-04	1E10	0.774178575972406	7.02564852675535E-04	1E10	9.99484689284272E-02	6.44908017255839E-04	1E10	1.24198261841337E-02	6.19122678860411E-04	1E10	1.96857386104605E-03	1E-30	1.61503900270339E-11	5.44233395466582E-02	1E-30	3.65632791349571E-11	2.01523071511049E-02	1E-30	3.36699507653957E-10	1.33861029085961E-02	5.82675704631975E-05	6.4082856801607E-11	3.34594591041664E-03	2.26350936830075E-05	8.310135625701E-11	3.60655849411557E-03	4.76510898329101E-12	8.45808830670639E-11	14.7265955425725	1E10	1E-30	1E-10	1E10	1E-30	1E-10	1E10	1E-30	1E-10	1E10	1E-30	1E-10
39	1.40917781872707E-05	1E10	2272727.27272727	1E-30	6.91155659053595E-11	1E10	1E-30	1E10	2.43411509620605E-03	2.82646161712055E-04	1E10	20.1120242843528	3.84902630116227E-04	1E10	1.3900871007747	3.51860939204947E-04	1E10	0.152264303451314	2.64026861478548E-04	1E10	1.93455168640045E-02	3.46169192297529E-04	1E10	1.96425546520409E-03	1E-30	1.53260508899632E-11	8.38474496894139E-02	1E-30	4.59218726138556E-11	0.025016171247012	1E-30	3.74557763559107E-10	1.39423806435595E-02	3.42719291103713E-05	7.22658032987893E-11	3.39214261636088E-03	7.49901706698172E-05	1.79155717232863E-11	2.21301783778149E-03	1.15292086438695E-11	7.31648379454454E-11	8.61196388634574	2.58124598523342E-12	1.01983999292027E-10	50.3785431938134	1E10	1E-30	1E-10	1E10	1E-30	1E-10	1E10	1E-30	1E-10
40	1.39441251484636E-05	1E10	2272727.27272727	1E-30	1.3320477231231E-10	1E10	1E-30	1E10	2.8180184506704E-03	2.6542413521795E-04	1E10	20.9294813297081	3.54791393040172E-04	1E10	1.45815683180724	3.16003064399533E-04	1E10	0.166198562928413	3.14911399192723E-04	1E10	1.69084301993615E-02	3.13809675347496E-04	1E10	3.36686155031175E-03	1E-30	1.23718231688738E-11	7.31389485604996E-02	1E-30	4.63082854379308E-11	2.87097327547525E-02	1E-30	3.31433877402045E-10	1.45365635202234E-02	3.74907156773699E-05	6.72545415576282E-11	2.86463964961863E-03	2.57037368731794E-05	4.9127265826734E-11	2.48387764533567E-03	1.18612944152386E-11	6.41827377143236E-11	8.46753786198699	5.63071112989412E-12	4.84686153745681E-11	36.6395516583174	1E10	1E-30	1E-10	1E10	1E-30	1E-10	1E10	1E-30	1E-10
41	1.70206181946941E-05	1E10	2272727.27272727	1E-30	1.60118967609736E-10	1E10	1E-30	1E10	2.11079627614133E-03	6.6731167870997E-04	1E10	7.95005533244324	7.65010572702281E-04	1E10	0.774178575972406	7.02564852675535E-04	1E10	9.99484689284272E-02	6.44908017255839E-04	1E10	1.24198261841337E-02	6.19122678860411E-04	1E10	1.96857386104605E-03	1E-30	1.61503900270339E-11	5.44233395466582E-02	1E-30	3.65632791349571E-11	2.01523071511049E-02	1E-30	3.36699507653957E-10	1.33861029085961E-02	5.82675704631975E-05	6.4082856801607E-11	3.34594591041664E-03	2.26350936830075E-05	8.310135625701E-11	3.60655849411557E-03	4.76510898329101E-12	8.45808830670639E-11	14.7265955425725	1E10	1E-30	1E-10	1E10	1E-30	1E-10	1E10	1E-30	1E-10	1E10	1E-30	1E-10
42	1.70206181946941E-05	1E10	2272727.27272727	1E-30	1.60118967609736E-10	1E10	1E-30	1E10	2.11079627614133E-03	6.6731167870997E-04	1E10	7.95005533244324	7.65010572702281E-04	1E10	0.774178575972406	7.02564852675535E-04	1E10	9.99484689284272E-02	6.44908017255839E-04	1E10	1.24198261841337E-02	6.19122678860411E-04	1E10	1.96857386104605E-03	1E-30	1.61503900270339E-11	5.44233395466582E-02	1E-30	3.65632791349571E-11	2.01523071511049E-02	1E-30	3.36699507653957E-10	1.33861029085961E-02	5.82675704631975E-05	6.4082856801607E-11	3.34594591041664E-03	2.26350936830075E-05	8.310135625701E-11	3.60655849411557E-03	4.76510898329101E-12	8.45808830670639E-11	14.7265955425725	1E10	1E-30	1E-10	1E10	1E-30	1E-10	1E10	1E-30	1E-10	1E10	1E-30	1E-10
43	3.55417108917961E-05	1E10	1063829.78723404	1E-30	9.04857635402841E-11	1E10	1E-30	1E10	1.62162590955004E-03	1.31066598487755E-03	1E10	4.04768631439342	1.7537992666447E-03	1E10	0.357408490464943	2.34016983807085E-03	1E10	2.89635089573429E-02	2.97024369739779E-03	1E10	2.18370869515026E-03	1E-30	1.39321221269194E-11	6.33981911682374E-02	1E-30	6.6229482981811E-11	2.53062139900553E-02	1E-30	3.96516162982983E-10	9.41392436564755E-03	3.10667809372999E-05	2.17628070986438E-10	2.50686081548919E-03	2.00479683605214E-11	5.82582949653783E-11	6.41559127048913	2.17444276706717E-12	1.21539714652247E-10	25.8505921212419	1E10	1E-30	1E-10	1E10	1E-30	1E-10	1E10	1E-30	1E-10	1E10	1E-30	1E-10	1E10	1E-30	1E-10
END DSCRDATA
