BEGIN DSCRDATA
% INDEX	K01	L01	M01	K02	L02	M02	K03	L03	M03	K04	L04	M04	K05	L05	M05	K06	L06	M06	K07	L07	M07	K08	L08	M08	K09	L09	M09	K10	L10	M10	K11	L11	M11	K12	L12	M12	K13	L13	M13	K14	L14	M14	K15	L15	M15	K16	L16	M16	K17	L17	M17	K18	L18	M18
0	0	0	0	0	0	0	0	0	0	0	0	0	0	0	0	0	0	0	0	0	0	0	0	0	0	0	0	0	0	0	0	0	0	0	0	0	0	0	0	0	0	0	0	0	0	0	0	0	0	0	0	0	0	0
1	3.98314911665676E-09	1E10	1E11	1E-30	9.8298877806977E-12	1E10	1E-30	1E10	7.73625355520995E-03	1E-30	1.03506622714932E-10	0.504162234992112	1E-30	8.03835998119178E-11	1.75546361945598E-02	1E-30	2.06135339484804E-10	3.90336094350129E-03	1.85149140733624E-08	3.88203148325997E-11	0.308536987364488	4.74620652592302E-09	5.00389711464382E-11	0.461569066416612	8.0224769575866E-13	5.829272963954E-10	931.441561121742	1E10	1E-30	1E-10	1E10	1E-30	1E-10	1E10	1E-30	1E-10	1E10	1E-30	1E-10	1E10	1E-30	1E-10	1E10	1E-30	1E-10	1E10	1E-30	1E-10	1E10	1E-30	1E-10	1E10	1E-30	1E-10
2	4.67184058853517E-09	1E10	1E11	1E-30	6.50264412931279E-11	1E10	1E-30	1E10	8.82369474221438E-03	1E-30	1.28988584436717E-10	0.456241434695	1E-30	1.10509801309854E-10	1.44373621694291E-02	2.52103173567685E-08	3.45209761936377E-11	0.285057032025914	6.69534749873601E-09	4.48626673129992E-11	0.39856585802266	7.43190294131319E-08	2.08440637316506E-12	1.68158706367561E-02	8.56143699144484E-09	9.6735657390615E-12	0.103924072884362	9.74542589041189E-13	3.84964351103481E-10	19952623.1496888	2.76929263567537E-12	1.07332212074664E-10	27.6006264410462	1E10	1E-30	1E-10	1E10	1E-30	1E-10	1E10	1E-30	1E-10	1E10	1E-30	1E-10	1E10	1E-30	1E-10	1E10	1E-30	1E-10	1E10	1E-30	1E-10
3	5.69665985436103E-09	1E10	1E11	1E-30	6.6117793064068E-11	1E10	1E-30	1E10	8.22339444715537E-03	1E-30	1.32041355511782E-10	0.427287533291845	1E-30	7.94119378508092E-11	0.012924675608527	2.52361243538405E-08	4.36479746898484E-11	0.366116875549591	7.85422728305513E-09	5.25567815496517E-11	0.53007715748465	9.49853782904669E-13	4.43474035508887E-10	207.516884660959	1E10	1E-30	1E-10	1E10	1E-30	1E-10	1E10	1E-30	1E-10	1E10	1E-30	1E-10	1E10	1E-30	1E-10	1E10	1E-30	1E-10	1E10	1E-30	1E-10	1E10	1E-30	1E-10	1E10	1E-30	1E-10	1E10	1E-30	1E-10
4	6.73375292911126E-09	1E10	1E11	1E-30	5E-11	1E10	1E-30	1E10	9.566748400738E-3	1E-30	1.11293579597582E-10	0.319700659502384	1E-30	1.31637077439469E-10	1.23638540543121E-02	3.37631759105405E-08	3.53345769651842E-11	0.172489979228548	8.3420296281503E-09	4.63982402444794E-11	0.331760758945839	1.30481359215065E-07	1.69625261720308E-12	1.04790106051987E-02	1.03175724971522E-08	9.94614205234017E-12	8.98857788489331E-02	8.81356955577798E-13	5.96389156936433E-10	1E3	1E10	1E-30	1E-10	1E10	1E-30	1E-10	1E10	1E-30	1E-10	1E10	1E-30	1E-10	1E10	1E-30	1E-10	1E10	1E-30	1E-10	1E10	1E-30	1E-10	1E10	1E-30	1E-10
5	8.1184779473708E-09	1E10	1E11	1E-30	3.1311748999233E-11	1E10	1E-30	1E10	6.88380591154479E-03	1E-30	1.85957910749359E-11	0.497469051549518	1E-30	1.15123004914301E-10	0.275065129764412	1E-30	4.31729168743043E-11	7.17261556793779E-03	1E-30	1.41239381618484E-10	4.97066177573098E-03	4.68503554819379E-08	3.19918043709342E-11	0.201841765078282	1.14268769175692E-08	4.74077704077376E-11	0.321604038141127	7.65387192713375E-13	5.60829961331278E-10	641.533413468147	1E10	1E-30	1E-10	1E10	1E-30	1E-10	1E10	1E-30	1E-10	1E10	1E-30	1E-10	1E10	1E-30	1E-10	1E10	1E-30	1E-10	1E10	1E-30	1E-10	1E10	1E-30	1E-10
6	9.98491084468511E-09	1E10	1E11	1E-30	1.14815362149688E-10	1E10	1E-30	1E10	7.67348990277468E-03	1E-30	1.22734864458191E-10	0.353585684282677	1E-30	1.01406840470334E-10	1.21700295814099E-02	4.35060008152356E-08	4.53481034765056E-11	0.198178054848629	1.14747326463177E-08	6.51265229149931E-11	0.313607712761258	9.30249960812446E-08	4.06140546511011E-12	2.31088718581929E-02	9.06489100850353E-09	2.3264947816229E-11	0.147725952954662	1.28254281302877E-12	3.51681453916618E-10	1E5	7.16052264284052E-12	6.17391202129215E-11	14.5256781811677	1E10	1E-30	1E-10	1E10	1E-30	1E-10	1E10	1E-30	1E-10	1E10	1E-30	1E-10	1E10	1E-30	1E-10	1E10	1E-30	1E-10	1E10	1E-30	1E-10
7	1.78791625334698E-08	1E10	55555555555.5556	1E-30	4.79894020498907E-11	1E10	1E-30	1E10	6.36746896144722E-03	1E-30	2.83986342952284E-11	1.0969602212613	1E-30	1.01631323962681E-10	0.181300349283656	1E-30	5.18907858102965E-11	7.67729518298934E-03	1E-30	1.81969361137384E-10	2.92165426334502E-03	8.58996822799709E-08	2.98516119086691E-11	0.157291552311111	1.76133184259806E-08	5.80238264055052E-11	0.234708824656028	8.4624786270364E-13	4.64300910541929E-10	1175.1535830326	1E10	1E-30	1E-10	1E10	1E-30	1E-10	1E10	1E-30	1E-10	1E10	1E-30	1E-10	1E10	1E-30	1E-10	1E10	1E-30	1E-10	1E10	1E-30	1E-10	1E10	1E-30	1E-10
8	2.20074261003029E-08	1E10	45454545454.5455	1E-30	5E-11	1E10	1E-30	1E10	6.49150591896176E-03	1E-30	1.24702076158049E-10	0.20447141241022	1E-30	1.00537181245879E-11	0.165140398755698	1E-30	7.77389478153987E-11	6.57345064054606E-03	7.51634667519245E-08	4.71824398881961E-11	0.179724142332438	2.55091160524382E-08	5.57056654371644E-11	0.252439735403557	9.33048511269597E-08	6.86530207992121E-12	3.04711876143347E-02	3.45966283696835E-08	1.12466997754271E-11	6.19890003138226E-02	8.75319163209823E-13	4.28939880231429E-10	1E3	1E10	1E-30	1E-10	1E10	1E-30	1E-10	1E10	1E-30	1E-10	1E10	1E-30	1E-10	1E10	1E-30	1E-10	1E10	1E-30	1E-10	1E10	1E-30	1E-10
9	5.61409867686097E-08	1E10	17857142857.1429	1E-30	1.36460309991072E-11	1E10	1E-30	1E10	3.43864912632352E-03	1E-30	1.80428932316438E-10	0.128110821192567	1E-30	5.95691971989601E-12	3.28652360532459E-02	1E-30	1.86904312814112E-10	3.16248705971886E-03	2.36854240310149E-07	5.8722653062246E-11	0.211973981939149	8.92799486692062E-08	7.00889758401352E-11	0.191720581140676	1.47106565018572E-07	2.12251144291185E-11	6.25944706864648E-02	1.13890362788337E-07	1.68539826374693E-11	7.15516302316418E-02	9.38891052178097E-13	5.2890522754089E-10	776.015868293702	1E10	1E-30	1E-10	1E10	1E-30	1E-10	1E10	1E-30	1E-10	1E10	1E-30	1E-10	1E10	1E-30	1E-10	1E10	1E-30	1E-10	1E10	1E-30	1E-10
10	6.66091395823751E-08	1E10	14705882352.9412	1E-30	2.87719968668578E-12	1E10	1E-30	1E10	3.97092137895784E-03	1E-30	1.6084378619349E-11	0.279469933465643	1E-30	1.83369567449457E-10	0.130662835427742	1E-30	2.89253145898608E-11	6.1647356837128E-03	2.14081462897975E-07	7.46633654030186E-11	0.168223754140347	8.34202610831103E-08	8.56357137571781E-11	0.192359032129213	2.68465655505876E-07	1.30648800466815E-11	3.28835530269454E-02	1.21159541777142E-07	1.83970816473918E-11	5.41525546751293E-02	2.22771539517636E-07	5.0774131840685E-12	1.86935359717999E-02	7.40971522244991E-13	4.93891414355161E-10	724.43596007499	1E10	1E-30	1E-10	1E10	1E-30	1E-10	1E10	1E-30	1E-10	1E10	1E-30	1E-10	1E10	1E-30	1E-10	1E10	1E-30	1E-10
11	8.16541884140887E-08	1E10	12195121951.2195	1E-30	1.60115685357523E-10	1E10	1E-30	1E10	3.14364297623895E-03	1E-30	1.92370819842393E-10	0.147181419220278	1E-30	1.69394651953404E-10	2.86921088243846E-03	2.22524165065043E-07	9.69449084487279E-11	0.218246717165694	1.26489769158154E-07	8.03129600086553E-11	0.194810076579857	2.25966908242449E-07	2.30943801726167E-11	6.90131893766328E-02	1.30481963672126E-07	2.61273916724637E-11	8.41088073995162E-02	1.33076453279974E-12	2.96107364017917E-10	199.658283172746	1E10	1E-30	1E-10	1E10	1E-30	1E-10	1E10	1E-30	1E-10	1E10	1E-30	1E-10	1E10	1E-30	1E-10	1E10	1E-30	1E-10	1E10	1E-30	1E-10	1E10	1E-30	1E-10
12	9.74597469214771E-08	1E10	1E10	1E-30	2.30056852739901E-11	1E10	1E-30	1E10	3.57228952921169E-03	1E-30	1.81574350605601E-11	0.24340347403269	1E-30	1.72553795710638E-10	0.128396832093747	1E-30	4.95274182724938E-11	1.19930284636587E-02	2.05877714176049E-07	1.26177330626047E-10	0.190264856163632	1.87132306963083E-07	6.52642246579545E-11	0.177698638527334	5.49383061133355E-07	1.18365012411284E-11	5.06674943962252E-02	1.38499273067394E-07	2.97907021113182E-11	5.84823908735482E-02	1.34611783972867E-07	1.69872028516209E-11	3.93030871995721E-02	8.47247081156451E-13	4.01497074448984E-10	501.187233627273	1E10	1E-30	1E-10	1E10	1E-30	1E-10	1E10	1E-30	1E-10	1E10	1E-30	1E-10	1E10	1E-30	1E-10	1E10	1E-30	1E-10
13	9.74597469214771E-08	1E10	1E10	1E-30	2.30056852739901E-11	1E10	1E-30	1E10	3.57228952921169E-03	1E-30	1.81574350605601E-11	0.24340347403269	1E-30	1.72553795710638E-10	0.128396832093747	1E-30	4.95274182724938E-11	1.19930284636587E-02	2.05877714176049E-07	1.26177330626047E-10	0.190264856163632	1.87132306963083E-07	6.52642246579545E-11	0.177698638527334	5.49383061133355E-07	1.18365012411284E-11	5.06674943962252E-02	1.38499273067394E-07	2.97907021113182E-11	5.84823908735482E-02	1.34611783972867E-07	1.69872028516209E-11	3.93030871995721E-02	8.47247081156451E-13	4.01497074448984E-10	501.187233627273	1E10	1E-30	1E-10	1E10	1E-30	1E-10	1E10	1E-30	1E-10	1E10	1E-30	1E-10	1E10	1E-30	1E-10	1E10	1E-30	1E-10
14	1.2066544752633E-07	1E10	8333333333.33333	1E-30	1.42419485982465E-10	1E10	1E-30	1E10	2.2757090142359E-03	1E-30	2.22608356062233E-10	0.101271760834755	1E-30	7.52370900788908E-11	1.64219733077821E-03	1E-30	5.12310717601942E-10	1.31339759276148E-03	4.0047007346245E-07	7.8286699270657E-11	0.135108991642778	2.01877220165363E-07	7.30215725296411E-11	0.132712025945152	7.99793637163042E-07	9.30507735641792E-12	3.22236248131452E-02	3.29654494566615E-07	1.48037516576152E-11	5.04495471571916E-02	8.28324475235329E-13	4.20383240720418E-10	199.526231496888	1E10	1E-30	1E-10	1E10	1E-30	1E-10	1E10	1E-30	1E-10	1E10	1E-30	1E-10	1E10	1E-30	1E-10	1E10	1E-30	1E-10	1E10	1E-30	1E-10
15	1.2066544752633E-07	1E10	8333333333.33333	1E-30	1.42419485982465E-10	1E10	1E-30	1E10	2.2757090142359E-03	1E-30	2.22608356062233E-10	0.101271760834755	1E-30	7.52370900788908E-11	1.64219733077821E-03	1E-30	5.12310717601942E-10	1.31339759276148E-03	4.0047007346245E-07	7.8286699270657E-11	0.135108991642778	2.01877220165363E-07	7.30215725296411E-11	0.132712025945152	7.99793637163042E-07	9.30507735641792E-12	3.22236248131452E-02	3.29654494566615E-07	1.48037516576152E-11	5.04495471571916E-02	8.28324475235329E-13	4.20383240720418E-10	199.526231496888	1E10	1E-30	1E-10	1E10	1E-30	1E-10	1E10	1E-30	1E-10	1E10	1E-30	1E-10	1E10	1E-30	1E-10	1E10	1E-30	1E-10	1E10	1E-30	1E-10
16	2.13657534040633E-06	1E10	22727272.7272727	1E-30	4.3030406165837E-11	1E10	1E-30	1E10	4.09513320863087E-03	4.56662047678128E-04	1E10	5.45485432665836	4.28560554458189E-04	1E10	0.844856903487512	2.95420410027687E-04	1E10	0.176311887607005	2.52774630652513E-04	1E10	2.75496853350747E-02	1.79372801464272E-04	1E10	4.71868548407616E-03	1E-30	2.33259934564766E-11	0.059298268072812	1E-30	3.38148125710106E-10	0.033346045888094	1E-30	1.90177742489283E-11	1.67146407509991E-02	5.97612734869065E-06	9.74386285868665E-11	1.56657563163292E-02	3.5468232040729E-06	7.24308876040622E-11	1.44750108108678E-02	2.68195103485998E-11	4.31497393856234E-11	3.91146358524786	1.06103295394597E-12	3.22785849970042E-10	150	1E10	1E-30	1E-10	1E10	1E-30	1E-10	1E10	1E-30	1E-10
17	2.13657534040633E-06	1E10	22727272.7272727	1E-30	4.3030406165837E-11	1E10	1E-30	1E10	4.09513320863087E-03	4.56662047678128E-04	1E10	5.45485432665836	4.28560554458189E-04	1E10	0.844856903487512	2.95420410027687E-04	1E10	0.176311887607005	2.52774630652513E-04	1E10	2.75496853350747E-02	1.79372801464272E-04	1E10	4.71868548407616E-03	1E-30	2.33259934564766E-11	0.059298268072812	1E-30	3.38148125710106E-10	0.033346045888094	1E-30	1.90177742489283E-11	1.67146407509991E-02	5.97612734869065E-06	9.74386285868665E-11	1.56657563163292E-02	3.5468232040729E-06	7.24308876040622E-11	1.44750108108678E-02	2.68195103485998E-11	4.31497393856234E-11	3.91146358524786	1.06103295394597E-12	3.22785849970042E-10	150	1E10	1E-30	1E-10	1E10	1E-30	1E-10	1E10	1E-30	1E-10
18	2.10142189951509E-06	1E10	22727272.7272727	1E-30	5.36329694682953E-11	1E10	1E-30	1E10	3.9689254780255E-03	8.86666362267027E-05	1E10	77.0794565702092	2.33084757125982E-04	1E10	1.46667917470009	2.26704646206368E-04	1E10	0.144268590781339	2.00636108537416E-04	1E10	1.62656738128138E-02	1.18521370094443E-04	1E10	2.55023676427027E-03	1E-30	1.68197245786608E-11	7.24401706545842E-02	1E-30	4.68700070038328E-11	0.036499361254766	1E-30	3.88916262235618E-10	3.35245204594834E-02	5.49594372503084E-06	8.68905288282578E-11	1.33918676221666E-02	3.32976331183919E-06	6.45127086893424E-11	1.07103058709001E-02	3.02710071007783E-11	6.06229802628629E-11	3.05552444903663	1.35570595630386E-12	2.97399103296817E-10	136.431808587324	1E10	1E-30	1E-10	1E10	1E-30	1E-10	1E10	1E-30	1E-10
19	3.20449590665959E-06	1E10	15151515.1515152	1E-30	1.22900403454603E-10	1E10	1E-30	1E10	4.32974152353749E-03	7.28471555801124E-04	1E10	6.2664444719018	7.67453228583638E-04	1E10	0.89793050475744	4.63611419050584E-04	1E10	0.247837351275772	4.29408426131584E-04	1E10	3.62556801355271E-02	2.47133183130583E-04	1E10	5.9593293496377E-03	1E-30	5.13852044777746E-11	4.36999487242251E-02	1E-30	3.71338339756122E-10	2.40477702880837E-02	1.97355738049652E-05	4.46170455343741E-11	5.57826393927539E-03	7.25085943740138E-06	5.1331380878606E-11	6.75917736277277E-03	3.14803966630168E-11	7.06298306488326E-11	6.98824470784063	1.38241079114624E-12	4.29959543850035E-10	57.9352216561365	1E10	1E-30	1E-10	1E10	1E-30	1E-10	1E10	1E-30	1E-10	1E10	1E-30	1E-10
20	4.47569617231075E-06	1E10	10638297.8723404	1E-30	1.9399177048479E-11	1E10	1E-30	1E10	3.31833422754054E-03	8.724258375274E-04	1E10	4.09206188073937	8.77894674098662E-04	1E10	0.59614641698509	7.82120614826948E-04	1E10	0.122736923038194	7.73573583912271E-04	1E10	2.87223824455838E-02	6.67475913686693E-04	1E10	7.55813298069904E-03	6.5415407363506E-04	1E10	1.57459938351664E-03	1E-30	1.29002437340057E-11	8.10546218885403E-02	1E-30	5.3355086295361E-11	3.72488771415902E-02	1E-30	3.81268685734113E-10	2.11430918415675E-02	1.37592347365342E-05	8.90646789503146E-11	8.26224018888507E-03	7.91032074848571E-06	7.18784099321181E-11	7.73842699898701E-03	1.46287891149488E-11	7.85634042726461E-11	5.43978527003506	9.94718394324347E-13	3.52453853213886E-10	160	1E10	1E-30	1E-10	1E10	1E-30	1E-10
21	4.47569617231075E-06	1E10	10638297.8723404	1E-30	1.9399177048479E-11	1E10	1E-30	1E10	3.31833422754054E-03	8.724258375274E-04	1E10	4.09206188073937	8.77894674098662E-04	1E10	0.59614641698509	7.82120614826948E-04	1E10	0.122736923038194	7.73573583912271E-04	1E10	2.87223824455838E-02	6.67475913686693E-04	1E10	7.55813298069904E-03	6.5415407363506E-04	1E10	1.57459938351664E-03	1E-30	1.29002437340057E-11	8.10546218885403E-02	1E-30	5.3355086295361E-11	3.72488771415902E-02	1E-30	3.81268685734113E-10	2.11430918415675E-02	1.37592347365342E-05	8.90646789503146E-11	8.26224018888507E-03	7.91032074848571E-06	7.18784099321181E-11	7.73842699898701E-03	1.46287891149488E-11	7.85634042726461E-11	5.43978527003506	9.94718394324347E-13	3.52453853213886E-10	160	1E10	1E-30	1E-10	1E10	1E-30	1E-10
22	4.47569617231075E-06	1E10	10638297.8723404	1E-30	1.9399177048479E-11	1E10	1E-30	1E10	3.31833422754054E-03	8.724258375274E-04	1E10	4.09206188073937	8.77894674098662E-04	1E10	0.59614641698509	7.82120614826948E-04	1E10	0.122736923038194	7.73573583912271E-04	1E10	2.87223824455838E-02	6.67475913686693E-04	1E10	7.55813298069904E-03	6.5415407363506E-04	1E10	1.57459938351664E-03	1E-30	1.29002437340057E-11	8.10546218885403E-02	1E-30	5.3355086295361E-11	3.72488771415902E-02	1E-30	3.81268685734113E-10	2.11430918415675E-02	1.37592347365342E-05	8.90646789503146E-11	8.26224018888507E-03	7.91032074848571E-06	7.18784099321181E-11	7.73842699898701E-03	1.46287891149488E-11	7.85634042726461E-11	5.43978527003506	9.94718394324347E-13	3.52453853213886E-10	160	1E10	1E-30	1E-10	1E10	1E-30	1E-10
23	4.47569617231075E-06	1E10	10638297.8723404	1E-30	1.9399177048479E-11	1E10	1E-30	1E10	3.31833422754054E-03	8.724258375274E-04	1E10	4.09206188073937	8.77894674098662E-04	1E10	0.59614641698509	7.82120614826948E-04	1E10	0.122736923038194	7.73573583912271E-04	1E10	2.87223824455838E-02	6.67475913686693E-04	1E10	7.55813298069904E-03	6.5415407363506E-04	1E10	1.57459938351664E-03	1E-30	1.29002437340057E-11	8.10546218885403E-02	1E-30	5.3355086295361E-11	3.72488771415902E-02	1E-30	3.81268685734113E-10	2.11430918415675E-02	1.37592347365342E-05	8.90646789503146E-11	8.26224018888507E-03	7.91032074848571E-06	7.18784099321181E-11	7.73842699898701E-03	1.46287891149488E-11	7.85634042726461E-11	5.43978527003506	9.94718394324347E-13	3.52453853213886E-10	160	1E10	1E-30	1E-10	1E10	1E-30	1E-10
24	4.47569617231075E-06	1E10	10638297.8723404	1E-30	1.9399177048479E-11	1E10	1E-30	1E10	3.31833422754054E-03	8.724258375274E-04	1E10	4.09206188073937	8.77894674098662E-04	1E10	0.59614641698509	7.82120614826948E-04	1E10	0.122736923038194	7.73573583912271E-04	1E10	2.87223824455838E-02	6.67475913686693E-04	1E10	7.55813298069904E-03	6.5415407363506E-04	1E10	1.57459938351664E-03	1E-30	1.29002437340057E-11	8.10546218885403E-02	1E-30	5.3355086295361E-11	3.72488771415902E-02	1E-30	3.81268685734113E-10	2.11430918415675E-02	1.37592347365342E-05	8.90646789503146E-11	8.26224018888507E-03	7.91032074848571E-06	7.18784099321181E-11	7.73842699898701E-03	1.46287891149488E-11	7.85634042726461E-11	5.43978527003506	9.94718394324347E-13	3.52453853213886E-10	160	1E10	1E-30	1E-10	1E10	1E-30	1E-10
25	4.59619207945641E-06	1E10	10638297.8723404	1E-30	1.1670488218322E-11	1E10	1E-30	1E10	3.15810770614114E-03	6.60421317063429E-04	1E10	6.55603830308074	9.24915290663221E-04	1E10	1.01621369519032	7.02412406410645E-04	1E10	0.283271693315757	5.69834059347928E-04	1E10	5.63603508378906E-02	7.81542723688654E-04	1E10	7.07778560586631E-03	4.82098075507591E-04	1E10	2.68976742387569E-03	1E-30	1.27199365935654E-11	3.91439650331237E-02	1E-30	4.14431228298011E-11	2.89327578275384E-02	1E-30	3.68159344516114E-10	0.021876265574903	1.56005270763002E-05	8.52232499241772E-11	8.45887987993072E-03	6.66235388552346E-06	9.04815203397204E-11	8.91769111552929E-03	1.87578651470759E-11	6.5172908500186E-11	4.46563395489107	9.94718394324347E-13	3.78714915150257E-10	160	1E10	1E-30	1E-10	1E10	1E-30	1E-10
26	9.52011660808367E-06	1E10	5E6	1E-30	9.2695112232432E-11	1E10	1E-30	1E10	2.56234890297841E-03	1.24502334694982E-03	1E10	2.63754927151328	1.71222775823363E-03	1E10	0.376039805101243	1.17178552615477E-03	1E10	8.46475584344298E-02	1.28574614035589E-03	1E10	1.11795003247985E-02	1.10082942725793E-03	1E10	2.06946264547891E-03	1E-30	2.31200917304397E-11	7.11491016957397E-02	1E-30	6.45957997433966E-11	2.71732533783826E-02	1E-30	4.77748487458843E-10	1.79116947610155E-02	2.96156999014427E-05	1.06620073244688E-10	5.48157607548944E-03	1.77531484815462E-05	8.05417318778983E-11	5.09650249494456E-03	2.07124896330778E-11	4.06294986757724E-11	2.84592901497864	1.36731050766233E-12	2.50481819576753E-10	97	1E10	1E-30	1E-10	1E10	1E-30	1E-10	1E10	1E-30	1E-10
27	9.52011660808367E-06	1E10	5E6	1E-30	9.2695112232432E-11	1E10	1E-30	1E10	2.56234890297841E-03	1.24502334694982E-03	1E10	2.63754927151328	1.71222775823363E-03	1E10	0.376039805101243	1.17178552615477E-03	1E10	8.46475584344298E-02	1.28574614035589E-03	1E10	1.11795003247985E-02	1.10082942725793E-03	1E10	2.06946264547891E-03	1E-30	2.31200917304397E-11	7.11491016957397E-02	1E-30	6.45957997433966E-11	2.71732533783826E-02	1E-30	4.77748487458843E-10	1.79116947610155E-02	2.96156999014427E-05	1.06620073244688E-10	5.48157607548944E-03	1.77531484815462E-05	8.05417318778983E-11	5.09650249494456E-03	2.07124896330778E-11	4.06294986757724E-11	2.84592901497864	1.36731050766233E-12	2.50481819576753E-10	97	1E10	1E-30	1E-10	1E10	1E-30	1E-10	1E10	1E-30	1E-10
28	8.09635716058398E-06	1E10	5E6	1E-30	5.92604615354027E-11	1E10	1E-30	1E10	3.17938254494199E-03	4.70528152398311E-04	1E10	11.2749146734135	4.77786724175862E-04	1E10	1.23770097626478	4.38506393646653E-04	1E10	0.136790838004228	4.14281457992635E-04	1E10	1.50974960215027E-02	4.14593262305528E-04	1E10	1.61398218789853E-03	1E-30	5.9441969488835E-11	0.040005456152142	1E-30	4.21608921118929E-10	1.88481998275053E-02	2.0377285779796E-05	1.03027795314855E-10	5.45642782412008E-03	2.19728769802479E-05	4.66401177671922E-11	4.74074299793891E-03	3.51810469150974E-11	5.51546071846963E-11	4.12208093804095	9.88064766507245E-13	3.71037753369159E-10	84.1319953746294	1E10	1E-30	1E-10	1E10	1E-30	1E-10	1E10	1E-30	1E-10	1E10	1E-30	1E-10
29	8.09635716058398E-06	1E10	5E6	1E-30	5.92604615354027E-11	1E10	1E-30	1E10	3.17938254494199E-03	4.70528152398311E-04	1E10	11.2749146734135	4.77786724175862E-04	1E10	1.23770097626478	4.38506393646653E-04	1E10	0.136790838004228	4.14281457992635E-04	1E10	1.50974960215027E-02	4.14593262305528E-04	1E10	1.61398218789853E-03	1E-30	5.9441969488835E-11	0.040005456152142	1E-30	4.21608921118929E-10	1.88481998275053E-02	2.0377285779796E-05	1.03027795314855E-10	5.45642782412008E-03	2.19728769802479E-05	4.66401177671922E-11	4.74074299793891E-03	3.51810469150974E-11	5.51546071846963E-11	4.12208093804095	9.88064766507245E-13	3.71037753369159E-10	84.1319953746294	1E10	1E-30	1E-10	1E10	1E-30	1E-10	1E10	1E-30	1E-10	1E10	1E-30	1E-10
30	8.09635716058398E-06	1E10	5E6	1E-30	5.92604615354027E-11	1E10	1E-30	1E10	3.17938254494199E-03	4.70528152398311E-04	1E10	11.2749146734135	4.77786724175862E-04	1E10	1.23770097626478	4.38506393646653E-04	1E10	0.136790838004228	4.14281457992635E-04	1E10	1.50974960215027E-02	4.14593262305528E-04	1E10	1.61398218789853E-03	1E-30	5.9441969488835E-11	0.040005456152142	1E-30	4.21608921118929E-10	1.88481998275053E-02	2.0377285779796E-05	1.03027795314855E-10	5.45642782412008E-03	2.19728769802479E-05	4.66401177671922E-11	4.74074299793891E-03	3.51810469150974E-11	5.51546071846963E-11	4.12208093804095	9.88064766507245E-13	3.71037753369159E-10	84.1319953746294	1E10	1E-30	1E-10	1E10	1E-30	1E-10	1E10	1E-30	1E-10	1E10	1E-30	1E-10
31	8.09635716058398E-06	1E10	5E6	1E-30	5.92604615354027E-11	1E10	1E-30	1E10	3.17938254494199E-03	4.70528152398311E-04	1E10	11.2749146734135	4.77786724175862E-04	1E10	1.23770097626478	4.38506393646653E-04	1E10	0.136790838004228	4.14281457992635E-04	1E10	1.50974960215027E-02	4.14593262305528E-04	1E10	1.61398218789853E-03	1E-30	5.9441969488835E-11	0.040005456152142	1E-30	4.21608921118929E-10	1.88481998275053E-02	2.0377285779796E-05	1.03027795314855E-10	5.45642782412008E-03	2.19728769802479E-05	4.66401177671922E-11	4.74074299793891E-03	3.51810469150974E-11	5.51546071846963E-11	4.12208093804095	9.88064766507245E-13	3.71037753369159E-10	84.1319953746294	1E10	1E-30	1E-10	1E10	1E-30	1E-10	1E10	1E-30	1E-10	1E10	1E-30	1E-10
32	8.09635716058398E-06	1E10	5E6	1E-30	5.92604615354027E-11	1E10	1E-30	1E10	3.17938254494199E-03	4.70528152398311E-04	1E10	11.2749146734135	4.77786724175862E-04	1E10	1.23770097626478	4.38506393646653E-04	1E10	0.136790838004228	4.14281457992635E-04	1E10	1.50974960215027E-02	4.14593262305528E-04	1E10	1.61398218789853E-03	1E-30	5.9441969488835E-11	0.040005456152142	1E-30	4.21608921118929E-10	1.88481998275053E-02	2.0377285779796E-05	1.03027795314855E-10	5.45642782412008E-03	2.19728769802479E-05	4.66401177671922E-11	4.74074299793891E-03	3.51810469150974E-11	5.51546071846963E-11	4.12208093804095	9.88064766507245E-13	3.71037753369159E-10	84.1319953746294	1E10	1E-30	1E-10	1E10	1E-30	1E-10	1E10	1E-30	1E-10	1E10	1E-30	1E-10
33	9.08888990361452E-06	1E10	5E6	1E-30	1E-10	1E10	1E-30	1E10	2.65484203855541E-03	1.09649172105551E-03	1E10	4.22633481365966	1.19418872371492E-03	1E10	0.419903815927027	1.02217490043525E-03	1E10	0.06020675750432	1.89578594444897E-03	1E10	8.05052114130921E-03	8.61453693875371E-04	1E10	3.43706409210895E-03	1E-30	3.24603094615654E-11	0.118352676253682	1E-30	9.35327057946885E-11	4.84272669053026E-02	1E-30	4.37091509896135E-10	1.67785580047077E-02	3.33574315995489E-05	9.16681877708817E-11	4.75601255592822E-03	1.28645495791106E-05	1.09599067164196E-10	5.57903198596387E-03	1.70851921214823E-11	7.86592246116122E-11	4.91727671466395	1.63546775300013E-12	2.66440737984621E-10	152.935169811193	1E10	1E-30	1E-10	1E10	1E-30	1E-10	1E10	1E-30	1E-10
34	9.55325944424039E-06	1E10	5E6	1E-30	6.6786033665406E-11	1E10	1E-30	1E10	3.07482254359526E-03	1.26606408245636E-03	1E10	3.23928323160929	1.55894196538081E-03	1E10	0.42263494604727	1.03241637247945E-03	1E10	0.094128847017875	9.41759061381408E-04	1E10	1.24772520312034E-02	1.04252853716231E-03	1E10	1.85990032553904E-03	1E-30	1.08524189070949E-10	5.48862940824616E-02	1E-30	3.60219792620057E-10	1.70021925705047E-02	3.68020151387156E-05	9.06832106020795E-11	4.32462577095309E-03	1.23737033622921E-05	1.24067096501169E-10	5.51290390770668E-03	7.29362917054887E-10	6.25753952451483E-11	0.193106996652545	2.137317589529E-11	5.19800097214346E-11	3.38476398197816	1.10524266036039E-12	3.09874415971241E-10	120	1E10	1E-30	1E-10	1E10	1E-30	1E-10	1E10	1E-30	1E-10
35	8.09635716058398E-06	1E10	5E6	1E-30	5.92604615354027E-11	1E10	1E-30	1E10	3.17938254494199E-03	4.70528152398311E-04	1E10	11.2749146734135	4.77786724175862E-04	1E10	1.23770097626478	4.38506393646653E-04	1E10	0.136790838004228	4.14281457992635E-04	1E10	1.50974960215027E-02	4.14593262305528E-04	1E10	1.61398218789853E-03	1E-30	5.9441969488835E-11	0.040005456152142	1E-30	4.21608921118929E-10	1.88481998275053E-02	2.0377285779796E-05	1.03027795314855E-10	5.45642782412008E-03	2.19728769802479E-05	4.66401177671922E-11	4.74074299793891E-03	3.51810469150974E-11	5.51546071846963E-11	4.12208093804095	9.88064766507245E-13	3.71037753369159E-10	84.1319953746294	1E10	1E-30	1E-10	1E10	1E-30	1E-10	1E10	1E-30	1E-10	1E10	1E-30	1E-10
36	8.09635716058398E-06	1E10	5E6	1E-30	5.92604615354027E-11	1E10	1E-30	1E10	3.17938254494199E-03	4.70528152398311E-04	1E10	11.2749146734135	4.77786724175862E-04	1E10	1.23770097626478	4.38506393646653E-04	1E10	0.136790838004228	4.14281457992635E-04	1E10	1.50974960215027E-02	4.14593262305528E-04	1E10	1.61398218789853E-03	1E-30	5.9441969488835E-11	0.040005456152142	1E-30	4.21608921118929E-10	1.88481998275053E-02	2.0377285779796E-05	1.03027795314855E-10	5.45642782412008E-03	2.19728769802479E-05	4.66401177671922E-11	4.74074299793891E-03	3.51810469150974E-11	5.51546071846963E-11	4.12208093804095	9.88064766507245E-13	3.71037753369159E-10	84.1319953746294	1E10	1E-30	1E-10	1E10	1E-30	1E-10	1E10	1E-30	1E-10	1E10	1E-30	1E-10
37	7.0890383101188E-06	1E10	5E6	1E-30	6.16595001861482E-11	1E10	1E-30	1E10	2.96504708492208E-03	2.58378608838268E-04	1E10	17.9354674693185	2.45695251137675E-04	1E10	1.73853917411828	2.65184664314995E-04	1E10	0.159388348763913	2.28719740579724E-04	1E10	2.21293541854893E-02	1.29460369223442E-04	1E10	5.43405304609226E-03	1E-30	6.60871563439868E-11	4.00214552635206E-02	1E-30	4.8490194963242E-10	1.65974879281166E-02	4.49444176251165E-05	3.97179713836006E-11	4.31253187807114E-03	2.17760606761027E-05	3.98803037797412E-11	4.27500751199237E-03	8.03051380929736E-12	1.41841431403111E-10	19.8865587453256	1.63056651648453E-12	2.90592783574269E-10	116.201819212562	1E10	1E-30	1E-10	1E10	1E-30	1E-10	1E10	1E-30	1E-10	1E10	1E-30	1E-10
38	8.09635716058398E-06	1E10	5E6	1E-30	5.92604615354027E-11	1E10	1E-30	1E10	3.17938254494199E-03	4.70528152398311E-04	1E10	11.2749146734135	4.77786724175862E-04	1E10	1.23770097626478	4.38506393646653E-04	1E10	0.136790838004228	4.14281457992635E-04	1E10	1.50974960215027E-02	4.14593262305528E-04	1E10	1.61398218789853E-03	1E-30	5.9441969488835E-11	0.040005456152142	1E-30	4.21608921118929E-10	1.88481998275053E-02	2.0377285779796E-05	1.03027795314855E-10	5.45642782412008E-03	2.19728769802479E-05	4.66401177671922E-11	4.74074299793891E-03	3.51810469150974E-11	5.51546071846963E-11	4.12208093804095	9.88064766507245E-13	3.71037753369159E-10	84.1319953746294	1E10	1E-30	1E-10	1E10	1E-30	1E-10	1E10	1E-30	1E-10	1E10	1E-30	1E-10
39	8.09635716058398E-06	1E10	5E6	1E-30	5.92604615354027E-11	1E10	1E-30	1E10	3.17938254494199E-03	4.70528152398311E-04	1E10	11.2749146734135	4.77786724175862E-04	1E10	1.23770097626478	4.38506393646653E-04	1E10	0.136790838004228	4.14281457992635E-04	1E10	1.50974960215027E-02	4.14593262305528E-04	1E10	1.61398218789853E-03	1E-30	5.9441969488835E-11	0.040005456152142	1E-30	4.21608921118929E-10	1.88481998275053E-02	2.0377285779796E-05	1.03027795314855E-10	5.45642782412008E-03	2.19728769802479E-05	4.66401177671922E-11	4.74074299793891E-03	3.51810469150974E-11	5.51546071846963E-11	4.12208093804095	9.88064766507245E-13	3.71037753369159E-10	84.1319953746294	1E10	1E-30	1E-10	1E10	1E-30	1E-10	1E10	1E-30	1E-10	1E10	1E-30	1E-10
40	7.09394613672387E-06	1E10	5E6	1E-30	1.66011952876094E-10	1E10	1E-30	1E10	3.46147768175506E-03	1.8275370970348E-04	1E10	29.0290401127152	2.14324523410794E-04	1E10	2.29604073404731	1.99917841488664E-04	1E10	0.241781520388829	1.64261303158151E-04	1E10	0.02955732696976	1.90278816717121E-04	1E10	3.19468921211812E-03	1E-30	1.39398284340734E-11	7.12843972760503E-02	1E-30	4.75380209535737E-11	3.31707192263791E-02	1E-30	3.33565820472242E-10	1.93026275726122E-02	2.36202835873329E-05	7.62585393521744E-11	7.27370409299097E-03	8.62729927151538E-06	9.88027691590789E-11	8.31437757637586E-03	2.10208211095987E-11	5.85368255358684E-11	9.62326902489034	1.69429461794821E-12	2.59821581187387E-10	106.444616539747	1E10	1E-30	1E-10	1E10	1E-30	1E-10	1E10	1E-30	1E-10
41	1.77813742999836E-05	1E10	2272727.27272727	1E-30	7.18767297680599E-11	1E10	1E-30	1E10	2.03536448977E-3	8.83551332995182E-04	1E10	6.28734208760261	9.43388761780089E-04	1E10	0.535991991008235	8.69312555666802E-04	1E10	0.060683506319803	8.87170914661834E-04	1E10	5.91631732894989E-03	3.76731448870294E-04	1E10	8.38196138573635E-04	1E-30	6.38411284869385E-11	0.028660011912948	1E-30	9.57202364629505E-12	2.68262755807447E-02	1E-30	5.32853031012611E-10	1.39164534787089E-02	6.0374580583605E-05	8.25219383402234E-11	2.9436055617379E-03	2.50920702932772E-05	9.22634457392994E-11	3.17567875140581E-03	1.15338604636183E-11	9.41218809976465E-11	9.57871984245646	1.30588746950873E-12	3.14364598792347E-10	125.640971832158	1E10	1E-30	1E-10	1E10	1E-30	1E-10	1E10	1E-30	1E-10
42	1.77813742999836E-05	1E10	2272727.27272727	1E-30	7.18767297680599E-11	1E10	1E-30	1E10	2.03536448977E-3	8.83551332995182E-04	1E10	6.28734208760261	9.43388761780089E-04	1E10	0.535991991008235	8.69312555666802E-04	1E10	0.060683506319803	8.87170914661834E-04	1E10	5.91631732894989E-03	3.76731448870294E-04	1E10	8.38196138573635E-04	1E-30	6.38411284869385E-11	0.028660011912948	1E-30	9.57202364629505E-12	2.68262755807447E-02	1E-30	5.32853031012611E-10	1.39164534787089E-02	6.0374580583605E-05	8.25219383402234E-11	2.9436055617379E-03	2.50920702932772E-05	9.22634457392994E-11	3.17567875140581E-03	1.15338604636183E-11	9.41218809976465E-11	9.57871984245646	1.30588746950873E-12	3.14364598792347E-10	125.640971832158	1E10	1E-30	1E-10	1E10	1E-30	1E-10	1E10	1E-30	1E-10
43	1.77813742999836E-05	1E10	2272727.27272727	1E-30	7.18767297680599E-11	1E10	1E-30	1E10	2.03536448977E-3	8.83551332995182E-04	1E10	6.28734208760261	9.43388761780089E-04	1E10	0.535991991008235	8.69312555666802E-04	1E10	0.060683506319803	8.87170914661834E-04	1E10	5.91631732894989E-03	3.76731448870294E-04	1E10	8.38196138573635E-04	1E-30	6.38411284869385E-11	0.028660011912948	1E-30	9.57202364629505E-12	2.68262755807447E-02	1E-30	5.32853031012611E-10	1.39164534787089E-02	6.0374580583605E-05	8.25219383402234E-11	2.9436055617379E-03	2.50920702932772E-05	9.22634457392994E-11	3.17567875140581E-03	1.15338604636183E-11	9.41218809976465E-11	9.57871984245646	1.30588746950873E-12	3.14364598792347E-10	125.640971832158	1E10	1E-30	1E-10	1E10	1E-30	1E-10	1E10	1E-30	1E-10
44	1.77813742999836E-05	1E10	2272727.27272727	1E-30	7.18767297680599E-11	1E10	1E-30	1E10	2.03536448977E-3	8.83551332995182E-04	1E10	6.28734208760261	9.43388761780089E-04	1E10	0.535991991008235	8.69312555666802E-04	1E10	0.060683506319803	8.87170914661834E-04	1E10	5.91631732894989E-03	3.76731448870294E-04	1E10	8.38196138573635E-04	1E-30	6.38411284869385E-11	0.028660011912948	1E-30	9.57202364629505E-12	2.68262755807447E-02	1E-30	5.32853031012611E-10	1.39164534787089E-02	6.0374580583605E-05	8.25219383402234E-11	2.9436055617379E-03	2.50920702932772E-05	9.22634457392994E-11	3.17567875140581E-03	1.15338604636183E-11	9.41218809976465E-11	9.57871984245646	1.30588746950873E-12	3.14364598792347E-10	125.640971832158	1E10	1E-30	1E-10	1E10	1E-30	1E-10	1E10	1E-30	1E-10
45	1.77813742999836E-05	1E10	2272727.27272727	1E-30	7.18767297680599E-11	1E10	1E-30	1E10	2.03536448977E-3	8.83551332995182E-04	1E10	6.28734208760261	9.43388761780089E-04	1E10	0.535991991008235	8.69312555666802E-04	1E10	0.060683506319803	8.87170914661834E-04	1E10	5.91631732894989E-03	3.76731448870294E-04	1E10	8.38196138573635E-04	1E-30	6.38411284869385E-11	0.028660011912948	1E-30	9.57202364629505E-12	2.68262755807447E-02	1E-30	5.32853031012611E-10	1.39164534787089E-02	6.0374580583605E-05	8.25219383402234E-11	2.9436055617379E-03	2.50920702932772E-05	9.22634457392994E-11	3.17567875140581E-03	1.15338604636183E-11	9.41218809976465E-11	9.57871984245646	1.30588746950873E-12	3.14364598792347E-10	125.640971832158	1E10	1E-30	1E-10	1E10	1E-30	1E-10	1E10	1E-30	1E-10
46	1.77813742999836E-05	1E10	2272727.27272727	1E-30	7.18767297680599E-11	1E10	1E-30	1E10	2.03536448977E-3	8.83551332995182E-04	1E10	6.28734208760261	9.43388761780089E-04	1E10	0.535991991008235	8.69312555666802E-04	1E10	0.060683506319803	8.87170914661834E-04	1E10	5.91631732894989E-03	3.76731448870294E-04	1E10	8.38196138573635E-04	1E-30	6.38411284869385E-11	0.028660011912948	1E-30	9.57202364629505E-12	2.68262755807447E-02	1E-30	5.32853031012611E-10	1.39164534787089E-02	6.0374580583605E-05	8.25219383402234E-11	2.9436055617379E-03	2.50920702932772E-05	9.22634457392994E-11	3.17567875140581E-03	1.15338604636183E-11	9.41218809976465E-11	9.57871984245646	1.30588746950873E-12	3.14364598792347E-10	125.640971832158	1E10	1E-30	1E-10	1E10	1E-30	1E-10	1E10	1E-30	1E-10
47	1.77813742999836E-05	1E10	2272727.27272727	1E-30	7.18767297680599E-11	1E10	1E-30	1E10	2.03536448977E-3	8.83551332995182E-04	1E10	6.28734208760261	9.43388761780089E-04	1E10	0.535991991008235	8.69312555666802E-04	1E10	0.060683506319803	8.87170914661834E-04	1E10	5.91631732894989E-03	3.76731448870294E-04	1E10	8.38196138573635E-04	1E-30	6.38411284869385E-11	0.028660011912948	1E-30	9.57202364629505E-12	2.68262755807447E-02	1E-30	5.32853031012611E-10	1.39164534787089E-02	6.0374580583605E-05	8.25219383402234E-11	2.9436055617379E-03	2.50920702932772E-05	9.22634457392994E-11	3.17567875140581E-03	1.15338604636183E-11	9.41218809976465E-11	9.57871984245646	1.30588746950873E-12	3.14364598792347E-10	125.640971832158	1E10	1E-30	1E-10	1E10	1E-30	1E-10	1E10	1E-30	1E-10
48	1.77813742999836E-05	1E10	2272727.27272727	1E-30	7.18767297680599E-11	1E10	1E-30	1E10	2.03536448977E-3	8.83551332995182E-04	1E10	6.28734208760261	9.43388761780089E-04	1E10	0.535991991008235	8.69312555666802E-04	1E10	0.060683506319803	8.87170914661834E-04	1E10	5.91631732894989E-03	3.76731448870294E-04	1E10	8.38196138573635E-04	1E-30	6.38411284869385E-11	0.028660011912948	1E-30	9.57202364629505E-12	2.68262755807447E-02	1E-30	5.32853031012611E-10	1.39164534787089E-02	6.0374580583605E-05	8.25219383402234E-11	2.9436055617379E-03	2.50920702932772E-05	9.22634457392994E-11	3.17567875140581E-03	1.15338604636183E-11	9.41218809976465E-11	9.57871984245646	1.30588746950873E-12	3.14364598792347E-10	125.640971832158	1E10	1E-30	1E-10	1E10	1E-30	1E-10	1E10	1E-30	1E-10
49	1.56521428931566E-05	1E10	2272727.27272727	1E-30	9.52427645456595E-11	1E10	1E-30	1E10	2.55478955720951E-03	3.17705436494157E-04	1E10	17.8926320272033	4.2582226977288E-04	1E10	1.18907349869704	4.20152562037305E-04	1E10	0.119930829105361	3.55742685816221E-04	1E10	1.43579511397801E-02	3.23037959612432E-04	1E10	1.56998835621099E-03	1E-30	1.92832690526328E-11	3.44209419243877E-02	1E-30	6.01771415654295E-11	2.23261987438238E-02	1E-30	4.30286145193006E-10	1.40691494288047E-02	4.06062113014366E-05	9.84793389591101E-11	4.28052082088068E-03	1.86497053689191E-05	1.02760497955147E-10	4.54475893207915E-03	1.93799331295672E-11	6.6236963211636E-11	11.5154299417173	1.29461939862081E-12	3.27071324172009E-10	94.8764155505662	1E10	1E-30	1E-10	1E10	1E-30	1E-10	1E10	1E-30	1E-10
50	3.65495384879224E-05	1E10	1063829.78723404	1E-30	1.15482060074639E-11	1E10	1E-30	1E10	1.72717313994778E-03	1.70743873725348E-03	1E10	3.48621162497721	2.22795269880584E-03	1E10	0.266306966199598	2.09102422456109E-03	1E10	3.41836114476734E-02	2.43163819276101E-03	1E10	3.5255376460487E-03	1.59105950897422E-03	1E10	4.6040066545303E-04	1E-30	2.28240606501161E-11	4.92566535084026E-02	1E-30	9.62383082470632E-11	2.22937531191649E-02	1E-30	5.63421171656423E-10	1.07694921796919E-02	9.99197734885937E-05	1.30468554376561E-10	1.8954367211423E-03	8.22339036127664E-05	8.19585623650055E-11	1.76381416953423E-03	3.77286856168285E-11	5.28913497518828E-11	3.80751527435692	1.13108734149221E-12	3.90849010519779E-10	107.216729369043	1E10	1E-30	1E-10	1E10	1E-30	1E-10	1E10	1E-30	1E-10
51	3.65495384879224E-05	1E10	1063829.78723404	1E-30	1.15482060074639E-11	1E10	1E-30	1E10	1.72717313994778E-03	1.70743873725348E-03	1E10	3.48621162497721	2.22795269880584E-03	1E10	0.266306966199598	2.09102422456109E-03	1E10	3.41836114476734E-02	2.43163819276101E-03	1E10	3.5255376460487E-03	1.59105950897422E-03	1E10	4.6040066545303E-04	1E-30	2.28240606501161E-11	4.92566535084026E-02	1E-30	9.62383082470632E-11	2.22937531191649E-02	1E-30	5.63421171656423E-10	1.07694921796919E-02	9.99197734885937E-05	1.30468554376561E-10	1.8954367211423E-03	8.22339036127664E-05	8.19585623650055E-11	1.76381416953423E-03	3.77286856168285E-11	5.28913497518828E-11	3.80751527435692	1.13108734149221E-12	3.90849010519779E-10	107.216729369043	1E10	1E-30	1E-10	1E10	1E-30	1E-10	1E10	1E-30	1E-10
END DSCRDATA
