BEGIN DSCRDATA
% INDEX	K01	L01	M01	K02	L02	M02	K03	L03	M03	K04	L04	M04	K05	L05	M05	K06	L06	M06	K07	L07	M07	K08	L08	M08	K09	L09	M09	K10	L10	M10	K11	L11	M11	K12	L12	M12	K13	L13	M13	K14	L14	M14	K15	L15	M15	K16	L16	M16	K17	L17	M17	K18	L18	M18
0	0	0	0	0	0	0	0	0	0	0	0	0	0	0	0	0	0	0	0	0	0	0	0	0	0	0	0	0	0	0	0	0	0	0	0	0	0	0	0	0	0	0	0	0	0	0	0	0	0	0	0	0	0	0
1	1E-13	1E10	1E10	1E-30	2.89585154644558E-10	1E10	1E-30	1E10	0.95303987128677	3.64273972690208E-11	9.27151825626083E-13	0.87382000924478	1E10	1E-30	1E-10	1E10	1E-30	1E-10	1E10	1E-30	1E-10	1E10	1E-30	1E-10	1E10	1E-30	1E-10	1E10	1E-30	1E-10	1E10	1E-30	1E-10	1E10	1E-30	1E-10	1E10	1E-30	1E-10	1E10	1E-30	1E-10	1E10	1E-30	1E-10	1E10	1E-30	1E-10	1E10	1E-30	1E-10	1E10	1E-30	1E-10
2	1E-13	1E10	1E10	1E-30	2.89585154644558E-10	1E10	1E-30	1E10	0.95303987128677	3.64273972690208E-11	9.27151825626083E-13	0.87382000924478	1E10	1E-30	1E-10	1E10	1E-30	1E-10	1E10	1E-30	1E-10	1E10	1E-30	1E-10	1E10	1E-30	1E-10	1E10	1E-30	1E-10	1E10	1E-30	1E-10	1E10	1E-30	1E-10	1E10	1E-30	1E-10	1E10	1E-30	1E-10	1E10	1E-30	1E-10	1E10	1E-30	1E-10	1E10	1E-30	1E-10	1E10	1E-30	1E-10
3	2E-13	1E10	1E10	1E-30	3.18958299067254E-10	1E10	1E-30	1E10	0.927214525042037	3.28114348950444E-11	1.70825923296532E-12	1.11384537052166	7.76601653766372E-13	5.59902522175324E-11	1E8	1E10	1E-30	1E-10	1E10	1E-30	1E-10	1E10	1E-30	1E-10	1E10	1E-30	1E-10	1E10	1E-30	1E-10	1E10	1E-30	1E-10	1E10	1E-30	1E-10	1E10	1E-30	1E-10	1E10	1E-30	1E-10	1E10	1E-30	1E-10	1E10	1E-30	1E-10	1E10	1E-30	1E-10	1E10	1E-30	1E-10
4	2E-13	1E10	1E10	1E-30	3.18958299067254E-10	1E10	1E-30	1E10	0.927214525042037	3.28114348950444E-11	1.70825923296532E-12	1.11384537052166	7.76601653766372E-13	5.59902522175324E-11	1E8	1E10	1E-30	1E-10	1E10	1E-30	1E-10	1E10	1E-30	1E-10	1E10	1E-30	1E-10	1E10	1E-30	1E-10	1E10	1E-30	1E-10	1E10	1E-30	1E-10	1E10	1E-30	1E-10	1E10	1E-30	1E-10	1E10	1E-30	1E-10	1E10	1E-30	1E-10	1E10	1E-30	1E-10	1E10	1E-30	1E-10
5	3E-13	1E10	1E10	1E-30	4.01475154617548E-10	1E10	1E-30	1E10	0.902382723411227	3.32363148472872E-12	1.63135990058703E-11	1E8	5.88941801889076E-12	8.28908549684226E-12	10.298589475515	1E10	1E-30	1E-10	1E10	1E-30	1E-10	1E10	1E-30	1E-10	1E10	1E-30	1E-10	1E10	1E-30	1E-10	1E10	1E-30	1E-10	1E10	1E-30	1E-10	1E10	1E-30	1E-10	1E10	1E-30	1E-10	1E10	1E-30	1E-10	1E10	1E-30	1E-10	1E10	1E-30	1E-10	1E10	1E-30	1E-10
6	3E-13	1E10	1E10	1E-30	4.01475154617548E-10	1E10	1E-30	1E10	0.902382723411227	3.32363148472872E-12	1.63135990058703E-11	1E8	5.88941801889076E-12	8.28908549684226E-12	10.298589475515	1E10	1E-30	1E-10	1E10	1E-30	1E-10	1E10	1E-30	1E-10	1E10	1E-30	1E-10	1E10	1E-30	1E-10	1E10	1E-30	1E-10	1E10	1E-30	1E-10	1E10	1E-30	1E-10	1E10	1E-30	1E-10	1E10	1E-30	1E-10	1E10	1E-30	1E-10	1E10	1E-30	1E-10	1E10	1E-30	1E-10
7	4E-13	1E10	1E10	1E-30	3.67321954676682E-10	1E10	1E-30	1E10	0.881795700613963	2.48027447171894E-12	1.96824545193968E-11	12.2560460476849	8.97306970585907E-13	5.42017516225721E-11	1E8	1E10	1E-30	1E-10	1E10	1E-30	1E-10	1E10	1E-30	1E-10	1E10	1E-30	1E-10	1E10	1E-30	1E-10	1E10	1E-30	1E-10	1E10	1E-30	1E-10	1E10	1E-30	1E-10	1E10	1E-30	1E-10	1E10	1E-30	1E-10	1E10	1E-30	1E-10	1E10	1E-30	1E-10	1E10	1E-30	1E-10
8	4E-13	1E10	1E10	1E-30	3.67321954676682E-10	1E10	1E-30	1E10	0.881795700613963	2.48027447171894E-12	1.96824545193968E-11	12.2560460476849	8.97306970585907E-13	5.42017516225721E-11	1E8	1E10	1E-30	1E-10	1E10	1E-30	1E-10	1E10	1E-30	1E-10	1E10	1E-30	1E-10	1E10	1E-30	1E-10	1E10	1E-30	1E-10	1E10	1E-30	1E-10	1E10	1E-30	1E-10	1E10	1E-30	1E-10	1E10	1E-30	1E-10	1E10	1E-30	1E-10	1E10	1E-30	1E-10	1E10	1E-30	1E-10
9	5E-13	1E10	1E10	1E-30	3.53367748541092E-10	1E10	1E-30	1E10	0.862651968244724	3.94401639122796E-12	1.42115120847277E-11	7.02928927490662	6.63364778698673E-13	7.28759760796738E-11	1E8	1E10	1E-30	1E-10	1E10	1E-30	1E-10	1E10	1E-30	1E-10	1E10	1E-30	1E-10	1E10	1E-30	1E-10	1E10	1E-30	1E-10	1E10	1E-30	1E-10	1E10	1E-30	1E-10	1E10	1E-30	1E-10	1E10	1E-30	1E-10	1E10	1E-30	1E-10	1E10	1E-30	1E-10	1E10	1E-30	1E-10
10	5E-13	1E10	1E10	1E-30	3.53367748541092E-10	1E10	1E-30	1E10	0.862651968244724	3.94401639122796E-12	1.42115120847277E-11	7.02928927490662	6.63364778698673E-13	7.28759760796738E-11	1E8	1E10	1E-30	1E-10	1E10	1E-30	1E-10	1E10	1E-30	1E-10	1E10	1E-30	1E-10	1E10	1E-30	1E-10	1E10	1E-30	1E-10	1E10	1E-30	1E-10	1E10	1E-30	1E-10	1E10	1E-30	1E-10	1E10	1E-30	1E-10	1E10	1E-30	1E-10	1E10	1E-30	1E-10	1E10	1E-30	1E-10
11	6E-13	1E10	1E10	1E-30	3.41879020860677E-10	1E10	1E-30	1E10	0.841250612248251	1.49577937928215E-12	3.41752309489048E-11	16.9037314920734	6.11515782867653E-13	7.89715479493041E-11	1E8	1E10	1E-30	1E-10	1E10	1E-30	1E-10	1E10	1E-30	1E-10	1E10	1E-30	1E-10	1E10	1E-30	1E-10	1E10	1E-30	1E-10	1E10	1E-30	1E-10	1E10	1E-30	1E-10	1E10	1E-30	1E-10	1E10	1E-30	1E-10	1E10	1E-30	1E-10	1E10	1E-30	1E-10	1E10	1E-30	1E-10
12	6E-13	1E10	1E10	1E-30	3.41879020860677E-10	1E10	1E-30	1E10	0.841250612248251	1.49577937928215E-12	3.41752309489048E-11	16.9037314920734	6.11515782867653E-13	7.89715479493041E-11	1E8	1E10	1E-30	1E-10	1E10	1E-30	1E-10	1E10	1E-30	1E-10	1E10	1E-30	1E-10	1E10	1E-30	1E-10	1E10	1E-30	1E-10	1E10	1E-30	1E-10	1E10	1E-30	1E-10	1E10	1E-30	1E-10	1E10	1E-30	1E-10	1E10	1E-30	1E-10	1E10	1E-30	1E-10	1E10	1E-30	1E-10
13	7E-13	1E10	1E10	1E-30	2.96859517558051E-10	1E10	1E-30	1E10	0.804056529254433	1.02004714368936E-12	5.01139639004218E-11	31.9322766521811	4.04890736493233E-13	1.09037100349998E-10	1E8	1E10	1E-30	1E-10	1E10	1E-30	1E-10	1E10	1E-30	1E-10	1E10	1E-30	1E-10	1E10	1E-30	1E-10	1E10	1E-30	1E-10	1E10	1E-30	1E-10	1E10	1E-30	1E-10	1E10	1E-30	1E-10	1E10	1E-30	1E-10	1E10	1E-30	1E-10	1E10	1E-30	1E-10	1E10	1E-30	1E-10
14	7E-13	1E10	1E10	1E-30	2.96859517558051E-10	1E10	1E-30	1E10	0.804056529254433	1.02004714368936E-12	5.01139639004218E-11	31.9322766521811	4.04890736493233E-13	1.09037100349998E-10	1E8	1E10	1E-30	1E-10	1E10	1E-30	1E-10	1E10	1E-30	1E-10	1E10	1E-30	1E-10	1E10	1E-30	1E-10	1E10	1E-30	1E-10	1E10	1E-30	1E-10	1E10	1E-30	1E-10	1E10	1E-30	1E-10	1E10	1E-30	1E-10	1E10	1E-30	1E-10	1E10	1E-30	1E-10	1E10	1E-30	1E-10
15	8E-13	1E10	1E10	1E-30	3.15817711030324E-10	1E10	1E-30	1E10	0.764080969072972	1.33557729697306E-12	4.41325194708165E-11	31.6995475546039	4.34321767626645E-13	1.06688136823154E-10	1E8	1E10	1E-30	1E-10	1E10	1E-30	1E-10	1E10	1E-30	1E-10	1E10	1E-30	1E-10	1E10	1E-30	1E-10	1E10	1E-30	1E-10	1E10	1E-30	1E-10	1E10	1E-30	1E-10	1E10	1E-30	1E-10	1E10	1E-30	1E-10	1E10	1E-30	1E-10	1E10	1E-30	1E-10	1E10	1E-30	1E-10
16	8E-13	1E10	1E10	1E-30	3.15817711030324E-10	1E10	1E-30	1E10	0.764080969072972	1.33557729697306E-12	4.41325194708165E-11	31.6995475546039	4.34321767626645E-13	1.06688136823154E-10	1E8	1E10	1E-30	1E-10	1E10	1E-30	1E-10	1E10	1E-30	1E-10	1E10	1E-30	1E-10	1E10	1E-30	1E-10	1E10	1E-30	1E-10	1E10	1E-30	1E-10	1E10	1E-30	1E-10	1E10	1E-30	1E-10	1E10	1E-30	1E-10	1E10	1E-30	1E-10	1E10	1E-30	1E-10	1E10	1E-30	1E-10
17	9E-13	1E10	1E10	1E-30	3.11788957931163E-10	1E10	1E-30	1E10	0.743294407254168	1.1141886653812E-12	5.43866398939594E-11	40.354446157049	4.91736826851547E-13	1.00909651208748E-10	1E8	1E10	1E-30	1E-10	1E10	1E-30	1E-10	1E10	1E-30	1E-10	1E10	1E-30	1E-10	1E10	1E-30	1E-10	1E10	1E-30	1E-10	1E10	1E-30	1E-10	1E10	1E-30	1E-10	1E10	1E-30	1E-10	1E10	1E-30	1E-10	1E10	1E-30	1E-10	1E10	1E-30	1E-10	1E10	1E-30	1E-10
18	9E-13	1E10	1E10	1E-30	3.11788957931163E-10	1E10	1E-30	1E10	0.743294407254168	1.1141886653812E-12	5.43866398939594E-11	40.354446157049	4.91736826851547E-13	1.00909651208748E-10	1E8	1E10	1E-30	1E-10	1E10	1E-30	1E-10	1E10	1E-30	1E-10	1E10	1E-30	1E-10	1E10	1E-30	1E-10	1E10	1E-30	1E-10	1E10	1E-30	1E-10	1E10	1E-30	1E-10	1E10	1E-30	1E-10	1E10	1E-30	1E-10	1E10	1E-30	1E-10	1E10	1E-30	1E-10	1E10	1E-30	1E-10
19	1E-12	1E10	1E10	1E-30	1.34205949620856E-10	1E10	1E-30	1E10	0.732997307916	1.25654573927569E-12	5.19318997804593E-11	31.1278243187015	1.19752098878994E-13	2.64646748428316E-10	1E8	1E10	1E-30	1E-10	1E10	1E-30	1E-10	1E10	1E-30	1E-10	1E10	1E-30	1E-10	1E10	1E-30	1E-10	1E10	1E-30	1E-10	1E10	1E-30	1E-10	1E10	1E-30	1E-10	1E10	1E-30	1E-10	1E10	1E-30	1E-10	1E10	1E-30	1E-10	1E10	1E-30	1E-10	1E10	1E-30	1E-10
20	1E-12	1E10	1E10	1E-30	1.34205949620856E-10	1E10	1E-30	1E10	0.732997307916	1.25654573927569E-12	5.19318997804593E-11	31.1278243187015	1.19752098878994E-13	2.64646748428316E-10	1E8	1E10	1E-30	1E-10	1E10	1E-30	1E-10	1E10	1E-30	1E-10	1E10	1E-30	1E-10	1E10	1E-30	1E-10	1E10	1E-30	1E-10	1E10	1E-30	1E-10	1E10	1E-30	1E-10	1E10	1E-30	1E-10	1E10	1E-30	1E-10	1E10	1E-30	1E-10	1E10	1E-30	1E-10	1E10	1E-30	1E-10
21	1.1E-12	1E10	1E10	1E-30	1.1212393851082E-10	1E10	1E-30	1E10	0.65	1.65356492394373E-11	1.54316476372571E-11	2.2586942742528	1.09716892222668E-12	1.50405934089927E-10	1E5	1E10	1E-30	1E-10	1E10	1E-30	1E-10	1E10	1E-30	1E-10	1E10	1E-30	1E-10	1E10	1E-30	1E-10	1E10	1E-30	1E-10	1E10	1E-30	1E-10	1E10	1E-30	1E-10	1E10	1E-30	1E-10	1E10	1E-30	1E-10	1E10	1E-30	1E-10	1E10	1E-30	1E-10	1E10	1E-30	1E-10
22	1.1E-12	1E10	1E10	1E-30	1.1212393851082E-10	1E10	1E-30	1E10	0.65	1.65356492394373E-11	1.54316476372571E-11	2.2586942742528	1.09716892222668E-12	1.50405934089927E-10	1E5	1E10	1E-30	1E-10	1E10	1E-30	1E-10	1E10	1E-30	1E-10	1E10	1E-30	1E-10	1E10	1E-30	1E-10	1E10	1E-30	1E-10	1E10	1E-30	1E-10	1E10	1E-30	1E-10	1E10	1E-30	1E-10	1E10	1E-30	1E-10	1E10	1E-30	1E-10	1E10	1E-30	1E-10	1E10	1E-30	1E-10
23	1.2E-12	1E10	1E10	1E-30	1.1212393851082E-10	1E10	1E-30	1E10	0.65	1.65356492394373E-11	1.54316476372571E-11	2.2586942742528	1.09716892222668E-12	1.50405934089927E-10	1E5	1E10	1E-30	1E-10	1E10	1E-30	1E-10	1E10	1E-30	1E-10	1E10	1E-30	1E-10	1E10	1E-30	1E-10	1E10	1E-30	1E-10	1E10	1E-30	1E-10	1E10	1E-30	1E-10	1E10	1E-30	1E-10	1E10	1E-30	1E-10	1E10	1E-30	1E-10	1E10	1E-30	1E-10	1E10	1E-30	1E-10
24	1.2E-12	1E10	1E10	1E-30	1.1212393851082E-10	1E10	1E-30	1E10	0.65	1.65356492394373E-11	1.54316476372571E-11	2.2586942742528	1.09716892222668E-12	1.50405934089927E-10	1E5	1E10	1E-30	1E-10	1E10	1E-30	1E-10	1E10	1E-30	1E-10	1E10	1E-30	1E-10	1E10	1E-30	1E-10	1E10	1E-30	1E-10	1E10	1E-30	1E-10	1E10	1E-30	1E-10	1E10	1E-30	1E-10	1E10	1E-30	1E-10	1E10	1E-30	1E-10	1E10	1E-30	1E-10	1E10	1E-30	1E-10
25	1.3E-12	1E10	1E10	1E-30	1.1212393851082E-10	1E10	1E-30	1E10	0.65	1.65356492394373E-11	1.54316476372571E-11	2.2586942742528	1.09716892222668E-12	1.50405934089927E-10	1E5	1E10	1E-30	1E-10	1E10	1E-30	1E-10	1E10	1E-30	1E-10	1E10	1E-30	1E-10	1E10	1E-30	1E-10	1E10	1E-30	1E-10	1E10	1E-30	1E-10	1E10	1E-30	1E-10	1E10	1E-30	1E-10	1E10	1E-30	1E-10	1E10	1E-30	1E-10	1E10	1E-30	1E-10	1E10	1E-30	1E-10
26	1.3E-12	1E10	1E10	1E-30	1.1212393851082E-10	1E10	1E-30	1E10	0.65	1.65356492394373E-11	1.54316476372571E-11	2.2586942742528	1.09716892222668E-12	1.50405934089927E-10	1E5	1E10	1E-30	1E-10	1E10	1E-30	1E-10	1E10	1E-30	1E-10	1E10	1E-30	1E-10	1E10	1E-30	1E-10	1E10	1E-30	1E-10	1E10	1E-30	1E-10	1E10	1E-30	1E-10	1E10	1E-30	1E-10	1E10	1E-30	1E-10	1E10	1E-30	1E-10	1E10	1E-30	1E-10	1E10	1E-30	1E-10
27	1.5E-12	1E10	1E10	1E-30	5.44225563810714E-11	1E10	1E-30	1E10	0.55	2.69799665296741E-11	1.16292955033918E-11	1.56389242978435	2.35364079609636E-13	2.57820196929869E-10	1E5	1E10	1E-30	1E-10	1E10	1E-30	1E-10	1E10	1E-30	1E-10	1E10	1E-30	1E-10	1E10	1E-30	1E-10	1E10	1E-30	1E-10	1E10	1E-30	1E-10	1E10	1E-30	1E-10	1E10	1E-30	1E-10	1E10	1E-30	1E-10	1E10	1E-30	1E-10	1E10	1E-30	1E-10	1E10	1E-30	1E-10
28	1.5E-12	1E10	1E10	1E-30	5.44225563810714E-11	1E10	1E-30	1E10	0.55	2.69799665296741E-11	1.16292955033918E-11	1.56389242978435	2.35364079609636E-13	2.57820196929869E-10	1E5	1E10	1E-30	1E-10	1E10	1E-30	1E-10	1E10	1E-30	1E-10	1E10	1E-30	1E-10	1E10	1E-30	1E-10	1E10	1E-30	1E-10	1E10	1E-30	1E-10	1E10	1E-30	1E-10	1E10	1E-30	1E-10	1E10	1E-30	1E-10	1E10	1E-30	1E-10	1E10	1E-30	1E-10	1E10	1E-30	1E-10
29	1.6E-12	1E10	1E10	1E-30	5.44225563810714E-11	1E10	1E-30	1E10	0.55	2.69799665296741E-11	1.16292955033918E-11	1.56389242978435	2.35364079609636E-13	2.57820196929869E-10	1E5	1E10	1E-30	1E-10	1E10	1E-30	1E-10	1E10	1E-30	1E-10	1E10	1E-30	1E-10	1E10	1E-30	1E-10	1E10	1E-30	1E-10	1E10	1E-30	1E-10	1E10	1E-30	1E-10	1E10	1E-30	1E-10	1E10	1E-30	1E-10	1E10	1E-30	1E-10	1E10	1E-30	1E-10	1E10	1E-30	1E-10
30	1.6E-12	1E10	1E10	1E-30	5.44225563810714E-11	1E10	1E-30	1E10	0.55	2.69799665296741E-11	1.16292955033918E-11	1.56389242978435	2.35364079609636E-13	2.57820196929869E-10	1E5	1E10	1E-30	1E-10	1E10	1E-30	1E-10	1E10	1E-30	1E-10	1E10	1E-30	1E-10	1E10	1E-30	1E-10	1E10	1E-30	1E-10	1E10	1E-30	1E-10	1E10	1E-30	1E-10	1E10	1E-30	1E-10	1E10	1E-30	1E-10	1E10	1E-30	1E-10	1E10	1E-30	1E-10	1E10	1E-30	1E-10
31	1.8E-12	1E10	1E10	1E-30	2.57019562524236E-10	1E10	1E-30	1E10	0.42	1.70262578029564E-11	1.79633676455375E-11	3.70486932099185	6.87155367570088E-12	4.00902066030357E-11	1E5	1E10	1E-30	1E-10	1E10	1E-30	1E-10	1E10	1E-30	1E-10	1E10	1E-30	1E-10	1E10	1E-30	1E-10	1E10	1E-30	1E-10	1E10	1E-30	1E-10	1E10	1E-30	1E-10	1E10	1E-30	1E-10	1E10	1E-30	1E-10	1E10	1E-30	1E-10	1E10	1E-30	1E-10	1E10	1E-30	1E-10
32	1.8E-12	1E10	1E10	1E-30	2.57019562524236E-10	1E10	1E-30	1E10	0.42	1.70262578029564E-11	1.79633676455375E-11	3.70486932099185	6.87155367570088E-12	4.00902066030357E-11	1E5	1E10	1E-30	1E-10	1E10	1E-30	1E-10	1E10	1E-30	1E-10	1E10	1E-30	1E-10	1E10	1E-30	1E-10	1E10	1E-30	1E-10	1E10	1E-30	1E-10	1E10	1E-30	1E-10	1E10	1E-30	1E-10	1E10	1E-30	1E-10	1E10	1E-30	1E-10	1E10	1E-30	1E-10	1E10	1E-30	1E-10
33	2E-12	1E10	1E10	1E-30	3.26248107369848E-10	1E10	1E-30	1E10	0.37	4.14018744277087E-11	9.56195434649071E-12	0.676533029432284	2.06336477427179E-11	1.39766411925085E-11	1E5	1E10	1E-30	1E-10	1E10	1E-30	1E-10	1E10	1E-30	1E-10	1E10	1E-30	1E-10	1E10	1E-30	1E-10	1E10	1E-30	1E-10	1E10	1E-30	1E-10	1E10	1E-30	1E-10	1E10	1E-30	1E-10	1E10	1E-30	1E-10	1E10	1E-30	1E-10	1E10	1E-30	1E-10	1E10	1E-30	1E-10
34	2E-12	1E10	1E10	1E-30	3.26248107369848E-10	1E10	1E-30	1E10	0.37	4.14018744277087E-11	9.56195434649071E-12	0.676533029432284	2.06336477427179E-11	1.39766411925085E-11	1E5	1E10	1E-30	1E-10	1E10	1E-30	1E-10	1E10	1E-30	1E-10	1E10	1E-30	1E-10	1E10	1E-30	1E-10	1E10	1E-30	1E-10	1E10	1E-30	1E-10	1E10	1E-30	1E-10	1E10	1E-30	1E-10	1E10	1E-30	1E-10	1E10	1E-30	1E-10	1E10	1E-30	1E-10	1E10	1E-30	1E-10
35	2.2E-12	1E10	1E10	1E-30	3.26248107369848E-10	1E10	1E-30	1E10	0.37	4.14018744277087E-11	9.56195434649071E-12	0.676533029432284	2.06336477427179E-11	1.39766411925085E-11	1E5	1E10	1E-30	1E-10	1E10	1E-30	1E-10	1E10	1E-30	1E-10	1E10	1E-30	1E-10	1E10	1E-30	1E-10	1E10	1E-30	1E-10	1E10	1E-30	1E-10	1E10	1E-30	1E-10	1E10	1E-30	1E-10	1E10	1E-30	1E-10	1E10	1E-30	1E-10	1E10	1E-30	1E-10	1E10	1E-30	1E-10
36	2.2E-12	1E10	1E10	1E-30	3.26248107369848E-10	1E10	1E-30	1E10	0.37	4.14018744277087E-11	9.56195434649071E-12	0.676533029432284	2.06336477427179E-11	1.39766411925085E-11	1E5	1E10	1E-30	1E-10	1E10	1E-30	1E-10	1E10	1E-30	1E-10	1E10	1E-30	1E-10	1E10	1E-30	1E-10	1E10	1E-30	1E-10	1E10	1E-30	1E-10	1E10	1E-30	1E-10	1E10	1E-30	1E-10	1E10	1E-30	1E-10	1E10	1E-30	1E-10	1E10	1E-30	1E-10	1E10	1E-30	1E-10
37	2.4E-12	1E10	1E10	1E-30	3.2238864508285E-10	1E10	1E-30	1E10	0.32	1.52669918121338E-11	2.01738698697853E-11	2.6724470736436	1.22838123593938E-10	2.31042436851169E-12	100734.512170531	1E10	1E-30	1E-10	1E10	1E-30	1E-10	1E10	1E-30	1E-10	1E10	1E-30	1E-10	1E10	1E-30	1E-10	1E10	1E-30	1E-10	1E10	1E-30	1E-10	1E10	1E-30	1E-10	1E10	1E-30	1E-10	1E10	1E-30	1E-10	1E10	1E-30	1E-10	1E10	1E-30	1E-10	1E10	1E-30	1E-10
38	2.4E-12	1E10	1E10	1E-30	3.2238864508285E-10	1E10	1E-30	1E10	0.32	1.52669918121338E-11	2.01738698697853E-11	2.6724470736436	1.22838123593938E-10	2.31042436851169E-12	100734.512170531	1E10	1E-30	1E-10	1E10	1E-30	1E-10	1E10	1E-30	1E-10	1E10	1E-30	1E-10	1E10	1E-30	1E-10	1E10	1E-30	1E-10	1E10	1E-30	1E-10	1E10	1E-30	1E-10	1E10	1E-30	1E-10	1E10	1E-30	1E-10	1E10	1E-30	1E-10	1E10	1E-30	1E-10	1E10	1E-30	1E-10
39	2.7E-12	1E10	1E10	1E-30	3.03384077757346E-10	1E10	1E-30	1E10	0.3	1.5218949162869E-11	2.07859966224025E-11	2.43731852211285	1.54406415436106E-11	1.8359469931747E-11	1E5	1E10	1E-30	1E-10	1E10	1E-30	1E-10	1E10	1E-30	1E-10	1E10	1E-30	1E-10	1E10	1E-30	1E-10	1E10	1E-30	1E-10	1E10	1E-30	1E-10	1E10	1E-30	1E-10	1E10	1E-30	1E-10	1E10	1E-30	1E-10	1E10	1E-30	1E-10	1E10	1E-30	1E-10	1E10	1E-30	1E-10
40	2.7E-12	1E10	1E10	1E-30	3.03384077757346E-10	1E10	1E-30	1E10	0.3	1.5218949162869E-11	2.07859966224025E-11	2.43731852211285	1.54406415436106E-11	1.8359469931747E-11	1E5	1E10	1E-30	1E-10	1E10	1E-30	1E-10	1E10	1E-30	1E-10	1E10	1E-30	1E-10	1E10	1E-30	1E-10	1E10	1E-30	1E-10	1E10	1E-30	1E-10	1E10	1E-30	1E-10	1E10	1E-30	1E-10	1E10	1E-30	1E-10	1E10	1E-30	1E-10	1E10	1E-30	1E-10	1E10	1E-30	1E-10
41	3E-12	1E10	1E10	1E-30	2.32283530029867E-10	1E10	1E-30	1E10	0.28	1.04895767973676E-11	2.61363235210109E-11	3.04109161369942	3.66261788267133E-12	6.89624938444551E-11	1E5	1E10	1E-30	1E-10	1E10	1E-30	1E-10	1E10	1E-30	1E-10	1E10	1E-30	1E-10	1E10	1E-30	1E-10	1E10	1E-30	1E-10	1E10	1E-30	1E-10	1E10	1E-30	1E-10	1E10	1E-30	1E-10	1E10	1E-30	1E-10	1E10	1E-30	1E-10	1E10	1E-30	1E-10	1E10	1E-30	1E-10
42	3E-12	1E10	1E10	1E-30	2.32283530029867E-10	1E10	1E-30	1E10	0.28	1.04895767973676E-11	2.61363235210109E-11	3.04109161369942	3.66261788267133E-12	6.89624938444551E-11	1E5	1E10	1E-30	1E-10	1E10	1E-30	1E-10	1E10	1E-30	1E-10	1E10	1E-30	1E-10	1E10	1E-30	1E-10	1E10	1E-30	1E-10	1E10	1E-30	1E-10	1E10	1E-30	1E-10	1E10	1E-30	1E-10	1E10	1E-30	1E-10	1E10	1E-30	1E-10	1E10	1E-30	1E-10	1E10	1E-30	1E-10
43	3.3E-12	1E10	1E10	1E-30	2.43478393839426E-10	1E10	1E-30	1E10	0.26	1E-30	1.57013052808172E-11	0.397273366164779	1.93774959030511E-11	1.56845675671692E-11	3.16986390941768	3.32409280218139E-12	6.95818980396575E-11	1E5	1E10	1E-30	1E-10	1E10	1E-30	1E-10	1E10	1E-30	1E-10	1E10	1E-30	1E-10	1E10	1E-30	1E-10	1E10	1E-30	1E-10	1E10	1E-30	1E-10	1E10	1E-30	1E-10	1E10	1E-30	1E-10	1E10	1E-30	1E-10	1E10	1E-30	1E-10	1E10	1E-30	1E-10
44	3.3E-12	1E10	1E10	1E-30	2.43478393839426E-10	1E10	1E-30	1E10	0.26	1E-30	1.57013052808172E-11	0.397273366164779	1.93774959030511E-11	1.56845675671692E-11	3.16986390941768	3.32409280218139E-12	6.95818980396575E-11	1E5	1E10	1E-30	1E-10	1E10	1E-30	1E-10	1E10	1E-30	1E-10	1E10	1E-30	1E-10	1E10	1E-30	1E-10	1E10	1E-30	1E-10	1E10	1E-30	1E-10	1E10	1E-30	1E-10	1E10	1E-30	1E-10	1E10	1E-30	1E-10	1E10	1E-30	1E-10	1E10	1E-30	1E-10
45	3.6E-12	1E10	1E10	1E-30	2.74134882045588E-10	1E10	1E-30	1E10	0.25	8.40525196169168E-12	3.69130362903228E-11	5.14349690678734	1.25910274148E-11	2.42908656195823E-11	1E5	1E10	1E-30	1E-10	1E10	1E-30	1E-10	1E10	1E-30	1E-10	1E10	1E-30	1E-10	1E10	1E-30	1E-10	1E10	1E-30	1E-10	1E10	1E-30	1E-10	1E10	1E-30	1E-10	1E10	1E-30	1E-10	1E10	1E-30	1E-10	1E10	1E-30	1E-10	1E10	1E-30	1E-10	1E10	1E-30	1E-10
46	3.6E-12	1E10	1E10	1E-30	2.74134882045588E-10	1E10	1E-30	1E10	0.25	8.40525196169168E-12	3.69130362903228E-11	5.14349690678734	1.25910274148E-11	2.42908656195823E-11	1E5	1E10	1E-30	1E-10	1E10	1E-30	1E-10	1E10	1E-30	1E-10	1E10	1E-30	1E-10	1E10	1E-30	1E-10	1E10	1E-30	1E-10	1E10	1E-30	1E-10	1E10	1E-30	1E-10	1E10	1E-30	1E-10	1E10	1E-30	1E-10	1E10	1E-30	1E-10	1E10	1E-30	1E-10	1E10	1E-30	1E-10
47	3.9E-12	1E10	1E10	1E-30	1.77665137291681E-10	1E10	1E-30	1E10	0.23	1.8877727175134E-12	1.39102464104338E-10	59.9690116175093	1E10	1E-30	1E-10	1E10	1E-30	1E-10	1E10	1E-30	1E-10	1E10	1E-30	1E-10	1E10	1E-30	1E-10	1E10	1E-30	1E-10	1E10	1E-30	1E-10	1E10	1E-30	1E-10	1E10	1E-30	1E-10	1E10	1E-30	1E-10	1E10	1E-30	1E-10	1E10	1E-30	1E-10	1E10	1E-30	1E-10	1E10	1E-30	1E-10
48	3.9E-12	1E10	1E10	1E-30	1.77665137291681E-10	1E10	1E-30	1E10	0.23	1.8877727175134E-12	1.39102464104338E-10	59.9690116175093	1E10	1E-30	1E-10	1E10	1E-30	1E-10	1E10	1E-30	1E-10	1E10	1E-30	1E-10	1E10	1E-30	1E-10	1E10	1E-30	1E-10	1E10	1E-30	1E-10	1E10	1E-30	1E-10	1E10	1E-30	1E-10	1E10	1E-30	1E-10	1E10	1E-30	1E-10	1E10	1E-30	1E-10	1E10	1E-30	1E-10	1E10	1E-30	1E-10
49	4E-12	1E10	1E10	1E-30	1.77665137291681E-10	1E10	1E-30	1E10	0.23	1.8877727175134E-12	1.39102464104338E-10	59.9690116175093	1E10	1E-30	1E-10	1E10	1E-30	1E-10	1E10	1E-30	1E-10	1E10	1E-30	1E-10	1E10	1E-30	1E-10	1E10	1E-30	1E-10	1E10	1E-30	1E-10	1E10	1E-30	1E-10	1E10	1E-30	1E-10	1E10	1E-30	1E-10	1E10	1E-30	1E-10	1E10	1E-30	1E-10	1E10	1E-30	1E-10	1E10	1E-30	1E-10
50	4E-12	1E10	1E10	1E-30	1.77665137291681E-10	1E10	1E-30	1E10	0.23	1.8877727175134E-12	1.39102464104338E-10	59.9690116175093	1E10	1E-30	1E-10	1E10	1E-30	1E-10	1E10	1E-30	1E-10	1E10	1E-30	1E-10	1E10	1E-30	1E-10	1E10	1E-30	1E-10	1E10	1E-30	1E-10	1E10	1E-30	1E-10	1E10	1E-30	1E-10	1E10	1E-30	1E-10	1E10	1E-30	1E-10	1E10	1E-30	1E-10	1E10	1E-30	1E-10	1E10	1E-30	1E-10
51	4.3E-12	1E10	1E10	1E-30	2.5252606921059E-10	1E10	1E-30	1E10	0.225	1E-30	2.44705416993894E-11	0.453481075408249	2.42988918972689E-11	1.45808727235853E-11	5.69986207991728	3.87711362216402E-12	5.9084055791488E-11	1E5	1E10	1E-30	1E-10	1E10	1E-30	1E-10	1E10	1E-30	1E-10	1E10	1E-30	1E-10	1E10	1E-30	1E-10	1E10	1E-30	1E-10	1E10	1E-30	1E-10	1E10	1E-30	1E-10	1E10	1E-30	1E-10	1E10	1E-30	1E-10	1E10	1E-30	1E-10	1E10	1E-30	1E-10
52	4.3E-12	1E10	1E10	1E-30	2.5252606921059E-10	1E10	1E-30	1E10	0.225	1E-30	2.44705416993894E-11	0.453481075408249	2.42988918972689E-11	1.45808727235853E-11	5.69986207991728	3.87711362216402E-12	5.9084055791488E-11	1E5	1E10	1E-30	1E-10	1E10	1E-30	1E-10	1E10	1E-30	1E-10	1E10	1E-30	1E-10	1E10	1E-30	1E-10	1E10	1E-30	1E-10	1E10	1E-30	1E-10	1E10	1E-30	1E-10	1E10	1E-30	1E-10	1E10	1E-30	1E-10	1E10	1E-30	1E-10	1E10	1E-30	1E-10
53	4.7E-12	1E10	1E10	1E-30	2.9806703471443E-10	1E10	1E-30	1E10	0.21	1E-30	2.53847036808905E-11	0.543993313803515	6.58725106330914E-11	5.88215609111389E-12	1.56867775265591	9.88270812425489E-12	2.60077546218187E-11	1E5	1E10	1E-30	1E-10	1E10	1E-30	1E-10	1E10	1E-30	1E-10	1E10	1E-30	1E-10	1E10	1E-30	1E-10	1E10	1E-30	1E-10	1E10	1E-30	1E-10	1E10	1E-30	1E-10	1E10	1E-30	1E-10	1E10	1E-30	1E-10	1E10	1E-30	1E-10	1E10	1E-30	1E-10
54	4.7E-12	1E10	1E10	1E-30	2.9806703471443E-10	1E10	1E-30	1E10	0.21	1E-30	2.53847036808905E-11	0.543993313803515	6.58725106330914E-11	5.88215609111389E-12	1.56867775265591	9.88270812425489E-12	2.60077546218187E-11	1E5	1E10	1E-30	1E-10	1E10	1E-30	1E-10	1E10	1E-30	1E-10	1E10	1E-30	1E-10	1E10	1E-30	1E-10	1E10	1E-30	1E-10	1E10	1E-30	1E-10	1E10	1E-30	1E-10	1E10	1E-30	1E-10	1E10	1E-30	1E-10	1E10	1E-30	1E-10	1E10	1E-30	1E-10
55	5E-12	1E10	1E10	1E-30	2.95086390595397E-10	1E10	1E-30	1E10	0.21	1E-30	2.03920657399321E-11	0.560231947856481	1.54811998316579E-11	2.64656305907232E-11	9.583713814167	1E10	1E-30	1E-10	1E10	1E-30	1E-10	1E10	1E-30	1E-10	1E10	1E-30	1E-10	1E10	1E-30	1E-10	1E10	1E-30	1E-10	1E10	1E-30	1E-10	1E10	1E-30	1E-10	1E10	1E-30	1E-10	1E10	1E-30	1E-10	1E10	1E-30	1E-10	1E10	1E-30	1E-10	1E10	1E-30	1E-10
56	5E-12	1E10	1E10	1E-30	2.95086390595397E-10	1E10	1E-30	1E10	0.21	1E-30	2.03920657399321E-11	0.560231947856481	1.54811998316579E-11	2.64656305907232E-11	9.583713814167	1E10	1E-30	1E-10	1E10	1E-30	1E-10	1E10	1E-30	1E-10	1E10	1E-30	1E-10	1E10	1E-30	1E-10	1E10	1E-30	1E-10	1E10	1E-30	1E-10	1E10	1E-30	1E-10	1E10	1E-30	1E-10	1E10	1E-30	1E-10	1E10	1E-30	1E-10	1E10	1E-30	1E-10	1E10	1E-30	1E-10
57	5.1E-12	1E10	1E10	1E-30	2.95086390595397E-10	1E10	1E-30	1E10	0.21	1E-30	2.03920657399321E-11	0.560231947856481	1.54811998316579E-11	2.64656305907232E-11	9.583713814167	1E10	1E-30	1E-10	1E10	1E-30	1E-10	1E10	1E-30	1E-10	1E10	1E-30	1E-10	1E10	1E-30	1E-10	1E10	1E-30	1E-10	1E10	1E-30	1E-10	1E10	1E-30	1E-10	1E10	1E-30	1E-10	1E10	1E-30	1E-10	1E10	1E-30	1E-10	1E10	1E-30	1E-10	1E10	1E-30	1E-10
58	5.1E-12	1E10	1E10	1E-30	2.95086390595397E-10	1E10	1E-30	1E10	0.21	1E-30	2.03920657399321E-11	0.560231947856481	1.54811998316579E-11	2.64656305907232E-11	9.583713814167	1E10	1E-30	1E-10	1E10	1E-30	1E-10	1E10	1E-30	1E-10	1E10	1E-30	1E-10	1E10	1E-30	1E-10	1E10	1E-30	1E-10	1E10	1E-30	1E-10	1E10	1E-30	1E-10	1E10	1E-30	1E-10	1E10	1E-30	1E-10	1E10	1E-30	1E-10	1E10	1E-30	1E-10	1E10	1E-30	1E-10
59	5.6E-12	1E10	1E10	1E-30	2.50283172442322E-10	1E10	1E-30	1E10	0.21	1E-30	1.89929940236227E-11	0.310268514130999	1.63946160909122E-11	2.89378054532116E-11	10.0405784945902	8.09712668968088E-12	3.24823838155356E-11	1E5	1E10	1E-30	1E-10	1E10	1E-30	1E-10	1E10	1E-30	1E-10	1E10	1E-30	1E-10	1E10	1E-30	1E-10	1E10	1E-30	1E-10	1E10	1E-30	1E-10	1E10	1E-30	1E-10	1E10	1E-30	1E-10	1E10	1E-30	1E-10	1E10	1E-30	1E-10	1E10	1E-30	1E-10
60	5.6E-12	1E10	1E10	1E-30	2.50283172442322E-10	1E10	1E-30	1E10	0.21	1E-30	1.89929940236227E-11	0.310268514130999	1.63946160909122E-11	2.89378054532116E-11	10.0405784945902	8.09712668968088E-12	3.24823838155356E-11	1E5	1E10	1E-30	1E-10	1E10	1E-30	1E-10	1E10	1E-30	1E-10	1E10	1E-30	1E-10	1E10	1E-30	1E-10	1E10	1E-30	1E-10	1E10	1E-30	1E-10	1E10	1E-30	1E-10	1E10	1E-30	1E-10	1E10	1E-30	1E-10	1E10	1E-30	1E-10	1E10	1E-30	1E-10
61	6E-12	1E10	1E10	1E-30	2.18557826012455E-10	1E10	1E-30	1E10	0.21	1E-30	1.57221387636404E-11	0.340073623285689	2.18146954417123E-11	1.95698090719978E-11	3.23720491516662	3.96234482124569E-12	6.85794837938725E-11	1E5	1E10	1E-30	1E-10	1E10	1E-30	1E-10	1E10	1E-30	1E-10	1E10	1E-30	1E-10	1E10	1E-30	1E-10	1E10	1E-30	1E-10	1E10	1E-30	1E-10	1E10	1E-30	1E-10	1E10	1E-30	1E-10	1E10	1E-30	1E-10	1E10	1E-30	1E-10	1E10	1E-30	1E-10
62	6E-12	1E10	1E10	1E-30	2.18557826012455E-10	1E10	1E-30	1E10	0.21	1E-30	1.57221387636404E-11	0.340073623285689	2.18146954417123E-11	1.95698090719978E-11	3.23720491516662	3.96234482124569E-12	6.85794837938725E-11	1E5	1E10	1E-30	1E-10	1E10	1E-30	1E-10	1E10	1E-30	1E-10	1E10	1E-30	1E-10	1E10	1E-30	1E-10	1E10	1E-30	1E-10	1E10	1E-30	1E-10	1E10	1E-30	1E-10	1E10	1E-30	1E-10	1E10	1E-30	1E-10	1E10	1E-30	1E-10	1E10	1E-30	1E-10
63	6.2E-12	1E10	1E10	1E-30	2.52542513831839E-10	1E10	1E-30	1E10	0.208	1E-30	2.11827123836495E-11	0.412424511933092	5.49987834627583E-11	8.414706392838E-12	1.79168315966133	4.66448715945345E-12	4.91105645124593E-11	1E5	1E10	1E-30	1E-10	1E10	1E-30	1E-10	1E10	1E-30	1E-10	1E10	1E-30	1E-10	1E10	1E-30	1E-10	1E10	1E-30	1E-10	1E10	1E-30	1E-10	1E10	1E-30	1E-10	1E10	1E-30	1E-10	1E10	1E-30	1E-10	1E10	1E-30	1E-10	1E10	1E-30	1E-10
64	6.2E-12	1E10	1E10	1E-30	2.52542513831839E-10	1E10	1E-30	1E10	0.208	1E-30	2.11827123836495E-11	0.412424511933092	5.49987834627583E-11	8.414706392838E-12	1.79168315966133	4.66448715945345E-12	4.91105645124593E-11	1E5	1E10	1E-30	1E-10	1E10	1E-30	1E-10	1E10	1E-30	1E-10	1E10	1E-30	1E-10	1E10	1E-30	1E-10	1E10	1E-30	1E-10	1E10	1E-30	1E-10	1E10	1E-30	1E-10	1E10	1E-30	1E-10	1E10	1E-30	1E-10	1E10	1E-30	1E-10	1E10	1E-30	1E-10
65	6.8E-12	1E10	1E10	1E-30	2.23270492949797E-10	1E10	1E-30	1E10	0.2	1E-30	2.28527932847981E-11	0.33878705600239	1.2666239455928E-10	4.41128942258916E-12	1.11955359076678	7.05237402540861E-11	4.9958391857579E-12	1.60831606562908	3.3423377059848E-12	7.34392951097888E-11	1E5	1E10	1E-30	1E-10	1E10	1E-30	1E-10	1E10	1E-30	1E-10	1E10	1E-30	1E-10	1E10	1E-30	1E-10	1E10	1E-30	1E-10	1E10	1E-30	1E-10	1E10	1E-30	1E-10	1E10	1E-30	1E-10	1E10	1E-30	1E-10	1E10	1E-30	1E-10
66	6.8E-12	1E10	1E10	1E-30	2.23270492949797E-10	1E10	1E-30	1E10	0.2	1E-30	2.28527932847981E-11	0.33878705600239	1.2666239455928E-10	4.41128942258916E-12	1.11955359076678	7.05237402540861E-11	4.9958391857579E-12	1.60831606562908	3.3423377059848E-12	7.34392951097888E-11	1E5	1E10	1E-30	1E-10	1E10	1E-30	1E-10	1E10	1E-30	1E-10	1E10	1E-30	1E-10	1E10	1E-30	1E-10	1E10	1E-30	1E-10	1E10	1E-30	1E-10	1E10	1E-30	1E-10	1E10	1E-30	1E-10	1E10	1E-30	1E-10	1E10	1E-30	1E-10
67	7E-12	1E10	1E10	1E-30	2.23270492949797E-10	1E10	1E-30	1E10	0.2	1E-30	2.28527932847981E-11	0.33878705600239	1.2666239455928E-10	4.41128942258916E-12	1.11955359076678	7.05237402540861E-11	4.9958391857579E-12	1.60831606562908	3.3423377059848E-12	7.34392951097888E-11	1E5	1E10	1E-30	1E-10	1E10	1E-30	1E-10	1E10	1E-30	1E-10	1E10	1E-30	1E-10	1E10	1E-30	1E-10	1E10	1E-30	1E-10	1E10	1E-30	1E-10	1E10	1E-30	1E-10	1E10	1E-30	1E-10	1E10	1E-30	1E-10	1E10	1E-30	1E-10
68	7E-12	1E10	1E10	1E-30	2.23270492949797E-10	1E10	1E-30	1E10	0.2	1E-30	2.28527932847981E-11	0.33878705600239	1.2666239455928E-10	4.41128942258916E-12	1.11955359076678	7.05237402540861E-11	4.9958391857579E-12	1.60831606562908	3.3423377059848E-12	7.34392951097888E-11	1E5	1E10	1E-30	1E-10	1E10	1E-30	1E-10	1E10	1E-30	1E-10	1E10	1E-30	1E-10	1E10	1E-30	1E-10	1E10	1E-30	1E-10	1E10	1E-30	1E-10	1E10	1E-30	1E-10	1E10	1E-30	1E-10	1E10	1E-30	1E-10	1E10	1E-30	1E-10
69	7.5E-12	1E10	1E10	1E-30	2.25429080069248E-10	1E10	1E-30	1E10	0.198	1E-30	8.75421786396201E-12	0.163057170545665	1.48221847935098E-11	3.81580267407723E-11	10.1845904959548	8.76553617681598E-12	3.81953717699731E-11	13.5629801552176	1E10	1E-30	1E-10	1E10	1E-30	1E-10	1E10	1E-30	1E-10	1E10	1E-30	1E-10	1E10	1E-30	1E-10	1E10	1E-30	1E-10	1E10	1E-30	1E-10	1E10	1E-30	1E-10	1E10	1E-30	1E-10	1E10	1E-30	1E-10	1E10	1E-30	1E-10	1E10	1E-30	1E-10
70	7.5E-12	1E10	1E10	1E-30	2.25429080069248E-10	1E10	1E-30	1E10	0.198	1E-30	8.75421786396201E-12	0.163057170545665	1.48221847935098E-11	3.81580267407723E-11	10.1845904959548	8.76553617681598E-12	3.81953717699731E-11	13.5629801552176	1E10	1E-30	1E-10	1E10	1E-30	1E-10	1E10	1E-30	1E-10	1E10	1E-30	1E-10	1E10	1E-30	1E-10	1E10	1E-30	1E-10	1E10	1E-30	1E-10	1E10	1E-30	1E-10	1E10	1E-30	1E-10	1E10	1E-30	1E-10	1E10	1E-30	1E-10	1E10	1E-30	1E-10
71	8E-12	1E10	1E10	1E-30	2.6011158895409E-10	1E10	1E-30	1E10	0.196	1E-30	2.21335580345527E-11	0.341526394963604	1.93317320781113E-10	3.33464858609284E-12	0.628057576528196	3.92780617794383E-11	8.73665950776675E-12	1.60631207279404	7.98363604483223E-12	3.44967433686619E-11	1E5	1E10	1E-30	1E-10	1E10	1E-30	1E-10	1E10	1E-30	1E-10	1E10	1E-30	1E-10	1E10	1E-30	1E-10	1E10	1E-30	1E-10	1E10	1E-30	1E-10	1E10	1E-30	1E-10	1E10	1E-30	1E-10	1E10	1E-30	1E-10	1E10	1E-30	1E-10
72	8E-12	1E10	1E10	1E-30	2.6011158895409E-10	1E10	1E-30	1E10	0.196	1E-30	2.21335580345527E-11	0.341526394963604	1.93317320781113E-10	3.33464858609284E-12	0.628057576528196	3.92780617794383E-11	8.73665950776675E-12	1.60631207279404	7.98363604483223E-12	3.44967433686619E-11	1E5	1E10	1E-30	1E-10	1E10	1E-30	1E-10	1E10	1E-30	1E-10	1E10	1E-30	1E-10	1E10	1E-30	1E-10	1E10	1E-30	1E-10	1E10	1E-30	1E-10	1E10	1E-30	1E-10	1E10	1E-30	1E-10	1E10	1E-30	1E-10	1E10	1E-30	1E-10
73	8.2E-12	1E10	1E10	1E-30	2.6011158895409E-10	1E10	1E-30	1E10	0.196	1E-30	2.21335580345527E-11	0.341526394963604	1.93317320781113E-10	3.33464858609284E-12	0.628057576528196	3.92780617794383E-11	8.73665950776675E-12	1.60631207279404	7.98363604483223E-12	3.44967433686619E-11	1E5	1E10	1E-30	1E-10	1E10	1E-30	1E-10	1E10	1E-30	1E-10	1E10	1E-30	1E-10	1E10	1E-30	1E-10	1E10	1E-30	1E-10	1E10	1E-30	1E-10	1E10	1E-30	1E-10	1E10	1E-30	1E-10	1E10	1E-30	1E-10	1E10	1E-30	1E-10
74	8.2E-12	1E10	1E10	1E-30	2.6011158895409E-10	1E10	1E-30	1E10	0.196	1E-30	2.21335580345527E-11	0.341526394963604	1.93317320781113E-10	3.33464858609284E-12	0.628057576528196	3.92780617794383E-11	8.73665950776675E-12	1.60631207279404	7.98363604483223E-12	3.44967433686619E-11	1E5	1E10	1E-30	1E-10	1E10	1E-30	1E-10	1E10	1E-30	1E-10	1E10	1E-30	1E-10	1E10	1E-30	1E-10	1E10	1E-30	1E-10	1E10	1E-30	1E-10	1E10	1E-30	1E-10	1E10	1E-30	1E-10	1E10	1E-30	1E-10	1E10	1E-30	1E-10
75	9E-12	1E10	1E10	1E-30	1.74699419346263E-10	1E10	1E-30	1E10	0.19	1E-30	9.15600048997576E-12	0.157093614661011	1.85661817911653E-11	3.75436893027156E-11	8.66178938337007	3.35797145609078E-12	8.36085958933029E-11	43.2146972483404	1E10	1E-30	1E-10	1E10	1E-30	1E-10	1E10	1E-30	1E-10	1E10	1E-30	1E-10	1E10	1E-30	1E-10	1E10	1E-30	1E-10	1E10	1E-30	1E-10	1E10	1E-30	1E-10	1E10	1E-30	1E-10	1E10	1E-30	1E-10	1E10	1E-30	1E-10	1E10	1E-30	1E-10
76	9E-12	1E10	1E10	1E-30	1.74699419346263E-10	1E10	1E-30	1E10	0.19	1E-30	9.15600048997576E-12	0.157093614661011	1.85661817911653E-11	3.75436893027156E-11	8.66178938337007	3.35797145609078E-12	8.36085958933029E-11	43.2146972483404	1E10	1E-30	1E-10	1E10	1E-30	1E-10	1E10	1E-30	1E-10	1E10	1E-30	1E-10	1E10	1E-30	1E-10	1E10	1E-30	1E-10	1E10	1E-30	1E-10	1E10	1E-30	1E-10	1E10	1E-30	1E-10	1E10	1E-30	1E-10	1E10	1E-30	1E-10	1E10	1E-30	1E-10
77	9.1E-12	1E10	1E10	1E-30	1.74699419346263E-10	1E10	1E-30	1E10	0.19	1E-30	9.15600048997576E-12	0.157093614661011	1.85661817911653E-11	3.75436893027156E-11	8.66178938337007	3.35797145609078E-12	8.36085958933029E-11	43.2146972483404	1E10	1E-30	1E-10	1E10	1E-30	1E-10	1E10	1E-30	1E-10	1E10	1E-30	1E-10	1E10	1E-30	1E-10	1E10	1E-30	1E-10	1E10	1E-30	1E-10	1E10	1E-30	1E-10	1E10	1E-30	1E-10	1E10	1E-30	1E-10	1E10	1E-30	1E-10	1E10	1E-30	1E-10
78	9.1E-12	1E10	1E10	1E-30	1.74699419346263E-10	1E10	1E-30	1E10	0.19	1E-30	9.15600048997576E-12	0.157093614661011	1.85661817911653E-11	3.75436893027156E-11	8.66178938337007	3.35797145609078E-12	8.36085958933029E-11	43.2146972483404	1E10	1E-30	1E-10	1E10	1E-30	1E-10	1E10	1E-30	1E-10	1E10	1E-30	1E-10	1E10	1E-30	1E-10	1E10	1E-30	1E-10	1E10	1E-30	1E-10	1E10	1E-30	1E-10	1E10	1E-30	1E-10	1E10	1E-30	1E-10	1E10	1E-30	1E-10	1E10	1E-30	1E-10
79	1E-11	1E10	1E10	1E-30	5.80855417603146E-11	1E10	1E-30	1E10	0.14	1E-30	2.26071010818156E-11	0.235450367966954	2.75921408605026E-11	2.92008961098316E-11	7.27692680382661	1.05932024753896E-11	3.15090578942881E-11	5.68412243335994	9.27915843682596E-13	2.12584453693625E-10	1E5	1E10	1E-30	1E-10	1E10	1E-30	1E-10	1E10	1E-30	1E-10	1E10	1E-30	1E-10	1E10	1E-30	1E-10	1E10	1E-30	1E-10	1E10	1E-30	1E-10	1E10	1E-30	1E-10	1E10	1E-30	1E-10	1E10	1E-30	1E-10	1E10	1E-30	1E-10
80	1E-11	1E10	1E10	1E-30	5.80855417603146E-11	1E10	1E-30	1E10	0.14	1E-30	2.26071010818156E-11	0.235450367966954	2.75921408605026E-11	2.92008961098316E-11	7.27692680382661	1.05932024753896E-11	3.15090578942881E-11	5.68412243335994	9.27915843682596E-13	2.12584453693625E-10	1E5	1E10	1E-30	1E-10	1E10	1E-30	1E-10	1E10	1E-30	1E-10	1E10	1E-30	1E-10	1E10	1E-30	1E-10	1E10	1E-30	1E-10	1E10	1E-30	1E-10	1E10	1E-30	1E-10	1E10	1E-30	1E-10	1E10	1E-30	1E-10	1E10	1E-30	1E-10
81	1.2E-11	1E10	1E10	1E-30	8.99638523969102E-11	1E10	1E-30	1E10	0.12	1E-30	2.39884164711268E-11	0.246633769287623	8.69064460927961E-11	1.21353823205088E-11	2.88158324975585	1.15501598988724E-11	2.90883957549496E-11	5.23880381443447	1.1001476214228E-12	1.75222199427837E-10	1E5	1E10	1E-30	1E-10	1E10	1E-30	1E-10	1E10	1E-30	1E-10	1E10	1E-30	1E-10	1E10	1E-30	1E-10	1E10	1E-30	1E-10	1E10	1E-30	1E-10	1E10	1E-30	1E-10	1E10	1E-30	1E-10	1E10	1E-30	1E-10	1E10	1E-30	1E-10
82	1.2E-11	1E10	1E10	1E-30	8.99638523969102E-11	1E10	1E-30	1E10	0.12	1E-30	2.39884164711268E-11	0.246633769287623	8.69064460927961E-11	1.21353823205088E-11	2.88158324975585	1.15501598988724E-11	2.90883957549496E-11	5.23880381443447	1.1001476214228E-12	1.75222199427837E-10	1E5	1E10	1E-30	1E-10	1E10	1E-30	1E-10	1E10	1E-30	1E-10	1E10	1E-30	1E-10	1E10	1E-30	1E-10	1E10	1E-30	1E-10	1E10	1E-30	1E-10	1E10	1E-30	1E-10	1E10	1E-30	1E-10	1E10	1E-30	1E-10	1E10	1E-30	1E-10
83	1.5E-11	1E10	1E10	1E-30	1.75415531769545E-10	1E10	1E-30	1E10	0.15	1E-30	2.51586736127952E-11	0.418222314603599	1.21592684127204E-10	8.83916495860994E-12	1.71309156034132	1.46815774504112E-11	2.31433066508351E-11	4.50050068435311	1.36952908889188E-12	1.50823435964885E-10	1E5	1E10	1E-30	1E-10	1E10	1E-30	1E-10	1E10	1E-30	1E-10	1E10	1E-30	1E-10	1E10	1E-30	1E-10	1E10	1E-30	1E-10	1E10	1E-30	1E-10	1E10	1E-30	1E-10	1E10	1E-30	1E-10	1E10	1E-30	1E-10	1E10	1E-30	1E-10
84	1.5E-11	1E10	1E10	1E-30	1.75415531769545E-10	1E10	1E-30	1E10	0.15	1E-30	2.51586736127952E-11	0.418222314603599	1.21592684127204E-10	8.83916495860994E-12	1.71309156034132	1.46815774504112E-11	2.31433066508351E-11	4.50050068435311	1.36952908889188E-12	1.50823435964885E-10	1E5	1E10	1E-30	1E-10	1E10	1E-30	1E-10	1E10	1E-30	1E-10	1E10	1E-30	1E-10	1E10	1E-30	1E-10	1E10	1E-30	1E-10	1E10	1E-30	1E-10	1E10	1E-30	1E-10	1E10	1E-30	1E-10	1E10	1E-30	1E-10	1E10	1E-30	1E-10
85	1.8E-11	1E10	1E10	1E-30	1.18595454648721E-10	1E10	1E-30	1E10	0.12	1E-30	2.40341530647186E-11	0.205387695800315	1.21065684732511E-10	1.12106022992067E-11	1.91519383044982	7.86055022832976E-12	4.31624465561146E-11	5.98649325068589	1.02235383915761E-12	1.84263306187146E-10	1169280786.78743	1E10	1E-30	1E-10	1E10	1E-30	1E-10	1E10	1E-30	1E-10	1E10	1E-30	1E-10	1E10	1E-30	1E-10	1E10	1E-30	1E-10	1E10	1E-30	1E-10	1E10	1E-30	1E-10	1E10	1E-30	1E-10	1E10	1E-30	1E-10	1E10	1E-30	1E-10
86	1.8E-11	1E10	1E10	1E-30	1.18595454648721E-10	1E10	1E-30	1E10	0.12	1E-30	2.40341530647186E-11	0.205387695800315	1.21065684732511E-10	1.12106022992067E-11	1.91519383044982	7.86055022832976E-12	4.31624465561146E-11	5.98649325068589	1.02235383915761E-12	1.84263306187146E-10	1169280786.78743	1E10	1E-30	1E-10	1E10	1E-30	1E-10	1E10	1E-30	1E-10	1E10	1E-30	1E-10	1E10	1E-30	1E-10	1E10	1E-30	1E-10	1E10	1E-30	1E-10	1E10	1E-30	1E-10	1E10	1E-30	1E-10	1E10	1E-30	1E-10	1E10	1E-30	1E-10
87	2.2E-11	1E10	1E10	1E-30	1.21357897658386E-10	1E10	1E-30	1E10	0.12	1E-30	2.62516021500757E-11	0.316884804271523	1.88355293969054E-10	8.61911911646729E-12	1.00621170256609	1.71496702204191E-11	2.42201061671166E-11	3.66787606783766	9.64454246070812E-13	1.99874993247583E-10	1268347964.65825	1E10	1E-30	1E-10	1E10	1E-30	1E-10	1E10	1E-30	1E-10	1E10	1E-30	1E-10	1E10	1E-30	1E-10	1E10	1E-30	1E-10	1E10	1E-30	1E-10	1E10	1E-30	1E-10	1E10	1E-30	1E-10	1E10	1E-30	1E-10	1E10	1E-30	1E-10
88	2.2E-11	1E10	1E10	1E-30	1.21357897658386E-10	1E10	1E-30	1E10	0.12	1E-30	2.62516021500757E-11	0.316884804271523	1.88355293969054E-10	8.61911911646729E-12	1.00621170256609	1.71496702204191E-11	2.42201061671166E-11	3.66787606783766	9.64454246070812E-13	1.99874993247583E-10	1268347964.65825	1E10	1E-30	1E-10	1E10	1E-30	1E-10	1E10	1E-30	1E-10	1E10	1E-30	1E-10	1E10	1E-30	1E-10	1E10	1E-30	1E-10	1E10	1E-30	1E-10	1E10	1E-30	1E-10	1E10	1E-30	1E-10	1E10	1E-30	1E-10	1E10	1E-30	1E-10
89	2.7E-11	1E10	1E10	1E-30	4.2558973564265E-11	1E10	1E-30	1E10	0.115	1E-30	4.18347071914545E-11	1.49100576218574	3.62185409226355E-10	5.63693161549282E-12	0.864270932372171	1.30010908396286E-10	5.00679533824517E-12	1.35805180714326	1.33175607267628E-11	2.30038668980169E-11	2.51174196130006	6.64727824033653E-13	2.45355804603891E-10	1E5	1E10	1E-30	1E-10	1E10	1E-30	1E-10	1E10	1E-30	1E-10	1E10	1E-30	1E-10	1E10	1E-30	1E-10	1E10	1E-30	1E-10	1E10	1E-30	1E-10	1E10	1E-30	1E-10	1E10	1E-30	1E-10	1E10	1E-30	1E-10
90	2.7E-11	1E10	1E10	1E-30	4.2558973564265E-11	1E10	1E-30	1E10	0.115	1E-30	4.18347071914545E-11	1.49100576218574	3.62185409226355E-10	5.63693161549282E-12	0.864270932372171	1.30010908396286E-10	5.00679533824517E-12	1.35805180714326	1.33175607267628E-11	2.30038668980169E-11	2.51174196130006	6.64727824033653E-13	2.45355804603891E-10	1E5	1E10	1E-30	1E-10	1E10	1E-30	1E-10	1E10	1E-30	1E-10	1E10	1E-30	1E-10	1E10	1E-30	1E-10	1E10	1E-30	1E-10	1E10	1E-30	1E-10	1E10	1E-30	1E-10	1E10	1E-30	1E-10	1E10	1E-30	1E-10
91	3.3E-11	1E10	1E10	1E-30	7.31253645798914E-11	1E10	1E-30	1E10	0.12	1E-30	1.74484702767999E-11	0.159592125102739	4.83101801335439E-10	5.11734489616658E-12	0.447265239048861	3.86006133800093E-11	2.07790497204911E-11	2.35503434500351	1.38506741225988E-11	2.37073643781304E-11	4.88987148174931	8.17538232731554E-13	2.25181143204397E-10	1E5	1E10	1E-30	1E-10	1E10	1E-30	1E-10	1E10	1E-30	1E-10	1E10	1E-30	1E-10	1E10	1E-30	1E-10	1E10	1E-30	1E-10	1E10	1E-30	1E-10	1E10	1E-30	1E-10	1E10	1E-30	1E-10	1E10	1E-30	1E-10
92	3.3E-11	1E10	1E10	1E-30	7.31253645798914E-11	1E10	1E-30	1E10	0.12	1E-30	1.74484702767999E-11	0.159592125102739	4.83101801335439E-10	5.11734489616658E-12	0.447265239048861	3.86006133800093E-11	2.07790497204911E-11	2.35503434500351	1.38506741225988E-11	2.37073643781304E-11	4.88987148174931	8.17538232731554E-13	2.25181143204397E-10	1E5	1E10	1E-30	1E-10	1E10	1E-30	1E-10	1E10	1E-30	1E-10	1E10	1E-30	1E-10	1E10	1E-30	1E-10	1E10	1E-30	1E-10	1E10	1E-30	1E-10	1E10	1E-30	1E-10	1E10	1E-30	1E-10	1E10	1E-30	1E-10
93	3.9E-11	1E10	1E10	1E-30	1.03292322933324E-10	1E10	1E-30	1E10	0.11	1E-30	1.46832824334214E-11	0.128959751360092	4.12663281943836E-10	7.65487649967136E-12	0.778573080428757	7.41817661482532E-11	1.23882995534614E-11	1.56067074354971	1.27449313355694E-11	2.56555289860656E-11	4.19788275526181	7.58432775252585E-13	1.92807089570911E-10	1E5	1E10	1E-30	1E-10	1E10	1E-30	1E-10	1E10	1E-30	1E-10	1E10	1E-30	1E-10	1E10	1E-30	1E-10	1E10	1E-30	1E-10	1E10	1E-30	1E-10	1E10	1E-30	1E-10	1E10	1E-30	1E-10	1E10	1E-30	1E-10
94	3.9E-11	1E10	1E10	1E-30	1.03292322933324E-10	1E10	1E-30	1E10	0.11	1E-30	1.46832824334214E-11	0.128959751360092	4.12663281943836E-10	7.65487649967136E-12	0.778573080428757	7.41817661482532E-11	1.23882995534614E-11	1.56067074354971	1.27449313355694E-11	2.56555289860656E-11	4.19788275526181	7.58432775252585E-13	1.92807089570911E-10	1E5	1E10	1E-30	1E-10	1E10	1E-30	1E-10	1E10	1E-30	1E-10	1E10	1E-30	1E-10	1E10	1E-30	1E-10	1E10	1E-30	1E-10	1E10	1E-30	1E-10	1E10	1E-30	1E-10	1E10	1E-30	1E-10	1E10	1E-30	1E-10
95	4.7E-11	1E10	1E10	1E-30	7.48286731325781E-11	1E10	1E-30	1E10	0.1	1E-30	1.30347313166403E-11	0.144109326702263	3.94406031976313E-10	1.00271088027933E-11	0.936914820938112	7.38362646995392E-11	1.72879150093555E-11	1.8629158807294	1.34019409788933E-11	2.64137717899224E-11	2.96231517016261	8.20746734955948E-13	1.99908346868201E-10	1E5	1E10	1E-30	1E-10	1E10	1E-30	1E-10	1E10	1E-30	1E-10	1E10	1E-30	1E-10	1E10	1E-30	1E-10	1E10	1E-30	1E-10	1E10	1E-30	1E-10	1E10	1E-30	1E-10	1E10	1E-30	1E-10	1E10	1E-30	1E-10
96	4.7E-11	1E10	1E10	1E-30	7.48286731325781E-11	1E10	1E-30	1E10	0.1	1E-30	1.30347313166403E-11	0.144109326702263	3.94406031976313E-10	1.00271088027933E-11	0.936914820938112	7.38362646995392E-11	1.72879150093555E-11	1.8629158807294	1.34019409788933E-11	2.64137717899224E-11	2.96231517016261	8.20746734955948E-13	1.99908346868201E-10	1E5	1E10	1E-30	1E-10	1E10	1E-30	1E-10	1E10	1E-30	1E-10	1E10	1E-30	1E-10	1E10	1E-30	1E-10	1E10	1E-30	1E-10	1E10	1E-30	1E-10	1E10	1E-30	1E-10	1E10	1E-30	1E-10	1E10	1E-30	1E-10
97	5.6E-11	1E10	1E10	1E-30	1.44640386939166E-10	1E10	1E-30	1E10	0.11	1E-30	1.24890863495613E-11	0.102153949594484	4.70461052455634E-10	8.55451539994036E-12	0.759538767785602	8.85009691719633E-11	1.88676928518919E-11	1.83258076143913	9.16530562147171E-12	3.40928490715637E-11	3.30379252846572	1.35558730841173E-12	1.32712734388483E-10	1E5	1E10	1E-30	1E-10	1E10	1E-30	1E-10	1E10	1E-30	1E-10	1E10	1E-30	1E-10	1E10	1E-30	1E-10	1E10	1E-30	1E-10	1E10	1E-30	1E-10	1E10	1E-30	1E-10	1E10	1E-30	1E-10	1E10	1E-30	1E-10
98	5.6E-11	1E10	1E10	1E-30	1.44640386939166E-10	1E10	1E-30	1E10	0.11	1E-30	1.24890863495613E-11	0.102153949594484	4.70461052455634E-10	8.55451539994036E-12	0.759538767785602	8.85009691719633E-11	1.88676928518919E-11	1.83258076143913	9.16530562147171E-12	3.40928490715637E-11	3.30379252846572	1.35558730841173E-12	1.32712734388483E-10	1E5	1E10	1E-30	1E-10	1E10	1E-30	1E-10	1E10	1E-30	1E-10	1E10	1E-30	1E-10	1E10	1E-30	1E-10	1E10	1E-30	1E-10	1E10	1E-30	1E-10	1E10	1E-30	1E-10	1E10	1E-30	1E-10	1E10	1E-30	1E-10
99	6.8E-11	1E10	1E10	1E-30	2.15808250651519E-10	1E10	1E-30	1E10	0.11	1E-30	2.49455017509079E-11	0.169833296578074	6.39676312934917E-10	5.84612302375317E-12	0.341529255803176	6.13992277301372E-11	2.21436919146646E-11	1.60045477529542	2.41999210604315E-11	1.60034796809656E-11	1.91327431601237	1.95420070207599E-12	1.24185510386408E-10	1E5	1E10	1E-30	1E-10	1E10	1E-30	1E-10	1E10	1E-30	1E-10	1E10	1E-30	1E-10	1E10	1E-30	1E-10	1E10	1E-30	1E-10	1E10	1E-30	1E-10	1E10	1E-30	1E-10	1E10	1E-30	1E-10	1E10	1E-30	1E-10
100	6.8E-11	1E10	1E10	1E-30	2.15808250651519E-10	1E10	1E-30	1E10	0.11	1E-30	2.49455017509079E-11	0.169833296578074	6.39676312934917E-10	5.84612302375317E-12	0.341529255803176	6.13992277301372E-11	2.21436919146646E-11	1.60045477529542	2.41999210604315E-11	1.60034796809656E-11	1.91327431601237	1.95420070207599E-12	1.24185510386408E-10	1E5	1E10	1E-30	1E-10	1E10	1E-30	1E-10	1E10	1E-30	1E-10	1E10	1E-30	1E-10	1E10	1E-30	1E-10	1E10	1E-30	1E-10	1E10	1E-30	1E-10	1E10	1E-30	1E-10	1E10	1E-30	1E-10	1E10	1E-30	1E-10
101	8.2E-11	1E10	1E10	1E-30	1.53858415197409E-10	1E10	1E-30	1E10	0.11	1E-30	1.32410913043179E-11	6.92244848720978E-02	1.02622241376951E-09	5.13579841163414E-12	0.335806831031364	1.16116398566446E-10	1.74490875128699E-11	1.21221407976442	5.16905083623579E-12	4.6202165529215E-11	3.14956307938294	1.5214510518472E-12	1.45472903402628E-10	923128291.066899	1E10	1E-30	1E-10	1E10	1E-30	1E-10	1E10	1E-30	1E-10	1E10	1E-30	1E-10	1E10	1E-30	1E-10	1E10	1E-30	1E-10	1E10	1E-30	1E-10	1E10	1E-30	1E-10	1E10	1E-30	1E-10	1E10	1E-30	1E-10
102	8.2E-11	1E10	1E10	1E-30	1.53858415197409E-10	1E10	1E-30	1E10	0.11	1E-30	1.32410913043179E-11	6.92244848720978E-02	1.02622241376951E-09	5.13579841163414E-12	0.335806831031364	1.16116398566446E-10	1.74490875128699E-11	1.21221407976442	5.16905083623579E-12	4.6202165529215E-11	3.14956307938294	1.5214510518472E-12	1.45472903402628E-10	923128291.066899	1E10	1E-30	1E-10	1E10	1E-30	1E-10	1E10	1E-30	1E-10	1E10	1E-30	1E-10	1E10	1E-30	1E-10	1E10	1E-30	1E-10	1E10	1E-30	1E-10	1E10	1E-30	1E-10	1E10	1E-30	1E-10	1E10	1E-30	1E-10
103	1E-10	1E10	1E10	1E-30	2.12383735315241E-10	1E10	1E-30	1E10	0.11	1E-30	7.81844459589021E-12	0.034211165297577	8.95903383825545E-10	7.6974012849362E-12	0.351652630660493	1.74075486021945E-10	1.63155409893593E-11	1.0231338323372	7.081037303208E-12	3.53697330859959E-11	1.6970287063608	2.11963455730068E-12	9.97192721965459E-11	1E5	1E10	1E-30	1E-10	1E10	1E-30	1E-10	1E10	1E-30	1E-10	1E10	1E-30	1E-10	1E10	1E-30	1E-10	1E10	1E-30	1E-10	1E10	1E-30	1E-10	1E10	1E-30	1E-10	1E10	1E-30	1E-10	1E10	1E-30	1E-10
104	1E-10	1E10	1E10	1E-30	2.12383735315241E-10	1E10	1E-30	1E10	0.11	1E-30	7.81844459589021E-12	0.034211165297577	8.95903383825545E-10	7.6974012849362E-12	0.351652630660493	1.74075486021945E-10	1.63155409893593E-11	1.0231338323372	7.081037303208E-12	3.53697330859959E-11	1.6970287063608	2.11963455730068E-12	9.97192721965459E-11	1E5	1E10	1E-30	1E-10	1E10	1E-30	1E-10	1E10	1E-30	1E-10	1E10	1E-30	1E-10	1E10	1E-30	1E-10	1E10	1E-30	1E-10	1E10	1E-30	1E-10	1E10	1E-30	1E-10	1E10	1E-30	1E-10	1E10	1E-30	1E-10
105	1.2E-10	1E10	1E10	1E-30	5.9438527836161E-11	1E10	1E-30	1E10	0.115	1.03800911964015E-09	8.95794471826175E-12	0.511886732923121	2.74865706170251E-10	1.45006907134643E-11	1.05453812936634	5.37880498716848E-12	5.44713330092058E-11	1.42087028570554	3.01316622172311E-13	2.43229922413435E-10	1E5	1E10	1E-30	1E-10	1E10	1E-30	1E-10	1E10	1E-30	1E-10	1E10	1E-30	1E-10	1E10	1E-30	1E-10	1E10	1E-30	1E-10	1E10	1E-30	1E-10	1E10	1E-30	1E-10	1E10	1E-30	1E-10	1E10	1E-30	1E-10	1E10	1E-30	1E-10
106	1.5E-10	1E10	1E10	1E-30	2.01403978068005E-10	1E10	1E-30	1E10	9.06306586549104E-02	1E-30	8.02349365981855E-12	2.55810848741273E-02	1.22703765909188E-09	8.58974331508826E-12	0.336605861283754	2.99118307910426E-10	1.48594220188195E-11	0.868684499700468	6.8106852026425E-12	5.01665587523426E-11	1.47950995167182	2.02966580992761E-12	1.11587501984705E-10	125892.541179417	1E10	1E-30	1E-10	1E10	1E-30	1E-10	1E10	1E-30	1E-10	1E10	1E-30	1E-10	1E10	1E-30	1E-10	1E10	1E-30	1E-10	1E10	1E-30	1E-10	1E10	1E-30	1E-10	1E10	1E-30	1E-10	1E10	1E-30	1E-10
107	1.8E-10	1E10	1E10	1E-30	2.04120071387377E-10	1E10	1E-30	1E10	7.66424559771799E-02	1E-30	3.40001240920193E-11	1.13945206386534	1E-30	2.54897354735657E-11	0.456056943116606	2.30756021527319E-09	6.01685344765709E-12	0.347228547492163	3.55201155255528E-10	1.73490404709785E-11	0.80199178744803	8.7753793031377E-11	4.58177561525042E-12	0.906826574635858	3.7009775316618E-12	6.55727870565629E-11	1E5	1E10	1E-30	1E-10	1E10	1E-30	1E-10	1E10	1E-30	1E-10	1E10	1E-30	1E-10	1E10	1E-30	1E-10	1E10	1E-30	1E-10	1E10	1E-30	1E-10	1E10	1E-30	1E-10	1E10	1E-30	1E-10
108	2.2E-10	1E10	1E10	1E-30	2.71686490820042E-10	1E10	1E-30	1E10	0.09	1E-30	5.36727796685592E-11	1.064211621249	2.15610517451617E-09	6.41089035821462E-12	0.18680024395172	4.13534788473204E-10	1.36036867063416E-11	0.570427422277885	5.54357684376723E-11	5.96788313392741E-12	0.36082911910855	2.85081459490076E-12	8.91396897095156E-11	565654273.085007	1E10	1E-30	1E-10	1E10	1E-30	1E-10	1E10	1E-30	1E-10	1E10	1E-30	1E-10	1E10	1E-30	1E-10	1E10	1E-30	1E-10	1E10	1E-30	1E-10	1E10	1E-30	1E-10	1E10	1E-30	1E-10	1E10	1E-30	1E-10
109	2.7E-10	1E10	1E10	1E-30	1.21653524099836E-10	1E10	1E-30	1E10	8.50360761706091E-02	1E-30	5.93246183290309E-11	1.31488885975095	1E-30	3.36661416822149E-12	8.31781445169441E-03	4.1055413794406E-09	4.87143428966238E-12	0.141165272457486	6.02879459727884E-10	1.31036200656612E-11	0.48351928791853	2.44092278050147E-11	1.53965643887182E-11	3.81813256248226	1.39089908103452E-12	1.78543675672564E-10	1E5	1E10	1E-30	1E-10	1E10	1E-30	1E-10	1E10	1E-30	1E-10	1E10	1E-30	1E-10	1E10	1E-30	1E-10	1E10	1E-30	1E-10	1E10	1E-30	1E-10	1E10	1E-30	1E-10	1E10	1E-30	1E-10
110	3.3E-10	1E10	1E10	1E-30	1.55700674877361E-10	1E10	1E-30	1E10	6.98217401676714E-02	1E-30	5.68586747583987E-11	1.04766955227979	3.07385084651783E-09	8.21738172300113E-12	0.194562846327276	5.90949647816856E-10	1.81810227665537E-11	0.601793334128979	2.17089341714625E-12	9.9632628914948E-11	1E5	3.00988722757727E-12	5.02762682939873E-11	40.7108444454194	1E10	1E-30	1E-10	1E10	1E-30	1E-10	1E10	1E-30	1E-10	1E10	1E-30	1E-10	1E10	1E-30	1E-10	1E10	1E-30	1E-10	1E10	1E-30	1E-10	1E10	1E-30	1E-10	1E10	1E-30	1E-10	1E10	1E-30	1E-10
111	3.9E-10	1E10	1E10	1E-30	1.92122951990187E-10	1E10	1E-30	1E10	0.06	1E-30	6.85351086468194E-11	0.701274665362437	7.10830176754418E-09	4.32091286528216E-12	0.184322857852069	1.1552175359837E-09	1.16147257792419E-11	0.433226339610459	3.87207455471441E-11	1.03837925477794E-11	1.03002182059245	3.02112708369464E-12	8.02404169371059E-11	1E5	1E10	1E-30	1E-10	1E10	1E-30	1E-10	1E10	1E-30	1E-10	1E10	1E-30	1E-10	1E10	1E-30	1E-10	1E10	1E-30	1E-10	1E10	1E-30	1E-10	1E10	1E-30	1E-10	1E10	1E-30	1E-10	1E10	1E-30	1E-10
112	4.7E-10	1E10	1E10	1E-30	1.78069724026335E-10	1E10	1E-30	1E10	0.052	1E-30	3.6427919484895E-11	0.408574894520435	1E-30	2.95804506774788E-11	0.371718906152971	5.29990139270157E-09	7.25606248045604E-12	0.22546402848372	1.09321140801484E-09	1.61107043023765E-11	0.49593545704172	2.48601263442421E-12	8.90300792652472E-11	1E5	1E10	1E-30	1E-10	1E10	1E-30	1E-10	1E10	1E-30	1E-10	1E10	1E-30	1E-10	1E10	1E-30	1E-10	1E10	1E-30	1E-10	1E10	1E-30	1E-10	1E10	1E-30	1E-10	1E10	1E-30	1E-10	1E10	1E-30	1E-10
113	5.6E-10	1E10	1E10	1E-30	1.9500768907633E-10	1E10	1E-30	1E10	0.05	1E-30	3.62919492009343E-11	1.69582371931432	1E-30	3.30047843925294E-11	0.387613914959355	6.08341791033105E-09	6.35799061276331E-12	0.174734493686221	7.93792822236189E-10	2.01238982280221E-11	0.415163303152446	3.66263658085267E-12	7.35794348295723E-11	1E5	1E10	1E-30	1E-10	1E10	1E-30	1E-10	1E10	1E-30	1E-10	1E10	1E-30	1E-10	1E10	1E-30	1E-10	1E10	1E-30	1E-10	1E10	1E-30	1E-10	1E10	1E-30	1E-10	1E10	1E-30	1E-10	1E10	1E-30	1E-10
114	6.8E-10	1E10	1E10	1E-30	8.92178729071395E-11	1E10	1E-30	1E10	0.055	1E-30	9.10540142649859E-12	0.898368563939869	1E-30	4.26619647442568E-11	0.732796899935792	4.02334444578531E-09	1.28491033252663E-11	0.227386277112007	1.18231090749275E-09	1.82450354652313E-11	0.43556528296391	1.7569213103215E-09	4.22491126643527E-12	0.110022644527829	7.00715098715919E-10	1.4948767223508E-12	0.597743997828646	1.0425881101574E-12	1.93609794354307E-10	1E5	1E10	1E-30	1E-10	1E10	1E-30	1E-10	1E10	1E-30	1E-10	1E10	1E-30	1E-10	1E10	1E-30	1E-10	1E10	1E-30	1E-10	1E10	1E-30	1E-10	1E10	1E-30	1E-10
115	8.2E-10	1E10	1E10	1E-30	1.74458529865884E-10	1E10	1E-30	1E10	0.04	1E-30	3.70764203845389E-11	0.986991369122804	5.28510675626742E-09	1.24460743325156E-11	0.264510269532931	1.19574510700159E-09	2.37188496461563E-11	0.533080851627057	9.05953324896629E-10	1.03683970082561E-11	0.220857012391181	1.46875337078719E-09	2.91302842785553E-12	0.118590247305185	1.23403045407493E-12	7.58652953067139E-11	1E5	1E10	1E-30	1E-10	1E10	1E-30	1E-10	1E10	1E-30	1E-10	1E10	1E-30	1E-10	1E10	1E-30	1E-10	1E10	1E-30	1E-10	1E10	1E-30	1E-10	1E10	1E-30	1E-10	1E10	1E-30	1E-10
116	9.93069803667605E-10	1E10	1E10	1E-30	9.26076654705942E-11	1E10	1E-30	1E10	1.45865267698439E-02	1E-30	1.35585135181216E-10	2.95090235449181E-02	5.85684164254334E-09	1.39795299716959E-11	0.290840120246227	1.7877751610324E-09	2.05864434578487E-11	0.445325889964886	2.01044215382153E-12	1.29101044464253E-10	1E5	6.83755265624259E-13	6.98359029809327E-11	0.947165161825991	1E10	1E-30	1E-10	1E10	1E-30	1E-10	1E10	1E-30	1E-10	1E10	1E-30	1E-10	1E10	1E-30	1E-10	1E10	1E-30	1E-10	1E10	1E-30	1E-10	1E10	1E-30	1E-10	1E10	1E-30	1E-10	1E10	1E-30	1E-10
117	1.2279515907369E-09	1E10	1E10	1E-30	2.18827780261275E-10	1E10	1E-30	1E10	0.024126085559365	1E-30	5.33365016613417E-11	0.617046092127291	1E-30	7.03056273506582E-11	2.87188143085086E-02	1.63611094994293E-08	5.53917560625562E-12	7.76605140240676E-02	1.89651720044195E-09	2.01636480164038E-11	0.305488031525977	2.99387875094063E-12	9.52678120137825E-11	24.4545739478663	1E10	1E-30	1E-10	1E10	1E-30	1E-10	1E10	1E-30	1E-10	1E10	1E-30	1E-10	1E10	1E-30	1E-10	1E10	1E-30	1E-10	1E10	1E-30	1E-10	1E10	1E-30	1E-10	1E10	1E-30	1E-10	1E10	1E-30	1E-10
118	1.46585583143372E-09	1E10	1E10	1E-30	2.14882887481669E-10	1E10	1E-30	1E10	2.23966603088526E-02	1E-30	5.66995651629851E-11	0.677920118095288	1E-30	7.40934552233481E-11	3.87229154370843E-02	1.76826914017425E-08	6.56656722258376E-12	8.96580152421472E-02	2.60291112902867E-09	1.96786307721548E-11	0.279451235060337	3.94664446985968E-12	7.56749937563619E-11	35.3415337794323	1E10	1E-30	1E-10	1E10	1E-30	1E-10	1E10	1E-30	1E-10	1E10	1E-30	1E-10	1E10	1E-30	1E-10	1E10	1E-30	1E-10	1E10	1E-30	1E-10	1E10	1E-30	1E-10	1E10	1E-30	1E-10	1E10	1E-30	1E-10
119	1.76213674256002E-09	1E10	1E10	1E-30	2.37452966329321E-10	1E10	1E-30	1E10	1.12060761714235E-02	1E-30	6.06724639130764E-11	0.427805009531895	1E-30	5.26602558920595E-11	2.29275732826258E-02	1E-30	1.00160640717791E-10	6.05950359168967E-03	2.17166781163911E-08	6.66798368162559E-12	0.118813758965293	3.14884787790289E-09	2.08064250232664E-11	0.286530364117779	7.32791755407858E-12	3.98161383292368E-11	18.2532897805534	1E10	1E-30	1E-10	1E10	1E-30	1E-10	1E10	1E-30	1E-10	1E10	1E-30	1E-10	1E10	1E-30	1E-10	1E10	1E-30	1E-10	1E10	1E-30	1E-10	1E10	1E-30	1E-10	1E10	1E-30	1E-10
120	2.21894934538398E-09	1E10	1E10	1E-30	1.99844997408654E-10	1E10	1E-30	1E10	2.09186631905923E-02	1E-30	7.8121537937939E-11	0.188685748637388	1E-30	4.48185738048725E-11	6.18742956915521E-03	4.82176504116615E-07	3.6153095791856E-13	3.05244003064353E-02	4.57864224016205E-09	1.56212589745569E-11	0.159564637867353	1.10314030606158E-11	2.70189806873535E-11	0.77296420550442	1.75150163612755E-12	1.2612779119075E-10	1E5	1E10	1E-30	1E-10	1E10	1E-30	1E-10	1E10	1E-30	1E-10	1E10	1E-30	1E-10	1E10	1E-30	1E-10	1E10	1E-30	1E-10	1E10	1E-30	1E-10	1E10	1E-30	1E-10	1E10	1E-30	1E-10
121	2.60945218911143E-09	1E10	1E10	1E-30	2.76458435256174E-10	1E10	1E-30	1E10	1.54869937339113E-02	1E-30	5.48288963540702E-11	0.347686753922917	1E-30	2.97953394430878E-11	3.38049401018236E-02	1E-30	5.98486144719321E-11	1.37634379643536E-02	3.88789905861109E-08	5.70689979072017E-12	5.29900431131347E-02	4.41215755078122E-09	2.39302913238625E-11	0.215348837318628	8.76022676880811E-12	3.28707324119346E-11	6.97496971490479	1E10	1E-30	1E-10	1E10	1E-30	1E-10	1E10	1E-30	1E-10	1E10	1E-30	1E-10	1E10	1E-30	1E-10	1E10	1E-30	1E-10	1E10	1E-30	1E-10	1E10	1E-30	1E-10	1E10	1E-30	1E-10
122	3.22488282915418E-09	1E10	1E10	1E-30	2.31654180449912E-10	1E10	1E-30	1E10	1.33882162568896E-02	1E-30	7.26299277078315E-11	0.350404819292036	1E-30	7.96661429325482E-11	1.75401560663411E-02	5.89322666617139E-08	4.71832571811141E-12	6.53857786028222E-02	5.66379905787441E-09	2.35385076696154E-11	0.227559849789622	6.27297209952805E-12	4.91282542605587E-11	21.0767874172024	1E10	1E-30	1E-10	1E10	1E-30	1E-10	1E10	1E-30	1E-10	1E10	1E-30	1E-10	1E10	1E-30	1E-10	1E10	1E-30	1E-10	1E10	1E-30	1E-10	1E10	1E-30	1E-10	1E10	1E-30	1E-10	1E10	1E-30	1E-10
123	3.81122516172766E-09	1E10	1E10	1E-30	2.33871373300167E-10	1E10	1E-30	1E10	1.34317253474417E-02	1E-30	7.51318643721199E-11	0.301492145097095	1E-30	7.35087875981513E-11	1.98996384563684E-02	4.98301601514394E-08	7.05012727922732E-12	7.76375427663651E-02	9.13730230034702E-09	1.81957486578508E-11	0.180782240680379	9.96511397257367E-12	3.06084292593802E-11	10.5514633634368	1E10	1E-30	1E-10	1E10	1E-30	1E-10	1E10	1E-30	1E-10	1E10	1E-30	1E-10	1E10	1E-30	1E-10	1E10	1E-30	1E-10	1E10	1E-30	1E-10	1E10	1E-30	1E-10	1E10	1E-30	1E-10	1E10	1E-30	1E-10
124	4.68784193729916E-09	1E10	1E10	1E-30	1.82846053959032E-10	1E10	1E-30	1E10	1.02362253462586E-02	1E-30	9.05448538825996E-11	0.305817235145274	1E-30	6.76573758208605E-11	1.44046711826316E-02	4.80520478672029E-08	9.52801478355392E-12	9.35491422493704E-02	1.08977642374995E-08	2.01191273634421E-11	0.168571745445656	4.53249749325752E-12	5.78197796101785E-11	20.7326086581185	1E10	1E-30	1E-10	1E10	1E-30	1E-10	1E10	1E-30	1E-10	1E10	1E-30	1E-10	1E10	1E-30	1E-10	1E10	1E-30	1E-10	1E10	1E-30	1E-10	1E10	1E-30	1E-10	1E10	1E-30	1E-10	1E10	1E-30	1E-10
125	6.72863011476734E-07	1E10	5E7	1E-30	1.81227505900078E-10	1E10	1E-30	1E10	9.31262159366351E-03	6.74609955137411E-05	1E10	35.7434294219427	7.54144016569578E-05	1E10	5.40213053490751	4.86881613505102E-05	1E10	1.62912405886866	3.71338724963273E-05	1E10	0.385941454003516	2.6143547268505E-05	1E10	7.29725865153704E-02	1.66443063203825E-05	1E10	1.36625243219252E-02	1E-30	9.71541533636119E-12	0.139954426115245	1E-30	3.24758209609827E-11	0.103957446619863	1E-30	1.44313390635668E-10	3.22536926300065E-02	4.59874805828583E-06	1.55089470800017E-11	3.8805243281079E-03	2.28097420555431E-06	1.65263715505881E-11	5.0957033612754E-03	2.71324520710669E-11	1.15263380967546E-11	1.73896908364826	1E10	1E-30	1E-10	1E10	1E-30	1E-10	1E10	1E-30	1E-10
126	6.72863011476734E-07	1E10	5E7	1E-30	1.81227505900078E-10	1E10	1E-30	1E10	9.31262159366351E-03	6.74609955137411E-05	1E10	35.7434294219427	7.54144016569578E-05	1E10	5.40213053490751	4.86881613505102E-05	1E10	1.62912405886866	3.71338724963273E-05	1E10	0.385941454003516	2.6143547268505E-05	1E10	7.29725865153704E-02	1.66443063203825E-05	1E10	1.36625243219252E-02	1E-30	9.71541533636119E-12	0.139954426115245	1E-30	3.24758209609827E-11	0.103957446619863	1E-30	1.44313390635668E-10	3.22536926300065E-02	4.59874805828583E-06	1.55089470800017E-11	3.8805243281079E-03	2.28097420555431E-06	1.65263715505881E-11	5.0957033612754E-03	2.71324520710669E-11	1.15263380967546E-11	1.73896908364826	1E10	1E-30	1E-10	1E10	1E-30	1E-10	1E10	1E-30	1E-10
127	6.72863011476734E-07	1E10	5E7	1E-30	1.81227505900078E-10	1E10	1E-30	1E10	9.31262159366351E-03	6.74609955137411E-05	1E10	35.7434294219427	7.54144016569578E-05	1E10	5.40213053490751	4.86881613505102E-05	1E10	1.62912405886866	3.71338724963273E-05	1E10	0.385941454003516	2.6143547268505E-05	1E10	7.29725865153704E-02	1.66443063203825E-05	1E10	1.36625243219252E-02	1E-30	9.71541533636119E-12	0.139954426115245	1E-30	3.24758209609827E-11	0.103957446619863	1E-30	1.44313390635668E-10	3.22536926300065E-02	4.59874805828583E-06	1.55089470800017E-11	3.8805243281079E-03	2.28097420555431E-06	1.65263715505881E-11	5.0957033612754E-03	2.71324520710669E-11	1.15263380967546E-11	1.73896908364826	1E10	1E-30	1E-10	1E10	1E-30	1E-10	1E10	1E-30	1E-10
128	6.72863011476734E-07	1E10	5E7	1E-30	1.81227505900078E-10	1E10	1E-30	1E10	9.31262159366351E-03	6.74609955137411E-05	1E10	35.7434294219427	7.54144016569578E-05	1E10	5.40213053490751	4.86881613505102E-05	1E10	1.62912405886866	3.71338724963273E-05	1E10	0.385941454003516	2.6143547268505E-05	1E10	7.29725865153704E-02	1.66443063203825E-05	1E10	1.36625243219252E-02	1E-30	9.71541533636119E-12	0.139954426115245	1E-30	3.24758209609827E-11	0.103957446619863	1E-30	1.44313390635668E-10	3.22536926300065E-02	4.59874805828583E-06	1.55089470800017E-11	3.8805243281079E-03	2.28097420555431E-06	1.65263715505881E-11	5.0957033612754E-03	2.71324520710669E-11	1.15263380967546E-11	1.73896908364826	1E10	1E-30	1E-10	1E10	1E-30	1E-10	1E10	1E-30	1E-10
129	6.60640967154301E-07	1E10	5E7	1E-30	9.93384193888503E-11	1E10	1E-30	1E10	0.011150916507331	2.54952109088275E-06	1E10	2743.09133266552	1.18653702447182E-05	1E10	25.3519564450145	1.24757372877894E-05	1E10	2.42098742860652	9.90474005919978E-06	1E10	0.295231933993137	7.18502012570838E-06	1E10	3.13118361164074E-02	1E-30	3.53655259201143E-11	0.147558453823148	1E-30	1.21186548856108E-10	3.59620182473838E-02	1.95375481739142E-06	2.54326857338998E-11	5.15475622593598E-03	1.30182859416218E-06	2.16184878060282E-11	5.50894738389798E-03	1.40365652233255E-12	9.71732212126127E-11	18.4685683112096	1E10	1E-30	1E-10	1E10	1E-30	1E-10	1E10	1E-30	1E-10	1E10	1E-30	1E-10	1E10	1E-30	1E-10
130	6.60640967154301E-07	1E10	5E7	1E-30	9.93384193888503E-11	1E10	1E-30	1E10	0.011150916507331	2.54952109088275E-06	1E10	2743.09133266552	1.18653702447182E-05	1E10	25.3519564450145	1.24757372877894E-05	1E10	2.42098742860652	9.90474005919978E-06	1E10	0.295231933993137	7.18502012570838E-06	1E10	3.13118361164074E-02	1E-30	3.53655259201143E-11	0.147558453823148	1E-30	1.21186548856108E-10	3.59620182473838E-02	1.95375481739142E-06	2.54326857338998E-11	5.15475622593598E-03	1.30182859416218E-06	2.16184878060282E-11	5.50894738389798E-03	1.40365652233255E-12	9.71732212126127E-11	18.4685683112096	1E10	1E-30	1E-10	1E10	1E-30	1E-10	1E10	1E-30	1E-10	1E10	1E-30	1E-10	1E10	1E-30	1E-10
131	5.33826974505428E-07	1E10	5E7	1E-30	1.67330686545887E-10	1E10	1E-30	1E10	1.07225092128039E-02	1.54745795280737E-05	1E10	119.220351757587	1.44643809891748E-05	1E10	12.5312075163448	1.31177123941373E-05	1E10	1.35335005126116	1.19891009058545E-05	1E10	0.171065161953025	7.57595522337537E-06	1E10	2.53303662460647E-02	1E-30	2.55767155750769E-11	0.436054322475441	1E-30	2.21856722438831E-11	5.46894927584112E-02	1E-30	1.25914839464993E-10	3.69849954818404E-02	2.95053506529332E-06	1.63337614192786E-11	4.02601015733994E-03	1.85993432799608E-06	1.53676059824317E-11	6.00244005420118E-03	2.96131731441564E-11	7.19670428889165E-12	1.09203338270995	1E10	1E-30	1E-10	1E10	1E-30	1E-10	1E10	1E-30	1E-10	1E10	1E-30	1E-10
132	5.33826974505428E-07	1E10	5E7	1E-30	1.67330686545887E-10	1E10	1E-30	1E10	1.07225092128039E-02	1.54745795280737E-05	1E10	119.220351757587	1.44643809891748E-05	1E10	12.5312075163448	1.31177123941373E-05	1E10	1.35335005126116	1.19891009058545E-05	1E10	0.171065161953025	7.57595522337537E-06	1E10	2.53303662460647E-02	1E-30	2.55767155750769E-11	0.436054322475441	1E-30	2.21856722438831E-11	5.46894927584112E-02	1E-30	1.25914839464993E-10	3.69849954818404E-02	2.95053506529332E-06	1.63337614192786E-11	4.02601015733994E-03	1.85993432799608E-06	1.53676059824317E-11	6.00244005420118E-03	2.96131731441564E-11	7.19670428889165E-12	1.09203338270995	1E10	1E-30	1E-10	1E10	1E-30	1E-10	1E10	1E-30	1E-10	1E10	1E-30	1E-10
133	6.72863011476734E-07	1E10	5E7	1E-30	1.81227505900078E-10	1E10	1E-30	1E10	9.31262159366351E-03	6.74609955137411E-05	1E10	35.7434294219427	7.54144016569578E-05	1E10	5.40213053490751	4.86881613505102E-05	1E10	1.62912405886866	3.71338724963273E-05	1E10	0.385941454003516	2.6143547268505E-05	1E10	7.29725865153704E-02	1.66443063203825E-05	1E10	1.36625243219252E-02	1E-30	9.71541533636119E-12	0.139954426115245	1E-30	3.24758209609827E-11	0.103957446619863	1E-30	1.44313390635668E-10	3.22536926300065E-02	4.59874805828583E-06	1.55089470800017E-11	3.8805243281079E-03	2.28097420555431E-06	1.65263715505881E-11	5.0957033612754E-03	2.71324520710669E-11	1.15263380967546E-11	1.73896908364826	1E10	1E-30	1E-10	1E10	1E-30	1E-10	1E10	1E-30	1E-10
134	6.72863011476734E-07	1E10	5E7	1E-30	1.81227505900078E-10	1E10	1E-30	1E10	9.31262159366351E-03	6.74609955137411E-05	1E10	35.7434294219427	7.54144016569578E-05	1E10	5.40213053490751	4.86881613505102E-05	1E10	1.62912405886866	3.71338724963273E-05	1E10	0.385941454003516	2.6143547268505E-05	1E10	7.29725865153704E-02	1.66443063203825E-05	1E10	1.36625243219252E-02	1E-30	9.71541533636119E-12	0.139954426115245	1E-30	3.24758209609827E-11	0.103957446619863	1E-30	1.44313390635668E-10	3.22536926300065E-02	4.59874805828583E-06	1.55089470800017E-11	3.8805243281079E-03	2.28097420555431E-06	1.65263715505881E-11	5.0957033612754E-03	2.71324520710669E-11	1.15263380967546E-11	1.73896908364826	1E10	1E-30	1E-10	1E10	1E-30	1E-10	1E10	1E-30	1E-10
135	5.33826974505428E-07	1E10	5E7	1E-30	1.67330686545887E-10	1E10	1E-30	1E10	1.07225092128039E-02	1.54745795280737E-05	1E10	119.220351757587	1.44643809891748E-05	1E10	12.5312075163448	1.31177123941373E-05	1E10	1.35335005126116	1.19891009058545E-05	1E10	0.171065161953025	7.57595522337537E-06	1E10	2.53303662460647E-02	1E-30	2.55767155750769E-11	0.436054322475441	1E-30	2.21856722438831E-11	5.46894927584112E-02	1E-30	1.25914839464993E-10	3.69849954818404E-02	2.95053506529332E-06	1.63337614192786E-11	4.02601015733994E-03	1.85993432799608E-06	1.53676059824317E-11	6.00244005420118E-03	2.96131731441564E-11	7.19670428889165E-12	1.09203338270995	1E10	1E-30	1E-10	1E10	1E-30	1E-10	1E10	1E-30	1E-10	1E10	1E-30	1E-10
136	5.33826974505428E-07	1E10	5E7	1E-30	1.67330686545887E-10	1E10	1E-30	1E10	1.07225092128039E-02	1.54745795280737E-05	1E10	119.220351757587	1.44643809891748E-05	1E10	12.5312075163448	1.31177123941373E-05	1E10	1.35335005126116	1.19891009058545E-05	1E10	0.171065161953025	7.57595522337537E-06	1E10	2.53303662460647E-02	1E-30	2.55767155750769E-11	0.436054322475441	1E-30	2.21856722438831E-11	5.46894927584112E-02	1E-30	1.25914839464993E-10	3.69849954818404E-02	2.95053506529332E-06	1.63337614192786E-11	4.02601015733994E-03	1.85993432799608E-06	1.53676059824317E-11	6.00244005420118E-03	2.96131731441564E-11	7.19670428889165E-12	1.09203338270995	1E10	1E-30	1E-10	1E10	1E-30	1E-10	1E10	1E-30	1E-10	1E10	1E-30	1E-10
137	5.33826974505428E-07	1E10	5E7	1E-30	1.67330686545887E-10	1E10	1E-30	1E10	1.07225092128039E-02	1.54745795280737E-05	1E10	119.220351757587	1.44643809891748E-05	1E10	12.5312075163448	1.31177123941373E-05	1E10	1.35335005126116	1.19891009058545E-05	1E10	0.171065161953025	7.57595522337537E-06	1E10	2.53303662460647E-02	1E-30	2.55767155750769E-11	0.436054322475441	1E-30	2.21856722438831E-11	5.46894927584112E-02	1E-30	1.25914839464993E-10	3.69849954818404E-02	2.95053506529332E-06	1.63337614192786E-11	4.02601015733994E-03	1.85993432799608E-06	1.53676059824317E-11	6.00244005420118E-03	2.96131731441564E-11	7.19670428889165E-12	1.09203338270995	1E10	1E-30	1E-10	1E10	1E-30	1E-10	1E10	1E-30	1E-10	1E10	1E-30	1E-10
138	5.33826974505428E-07	1E10	5E7	1E-30	1.67330686545887E-10	1E10	1E-30	1E10	1.07225092128039E-02	1.54745795280737E-05	1E10	119.220351757587	1.44643809891748E-05	1E10	12.5312075163448	1.31177123941373E-05	1E10	1.35335005126116	1.19891009058545E-05	1E10	0.171065161953025	7.57595522337537E-06	1E10	2.53303662460647E-02	1E-30	2.55767155750769E-11	0.436054322475441	1E-30	2.21856722438831E-11	5.46894927584112E-02	1E-30	1.25914839464993E-10	3.69849954818404E-02	2.95053506529332E-06	1.63337614192786E-11	4.02601015733994E-03	1.85993432799608E-06	1.53676059824317E-11	6.00244005420118E-03	2.96131731441564E-11	7.19670428889165E-12	1.09203338270995	1E10	1E-30	1E-10	1E10	1E-30	1E-10	1E10	1E-30	1E-10	1E10	1E-30	1E-10
139	1.73209600421905E-06	1E10	22727272.7272727	1E-30	1.32170261132549E-10	1E10	1E-30	1E10	4.94489993048772E-03	1.12599900047802E-04	1E10	29.4160936023854	1.08224659811548E-04	1E10	4.74637788263777	8.26057419911029E-05	1E10	1.06928823177765	9.082803615316E-05	1E10	0.173887502919575	6.19527141530699E-05	1E10	4.23180540423852E-02	4.60595038400797E-05	1E10	8.20240972970731E-03	1E-30	1.45006138910628E-11	8.42389315774056E-02	1E-30	1.40493003968826E-10	2.35770739647485E-02	1E-30	2.15545707966791E-11	2.28999343189322E-02	6.46251465633558E-06	3.0018200149434E-11	4.18425124348706E-03	2.40935927318613E-06	4.02581449957873E-11	6.95588159336448E-03	7.25265582609336E-12	3.48234165319762E-11	835.680536441593	1.0575729383125E-11	2.0104380709229E-11	0.865227429737376	1E10	1E-30	1E-10	1E10	1E-30	1E-10
140	1.73209600421905E-06	1E10	22727272.7272727	1E-30	1.32170261132549E-10	1E10	1E-30	1E10	4.94489993048772E-03	1.12599900047802E-04	1E10	29.4160936023854	1.08224659811548E-04	1E10	4.74637788263777	8.26057419911029E-05	1E10	1.06928823177765	9.082803615316E-05	1E10	0.173887502919575	6.19527141530699E-05	1E10	4.23180540423852E-02	4.60595038400797E-05	1E10	8.20240972970731E-03	1E-30	1.45006138910628E-11	8.42389315774056E-02	1E-30	1.40493003968826E-10	2.35770739647485E-02	1E-30	2.15545707966791E-11	2.28999343189322E-02	6.46251465633558E-06	3.0018200149434E-11	4.18425124348706E-03	2.40935927318613E-06	4.02581449957873E-11	6.95588159336448E-03	7.25265582609336E-12	3.48234165319762E-11	835.680536441593	1.0575729383125E-11	2.0104380709229E-11	0.865227429737376	1E10	1E-30	1E-10	1E10	1E-30	1E-10
141	1.73209600421905E-06	1E10	22727272.7272727	1E-30	1.32170261132549E-10	1E10	1E-30	1E10	4.94489993048772E-03	1.12599900047802E-04	1E10	29.4160936023854	1.08224659811548E-04	1E10	4.74637788263777	8.26057419911029E-05	1E10	1.06928823177765	9.082803615316E-05	1E10	0.173887502919575	6.19527141530699E-05	1E10	4.23180540423852E-02	4.60595038400797E-05	1E10	8.20240972970731E-03	1E-30	1.45006138910628E-11	8.42389315774056E-02	1E-30	1.40493003968826E-10	2.35770739647485E-02	1E-30	2.15545707966791E-11	2.28999343189322E-02	6.46251465633558E-06	3.0018200149434E-11	4.18425124348706E-03	2.40935927318613E-06	4.02581449957873E-11	6.95588159336448E-03	7.25265582609336E-12	3.48234165319762E-11	835.680536441593	1.0575729383125E-11	2.0104380709229E-11	0.865227429737376	1E10	1E-30	1E-10	1E10	1E-30	1E-10
142	1.73209600421905E-06	1E10	22727272.7272727	1E-30	1.32170261132549E-10	1E10	1E-30	1E10	4.94489993048772E-03	1.12599900047802E-04	1E10	29.4160936023854	1.08224659811548E-04	1E10	4.74637788263777	8.26057419911029E-05	1E10	1.06928823177765	9.082803615316E-05	1E10	0.173887502919575	6.19527141530699E-05	1E10	4.23180540423852E-02	4.60595038400797E-05	1E10	8.20240972970731E-03	1E-30	1.45006138910628E-11	8.42389315774056E-02	1E-30	1.40493003968826E-10	2.35770739647485E-02	1E-30	2.15545707966791E-11	2.28999343189322E-02	6.46251465633558E-06	3.0018200149434E-11	4.18425124348706E-03	2.40935927318613E-06	4.02581449957873E-11	6.95588159336448E-03	7.25265582609336E-12	3.48234165319762E-11	835.680536441593	1.0575729383125E-11	2.0104380709229E-11	0.865227429737376	1E10	1E-30	1E-10	1E10	1E-30	1E-10
143	1.73209600421905E-06	1E10	22727272.7272727	1E-30	1.32170261132549E-10	1E10	1E-30	1E10	4.94489993048772E-03	1.12599900047802E-04	1E10	29.4160936023854	1.08224659811548E-04	1E10	4.74637788263777	8.26057419911029E-05	1E10	1.06928823177765	9.082803615316E-05	1E10	0.173887502919575	6.19527141530699E-05	1E10	4.23180540423852E-02	4.60595038400797E-05	1E10	8.20240972970731E-03	1E-30	1.45006138910628E-11	8.42389315774056E-02	1E-30	1.40493003968826E-10	2.35770739647485E-02	1E-30	2.15545707966791E-11	2.28999343189322E-02	6.46251465633558E-06	3.0018200149434E-11	4.18425124348706E-03	2.40935927318613E-06	4.02581449957873E-11	6.95588159336448E-03	7.25265582609336E-12	3.48234165319762E-11	835.680536441593	1.0575729383125E-11	2.0104380709229E-11	0.865227429737376	1E10	1E-30	1E-10	1E10	1E-30	1E-10
144	1.71058870119373E-06	1E10	22727272.7272727	1E-30	1.5879420036245E-10	1E10	1E-30	1E10	6.69883405380905E-03	6.52340763208989E-05	1E10	142.437498480935	7.6943470108271E-05	1E10	12.3081942108113	6.78497361923811E-05	1E10	2.13143848535533	6.22905136868637E-05	1E10	0.438309406530289	5.48299398614128E-05	1E10	6.94234967726629E-02	3.35468363486652E-05	1E10	1.44266040203912E-02	1E-30	2.22025967183547E-11	0.175257979234455	1E-30	2.61799582154022E-11	0.04424848618837	1E-30	1.56533550157588E-10	2.64512061523462E-02	8.580780006125E-06	2.53572851675903E-11	3.11399447340351E-03	2.59967325399914E-06	4.06388123963815E-11	6.40414162315332E-03	1.53700695016213E-11	2.06022964047639E-11	7.47632090525657	1E10	1E-30	1E-10	1E10	1E-30	1E-10	1E10	1E-30	1E-10
145	1.73209600421905E-06	1E10	22727272.7272727	1E-30	1.32170261132549E-10	1E10	1E-30	1E10	4.94489993048772E-03	1.12599900047802E-04	1E10	29.4160936023854	1.08224659811548E-04	1E10	4.74637788263777	8.26057419911029E-05	1E10	1.06928823177765	9.082803615316E-05	1E10	0.173887502919575	6.19527141530699E-05	1E10	4.23180540423852E-02	4.60595038400797E-05	1E10	8.20240972970731E-03	1E-30	1.45006138910628E-11	8.42389315774056E-02	1E-30	1.40493003968826E-10	2.35770739647485E-02	1E-30	2.15545707966791E-11	2.28999343189322E-02	6.46251465633558E-06	3.0018200149434E-11	4.18425124348706E-03	2.40935927318613E-06	4.02581449957873E-11	6.95588159336448E-03	7.25265582609336E-12	3.48234165319762E-11	835.680536441593	1.0575729383125E-11	2.0104380709229E-11	0.865227429737376	1E10	1E-30	1E-10	1E10	1E-30	1E-10
146	1.73209600421905E-06	1E10	22727272.7272727	1E-30	1.32170261132549E-10	1E10	1E-30	1E10	4.94489993048772E-03	1.12599900047802E-04	1E10	29.4160936023854	1.08224659811548E-04	1E10	4.74637788263777	8.26057419911029E-05	1E10	1.06928823177765	9.082803615316E-05	1E10	0.173887502919575	6.19527141530699E-05	1E10	4.23180540423852E-02	4.60595038400797E-05	1E10	8.20240972970731E-03	1E-30	1.45006138910628E-11	8.42389315774056E-02	1E-30	1.40493003968826E-10	2.35770739647485E-02	1E-30	2.15545707966791E-11	2.28999343189322E-02	6.46251465633558E-06	3.0018200149434E-11	4.18425124348706E-03	2.40935927318613E-06	4.02581449957873E-11	6.95588159336448E-03	7.25265582609336E-12	3.48234165319762E-11	835.680536441593	1.0575729383125E-11	2.0104380709229E-11	0.865227429737376	1E10	1E-30	1E-10	1E10	1E-30	1E-10
147	1.73209600421905E-06	1E10	22727272.7272727	1E-30	1.32170261132549E-10	1E10	1E-30	1E10	4.94489993048772E-03	1.12599900047802E-04	1E10	29.4160936023854	1.08224659811548E-04	1E10	4.74637788263777	8.26057419911029E-05	1E10	1.06928823177765	9.082803615316E-05	1E10	0.173887502919575	6.19527141530699E-05	1E10	4.23180540423852E-02	4.60595038400797E-05	1E10	8.20240972970731E-03	1E-30	1.45006138910628E-11	8.42389315774056E-02	1E-30	1.40493003968826E-10	2.35770739647485E-02	1E-30	2.15545707966791E-11	2.28999343189322E-02	6.46251465633558E-06	3.0018200149434E-11	4.18425124348706E-03	2.40935927318613E-06	4.02581449957873E-11	6.95588159336448E-03	7.25265582609336E-12	3.48234165319762E-11	835.680536441593	1.0575729383125E-11	2.0104380709229E-11	0.865227429737376	1E10	1E-30	1E-10	1E10	1E-30	1E-10
148	1.73209600421905E-06	1E10	22727272.7272727	1E-30	1.32170261132549E-10	1E10	1E-30	1E10	4.94489993048772E-03	1.12599900047802E-04	1E10	29.4160936023854	1.08224659811548E-04	1E10	4.74637788263777	8.26057419911029E-05	1E10	1.06928823177765	9.082803615316E-05	1E10	0.173887502919575	6.19527141530699E-05	1E10	4.23180540423852E-02	4.60595038400797E-05	1E10	8.20240972970731E-03	1E-30	1.45006138910628E-11	8.42389315774056E-02	1E-30	1.40493003968826E-10	2.35770739647485E-02	1E-30	2.15545707966791E-11	2.28999343189322E-02	6.46251465633558E-06	3.0018200149434E-11	4.18425124348706E-03	2.40935927318613E-06	4.02581449957873E-11	6.95588159336448E-03	7.25265582609336E-12	3.48234165319762E-11	835.680536441593	1.0575729383125E-11	2.0104380709229E-11	0.865227429737376	1E10	1E-30	1E-10	1E10	1E-30	1E-10
149	1.73209600421905E-06	1E10	22727272.7272727	1E-30	1.32170261132549E-10	1E10	1E-30	1E10	4.94489993048772E-03	1.12599900047802E-04	1E10	29.4160936023854	1.08224659811548E-04	1E10	4.74637788263777	8.26057419911029E-05	1E10	1.06928823177765	9.082803615316E-05	1E10	0.173887502919575	6.19527141530699E-05	1E10	4.23180540423852E-02	4.60595038400797E-05	1E10	8.20240972970731E-03	1E-30	1.45006138910628E-11	8.42389315774056E-02	1E-30	1.40493003968826E-10	2.35770739647485E-02	1E-30	2.15545707966791E-11	2.28999343189322E-02	6.46251465633558E-06	3.0018200149434E-11	4.18425124348706E-03	2.40935927318613E-06	4.02581449957873E-11	6.95588159336448E-03	7.25265582609336E-12	3.48234165319762E-11	835.680536441593	1.0575729383125E-11	2.0104380709229E-11	0.865227429737376	1E10	1E-30	1E-10	1E10	1E-30	1E-10
150	1.73209600421905E-06	1E10	22727272.7272727	1E-30	1.32170261132549E-10	1E10	1E-30	1E10	4.94489993048772E-03	1.12599900047802E-04	1E10	29.4160936023854	1.08224659811548E-04	1E10	4.74637788263777	8.26057419911029E-05	1E10	1.06928823177765	9.082803615316E-05	1E10	0.173887502919575	6.19527141530699E-05	1E10	4.23180540423852E-02	4.60595038400797E-05	1E10	8.20240972970731E-03	1E-30	1.45006138910628E-11	8.42389315774056E-02	1E-30	1.40493003968826E-10	2.35770739647485E-02	1E-30	2.15545707966791E-11	2.28999343189322E-02	6.46251465633558E-06	3.0018200149434E-11	4.18425124348706E-03	2.40935927318613E-06	4.02581449957873E-11	6.95588159336448E-03	7.25265582609336E-12	3.48234165319762E-11	835.680536441593	1.0575729383125E-11	2.0104380709229E-11	0.865227429737376	1E10	1E-30	1E-10	1E10	1E-30	1E-10
END DSCRDATA
