BEGIN DSCRDATA
% INDEX	K01	L01	M01	K02	L02	M02	K03	L03	M03	K04	L04	M04	K05	L05	M05	K06	L06	M06	K07	L07	M07	K08	L08	M08	K09	L09	M09	K10	L10	M10	K11	L11	M11	K12	L12	M12	K13	L13	M13	K14	L14	M14	K15	L15	M15	K16	L16	M16	K17	L17	M17	K18	L18	M18
0	0	0	0	0	0	0	0	0	0	0	0	0	0	0	0	0	0	0	0	0	0	0	0	0	0	0	0	0	0	0	0	0	0	0	0	0	0	0	0	0	0	0	0	0	0	0	0	0	0	0	0	0	0	0
1	1.2E-10	1E10	1E10	1E-30	1E-12	1E10	1E-30	1E10	0.12	1E-30	1.12479205630904E-10	6.05766593299997	6.68901783669251E-13	4.16137177254036E-10	1E10	1.0016903533407E-11	3.95117984597646E-11	6.08348710086455	1.48052100686858E-10	2.8503193469219E-11	1.41757293045758	1.3080521135633E-09	8.60662138523298E-12	0.336365440903595	1E10	1E-30	1E-10	1E10	1E-30	1E-10	1E10	1E-30	1E-10	1E10	1E-30	1E-10	1E10	1E-30	1E-10	1E10	1E-30	1E-10	1E10	1E-30	1E-10	1E10	1E-30	1E-10	1E10	1E-30	1E-10	1E10	1E-30	1E-10
2	1.5E-10	1E10	1E10	1E-30	3.37790140908693E-10	1E10	1E-30	1E10	9.51332684678457E-02	1E-30	8.52311317108697E-11	1.91184815062737	1.88641459992323E-09	7.9135594678119E-12	0.364686044684592	3.05768810201867E-10	1.88897556337416E-11	0.991243069044186	3.22289014046253E-11	1.24753923197392E-11	2.46913385432763	2.0095193155446E-12	1.23579919086367E-10	1E5	1E10	1E-30	1E-10	1E10	1E-30	1E-10	1E10	1E-30	1E-10	1E10	1E-30	1E-10	1E10	1E-30	1E-10	1E10	1E-30	1E-10	1E10	1E-30	1E-10	1E10	1E-30	1E-10	1E10	1E-30	1E-10	1E10	1E-30	1E-10
3	1.8E-10	1E10	1E10	1E-30	5E-11	1E10	1E-30	1E10	0.08	1E-30	1.23345004883803E-10	4.64999713439943	8.18472914358461E-13	3.29E-10	1E10	3.17591640513282E-11	1.24620998513445E-11	2.3386102561195	2.69604759653913E-10	2.89979767977056E-11	1.31847138290236	1.22652274165421E-09	1.56159704121833E-11	0.619314352426577	1E10	1E-30	1E-10	1E10	1E-30	1E-10	1E10	1E-30	1E-10	1E10	1E-30	1E-10	1E10	1E-30	1E-10	1E10	1E-30	1E-10	1E10	1E-30	1E-10	1E10	1E-30	1E-10	1E10	1E-30	1E-10	1E10	1E-30	1E-10
4	2.2E-10	1E10	1E10	1E-30	2.59892876493706E-10	1E10	1E-30	1E10	9.53687352286137E-02	1.60787484876007E-09	1.25641108032186E-11	0.289816298759958	2.00297186186292E-10	3.58508742434788E-11	1.08212521913344	1.70195660806668E-10	1.32461655341821E-11	0.694157198794048	2.01758248287181E-11	2.44094131201177E-11	1.39656386373055	6.58737918183447E-13	2.83567443137959E-10	1E5	1E10	1E-30	1E-10	1E10	1E-30	1E-10	1E10	1E-30	1E-10	1E10	1E-30	1E-10	1E10	1E-30	1E-10	1E10	1E-30	1E-10	1E10	1E-30	1E-10	1E10	1E-30	1E-10	1E10	1E-30	1E-10	1E10	1E-30	1E-10
5	2.7E-10	1E10	1E10	1E-30	2E-12	1E10	1E-30	1E10	0.09	1E-30	1.05059050232146E-10	4.95079110603645	6.54976879822157E-13	4.29E-10	1E10	1.61002720654303E-11	2.45825581079896E-11	4.61310880178799	8.14514330201781E-10	3.51794680975443E-12	0.244248224356697	2.92135843599121E-10	3.60904270459449E-11	0.912630661528348	3.06658154567259E-09	8.60069593485296E-12	0.310570561332907	1E10	1E-30	1E-10	1E10	1E-30	1E-10	1E10	1E-30	1E-10	1E10	1E-30	1E-10	1E10	1E-30	1E-10	1E10	1E-30	1E-10	1E10	1E-30	1E-10	1E10	1E-30	1E-10	1E10	1E-30	1E-10
6	2.7E-10	1E10	1E10	1E-30	2E-12	1E10	1E-30	1E10	0.09	1E-30	1.05059050232146E-10	4.95079110603645	6.54976879822157E-13	4.29E-10	1E10	1.61002720654303E-11	2.45825581079896E-11	4.61310880178799	8.14514330201781E-10	3.51794680975443E-12	0.244248224356697	2.92135843599121E-10	3.60904270459449E-11	0.912630661528348	3.06658154567259E-09	8.60069593485296E-12	0.310570561332907	1E10	1E-30	1E-10	1E10	1E-30	1E-10	1E10	1E-30	1E-10	1E10	1E-30	1E-10	1E10	1E-30	1E-10	1E10	1E-30	1E-10	1E10	1E-30	1E-10	1E10	1E-30	1E-10	1E10	1E-30	1E-10
7	3.3E-10	1E10	1E10	1E-30	1.2614127649275E-10	1E10	1E-30	1E10	8.20085529161721E-02	1E-30	9.00865120986428E-11	1.74194303652275	4.34302837098324E-09	8.34890430953425E-12	0.250587414254042	5.72249704319014E-10	2.58560989194337E-11	0.866392422584893	5.46877119827689E-13	3.45287084153226E-10	1E5	1E10	1E-30	1E-10	1E10	1E-30	1E-10	1E10	1E-30	1E-10	1E10	1E-30	1E-10	1E10	1E-30	1E-10	1E10	1E-30	1E-10	1E10	1E-30	1E-10	1E10	1E-30	1E-10	1E10	1E-30	1E-10	1E10	1E-30	1E-10	1E10	1E-30	1E-10
8	3.3E-10	1E10	1E10	1E-30	1.2614127649275E-10	1E10	1E-30	1E10	8.20085529161721E-02	1E-30	9.00865120986428E-11	1.74194303652275	4.34302837098324E-09	8.34890430953425E-12	0.250587414254042	5.72249704319014E-10	2.58560989194337E-11	0.866392422584893	5.46877119827689E-13	3.45287084153226E-10	1E5	1E10	1E-30	1E-10	1E10	1E-30	1E-10	1E10	1E-30	1E-10	1E10	1E-30	1E-10	1E10	1E-30	1E-10	1E10	1E-30	1E-10	1E10	1E-30	1E-10	1E10	1E-30	1E-10	1E10	1E-30	1E-10	1E10	1E-30	1E-10	1E10	1E-30	1E-10
9	3.9E-10	1E10	1E10	1E-30	2E-11	1E10	1E-30	1E10	0.06	1E-30	5.49264293428771E-11	0.760326932328804	9.78460936424872E-13	3.85007390976071E-10	320.281042296785	7.59414157623934E-10	7.12714707358773E-12	0.261969936783016	6.21631722323193E-10	2.82972741569545E-11	0.742937536224873	2.68607693123847E-09	1.92453465680663E-11	0.570573068059184	1E10	1E-30	1E-10	1E10	1E-30	1E-10	1E10	1E-30	1E-10	1E10	1E-30	1E-10	1E10	1E-30	1E-10	1E10	1E-30	1E-10	1E10	1E-30	1E-10	1E10	1E-30	1E-10	1E10	1E-30	1E-10	1E10	1E-30	1E-10
10	3.9E-10	1E10	1E10	1E-30	2E-11	1E10	1E-30	1E10	0.06	1E-30	5.49264293428771E-11	0.760326932328804	9.78460936424872E-13	3.85007390976071E-10	320.281042296785	7.59414157623934E-10	7.12714707358773E-12	0.261969936783016	6.21631722323193E-10	2.82972741569545E-11	0.742937536224873	2.68607693123847E-09	1.92453465680663E-11	0.570573068059184	1E10	1E-30	1E-10	1E10	1E-30	1E-10	1E10	1E-30	1E-10	1E10	1E-30	1E-10	1E10	1E-30	1E-10	1E10	1E-30	1E-10	1E10	1E-30	1E-10	1E10	1E-30	1E-10	1E10	1E-30	1E-10	1E10	1E-30	1E-10
11	4.7E-10	1E10	1E10	1E-30	2.03008502156209E-10	1E10	1E-30	1E10	0.055	1E-30	6.05864518375049E-11	1.87270356121027	2.49669104807083E-09	2.56352650940403E-11	0.5985514711004	7.45657909052952E-10	2.86921261283313E-11	0.782737469912392	3.89832011838261E-10	1.57326910280377E-11	0.355791073336522	1.27927747286368E-12	1.70778424028228E-10	1E5	1E10	1E-30	1E-10	1E10	1E-30	1E-10	1E10	1E-30	1E-10	1E10	1E-30	1E-10	1E10	1E-30	1E-10	1E10	1E-30	1E-10	1E10	1E-30	1E-10	1E10	1E-30	1E-10	1E10	1E-30	1E-10	1E10	1E-30	1E-10
12	4.7E-10	1E10	1E10	1E-30	2.03008502156209E-10	1E10	1E-30	1E10	0.055	1E-30	6.05864518375049E-11	1.87270356121027	2.49669104807083E-09	2.56352650940403E-11	0.5985514711004	7.45657909052952E-10	2.86921261283313E-11	0.782737469912392	3.89832011838261E-10	1.57326910280377E-11	0.355791073336522	1.27927747286368E-12	1.70778424028228E-10	1E5	1E10	1E-30	1E-10	1E10	1E-30	1E-10	1E10	1E-30	1E-10	1E10	1E-30	1E-10	1E10	1E-30	1E-10	1E10	1E-30	1E-10	1E10	1E-30	1E-10	1E10	1E-30	1E-10	1E10	1E-30	1E-10	1E10	1E-30	1E-10
13	5.6E-10	1E10	1E10	1E-30	1E-11	1E10	1E-30	1E10	0.045	1E-30	5.40979282677022E-11	1.35962923216193	1.45939051287134E-12	1.92852927203206E-10	1E10	2.632415592448E-12	1.33182743616981E-10	98.9559251879394	4.84546976071246E-10	1.80886657153957E-11	0.415384348843896	8.98252459061518E-10	2.99708030623886E-11	0.756966035016571	3.0700654131283E-09	2.4109094659758E-11	0.717746835300324	1E10	1E-30	1E-10	1E10	1E-30	1E-10	1E10	1E-30	1E-10	1E10	1E-30	1E-10	1E10	1E-30	1E-10	1E10	1E-30	1E-10	1E10	1E-30	1E-10	1E10	1E-30	1E-10	1E10	1E-30	1E-10
14	5.6E-10	1E10	1E10	1E-30	1E-11	1E10	1E-30	1E10	0.045	1E-30	5.40979282677022E-11	1.35962923216193	1.45939051287134E-12	1.92852927203206E-10	1E10	2.632415592448E-12	1.33182743616981E-10	98.9559251879394	4.84546976071246E-10	1.80886657153957E-11	0.415384348843896	8.98252459061518E-10	2.99708030623886E-11	0.756966035016571	3.0700654131283E-09	2.4109094659758E-11	0.717746835300324	1E10	1E-30	1E-10	1E10	1E-30	1E-10	1E10	1E-30	1E-10	1E10	1E-30	1E-10	1E10	1E-30	1E-10	1E10	1E-30	1E-10	1E10	1E-30	1E-10	1E10	1E-30	1E-10	1E10	1E-30	1E-10
15	6.8E-10	1E10	1E10	1E-30	1.35561646773108E-10	1E10	1E-30	1E10	0.05	1E-30	2.04281000005794E-11	0.92053753427014	1E-30	8.36027401829628E-11	0.586073974157459	6.32132057780595E-09	1.48774488211068E-11	0.390479734826804	1.60944747761218E-09	1.91732196094164E-11	0.531581922316994	7.44860041172421E-13	2.56622276650629E-10	1E5	1E10	1E-30	1E-10	1E10	1E-30	1E-10	1E10	1E-30	1E-10	1E10	1E-30	1E-10	1E10	1E-30	1E-10	1E10	1E-30	1E-10	1E10	1E-30	1E-10	1E10	1E-30	1E-10	1E10	1E-30	1E-10	1E10	1E-30	1E-10
16	6.8E-10	1E10	1E10	1E-30	1.35561646773108E-10	1E10	1E-30	1E10	0.05	1E-30	2.04281000005794E-11	0.92053753427014	1E-30	8.36027401829628E-11	0.586073974157459	6.32132057780595E-09	1.48774488211068E-11	0.390479734826804	1.60944747761218E-09	1.91732196094164E-11	0.531581922316994	7.44860041172421E-13	2.56622276650629E-10	1E5	1E10	1E-30	1E-10	1E10	1E-30	1E-10	1E10	1E-30	1E-10	1E10	1E-30	1E-10	1E10	1E-30	1E-10	1E10	1E-30	1E-10	1E10	1E-30	1E-10	1E10	1E-30	1E-10	1E10	1E-30	1E-10	1E10	1E-30	1E-10
17	8.2E-10	1E10	1E10	1E-30	1E-12	1E10	1E-30	1E10	0.035	1E-30	7.88802214598028E-11	0.660825398004407	9.22724055463367E-13	3.05018310375025E-10	1E10	5.85820442773554E-12	5.98463804510599E-11	12.7349396038683	1.66198650077898E-09	7.77600802201804E-12	0.220988941686486	1.55484026211532E-09	2.54550826375197E-11	0.606084636206296	4.93342253893769E-09	2.22848376715201E-11	0.520331512433629	1E10	1E-30	1E-10	1E10	1E-30	1E-10	1E10	1E-30	1E-10	1E10	1E-30	1E-10	1E10	1E-30	1E-10	1E10	1E-30	1E-10	1E10	1E-30	1E-10	1E10	1E-30	1E-10	1E10	1E-30	1E-10
18	8.2E-10	1E10	1E10	1E-30	1E-12	1E10	1E-30	1E10	0.035	1E-30	7.88802214598028E-11	0.660825398004407	9.22724055463367E-13	3.05018310375025E-10	1E10	5.85820442773554E-12	5.98463804510599E-11	12.7349396038683	1.66198650077898E-09	7.77600802201804E-12	0.220988941686486	1.55484026211532E-09	2.54550826375197E-11	0.606084636206296	4.93342253893769E-09	2.22848376715201E-11	0.520331512433629	1E10	1E-30	1E-10	1E10	1E-30	1E-10	1E10	1E-30	1E-10	1E10	1E-30	1E-10	1E10	1E-30	1E-10	1E10	1E-30	1E-10	1E10	1E-30	1E-10	1E10	1E-30	1E-10	1E10	1E-30	1E-10
19	9.95598084791325E-10	1E10	1E10	1E-30	2.66475620039544E-10	1E10	1E-30	1E10	2.04403200165934E-02	1E-30	7.39151022667997E-11	0.911528569806647	1E-30	6.17875749620848E-11	2.04704538704071E-02	6.37423466788627E-09	2.29230228078619E-11	0.638655952738379	2.12345835086436E-09	2.67166225109743E-11	0.654168020902454	6.92423335246579E-10	2.56629541210801E-11	0.281974837116415	6.15682995174202E-12	4.04529882253123E-11	1E5	1E10	1E-30	1E-10	1E10	1E-30	1E-10	1E10	1E-30	1E-10	1E10	1E-30	1E-10	1E10	1E-30	1E-10	1E10	1E-30	1E-10	1E10	1E-30	1E-10	1E10	1E-30	1E-10	1E10	1E-30	1E-10
20	9.95598084791325E-10	1E10	1E10	1E-30	2.66475620039544E-10	1E10	1E-30	1E10	2.04403200165934E-02	1E-30	7.39151022667997E-11	0.911528569806647	1E-30	6.17875749620848E-11	2.04704538704071E-02	6.37423466788627E-09	2.29230228078619E-11	0.638655952738379	2.12345835086436E-09	2.67166225109743E-11	0.654168020902454	6.92423335246579E-10	2.56629541210801E-11	0.281974837116415	6.15682995174202E-12	4.04529882253123E-11	1E5	1E10	1E-30	1E-10	1E10	1E-30	1E-10	1E10	1E-30	1E-10	1E10	1E-30	1E-10	1E10	1E-30	1E-10	1E10	1E-30	1E-10	1E10	1E-30	1E-10	1E10	1E-30	1E-10	1E10	1E-30	1E-10
21	1.20367691944952E-09	1E10	1E10	1E-30	4.17764162128034E-10	1E10	1E-30	1E10	0.01290850215474	1E-30	2.06888013203693E-11	1.14579710604832	1E-30	5.36998422346285E-11	0.394805243900337	1E-30	6.26504807922562E-11	2.48099384266444E-02	1E-30	2.82881585363716E-10	8.20536491584125E-03	1.30778492578468E-08	9.66469288657609E-12	0.18414788663282	2.12208767757787E-09	2.3571072698525E-11	0.477846345195352	1.37583358862464E-11	2.40664991726454E-11	1E5	1E10	1E-30	1E-10	1E10	1E-30	1E-10	1E10	1E-30	1E-10	1E10	1E-30	1E-10	1E10	1E-30	1E-10	1E10	1E-30	1E-10	1E10	1E-30	1E-10	1E10	1E-30	1E-10
22	1.20422290518587E-09	1E10	1E10	1E-30	3.11720660389317E-10	1E10	1E-30	1E10	1.02356937614241E-02	1E-30	5.60540305052217E-11	0.509167974006215	1E-30	6.2654790420497E-11	0.026010127527304	1E-30	1.54727541740886E-10	1.00859440648398E-02	1.29618468373174E-08	9.92740613845932E-12	0.15241881827461	1.94857436454748E-09	2.76912411320616E-11	0.482639235511716	3.30559001721781E-12	1.0016819312094E-10	1E5	6.28076074852571E-12	4.44498913037845E-11	9.94948134645495	1E10	1E-30	1E-10	1E10	1E-30	1E-10	1E10	1E-30	1E-10	1E10	1E-30	1E-10	1E10	1E-30	1E-10	1E10	1E-30	1E-10	1E10	1E-30	1E-10	1E10	1E-30	1E-10
23	1.17268466514697E-09	1E10	1E10	1E-30	1.10636778907263E-10	1E10	1E-30	1E10	2.77328956439458E-02	1E-30	7.4749723758526E-11	0.706539125068131	1E-30	1.73079626638975E-10	1.96317552579918E-02	1.13894645398204E-08	1.34723514739663E-11	0.151317308687417	1.92499133859475E-09	3.42604472147423E-11	0.41996887058571	1.07046869276387E-12	3.37116560233485E-10	817.71393682294	1E10	1E-30	1E-10	1E10	1E-30	1E-10	1E10	1E-30	1E-10	1E10	1E-30	1E-10	1E10	1E-30	1E-10	1E10	1E-30	1E-10	1E10	1E-30	1E-10	1E10	1E-30	1E-10	1E10	1E-30	1E-10	1E10	1E-30	1E-10
24	1.50486193104804E-09	1E10	1E10	1E-30	3.27986131635273E-10	1E10	1E-30	1E10	1.94589438638953E-02	1E-30	5.09631485659788E-11	0.336720162145953	1E-30	8.61328023022021E-11	1.57353540970919E-02	1.06102421149094E-08	1.73847431151398E-11	0.27494229287396	2.41618153653871E-09	3.35288752266614E-11	0.445093734622996	1.62855919647044E-09	1.54153754478424E-11	0.191983820165293	1.08443040154497E-11	2.48911418121098E-11	0.467193931071656	3.12012281155774E-12	7.44965358513732E-11	1E5	1E10	1E-30	1E-10	1E10	1E-30	1E-10	1E10	1E-30	1E-10	1E10	1E-30	1E-10	1E10	1E-30	1E-10	1E10	1E-30	1E-10	1E10	1E-30	1E-10	1E10	1E-30	1E-10
25	1.50486193104804E-09	1E10	1E10	1E-30	3.27986131635273E-10	1E10	1E-30	1E10	1.94589438638953E-02	1E-30	5.09631485659788E-11	0.336720162145953	1E-30	8.61328023022021E-11	1.57353540970919E-02	1.06102421149094E-08	1.73847431151398E-11	0.27494229287396	2.41618153653871E-09	3.35288752266614E-11	0.445093734622996	1.62855919647044E-09	1.54153754478424E-11	0.191983820165293	1.08443040154497E-11	2.48911418121098E-11	0.467193931071656	3.12012281155774E-12	7.44965358513732E-11	1E5	1E10	1E-30	1E-10	1E10	1E-30	1E-10	1E10	1E-30	1E-10	1E10	1E-30	1E-10	1E10	1E-30	1E-10	1E10	1E-30	1E-10	1E10	1E-30	1E-10	1E10	1E-30	1E-10
26	1.49067049492999E-09	1E10	1E10	1E-30	2.86697593790909E-10	1E10	1E-30	1E10	2.13092839546264E-02	1E-30	8.78590125690548E-11	0.589109763728131	1E-30	8.16963624779846E-11	1.84836259044058E-02	1.45247760464871E-08	1.43584926544478E-11	0.236652164582506	2.91901976418901E-09	3.29884539440946E-11	0.441323973588136	2.79814053933668E-12	1.15328107222372E-10	36.6351206807549	1E10	1E-30	1E-10	1E10	1E-30	1E-10	1E10	1E-30	1E-10	1E10	1E-30	1E-10	1E10	1E-30	1E-10	1E10	1E-30	1E-10	1E10	1E-30	1E-10	1E10	1E-30	1E-10	1E10	1E-30	1E-10	1E10	1E-30	1E-10
27	1.80758272546474E-09	1E10	1E10	1E-30	1.98554773852694E-10	1E10	1E-30	1E10	2.05144553596546E-02	1E-30	5.18831756750567E-11	2.28881663204252E-02	1.64026058854367E-08	1.29010277000858E-11	0.180111687680688	3.02107692028495E-09	2.50420224684259E-11	0.36992864735611	8.33791619622677E-10	2.40479663152561E-11	0.223959848529261	8.65956722930165E-12	4.5490987685383E-11	0.881143954662253	9.60617330875805E-13	2.30642106156347E-10	1E5	1E10	1E-30	1E-10	1E10	1E-30	1E-10	1E10	1E-30	1E-10	1E10	1E-30	1E-10	1E10	1E-30	1E-10	1E10	1E-30	1E-10	1E10	1E-30	1E-10	1E10	1E-30	1E-10	1E10	1E-30	1E-10
28	1.8E-9	1E10	1E10	1E-30	1.91529234554003E-10	1E10	1E-30	1E10	3.66407853806772E-02	1E-30	6.15074660087816E-11	0.304070599611011	1E-30	7.87790672618706E-11	3.54915220971637E-02	1E-30	3.23339074585639E-11	1.74441634474494E-03	2.70460799844382E-09	3.01708689403733E-11	0.228603554244193	8.2183561980272E-13	4.07396648062401E-10	183.567791477655	1E10	1E-30	1E-10	1E10	1E-30	1E-10	1E10	1E-30	1E-10	1E10	1E-30	1E-10	1E10	1E-30	1E-10	1E10	1E-30	1E-10	1E10	1E-30	1E-10	1E10	1E-30	1E-10	1E10	1E-30	1E-10	1E10	1E-30	1E-10
29	2.19829421099855E-09	1E10	1E10	1E-30	3.19876179586267E-10	1E10	1E-30	1E10	1.61753705205941E-02	1E-30	4.86904672705766E-11	0.551419980454801	1E-30	7.25850359201506E-11	2.01854576609116E-02	1.7640287388696E-08	1.51073479371029E-11	0.194202012387643	3.10764512721082E-09	3.32570726322855E-11	0.416990532596651	1.79871821014299E-09	1.85035862273304E-11	0.205881211459622	7.69839399307283E-12	3.27317251955734E-11	1E5	3.82485904910189E-12	4.88237426713436E-11	43.8614961217153	1E10	1E-30	1E-10	1E10	1E-30	1E-10	1E10	1E-30	1E-10	1E10	1E-30	1E-10	1E10	1E-30	1E-10	1E10	1E-30	1E-10	1E10	1E-30	1E-10	1E10	1E-30	1E-10
30	2.20840380722819E-09	1E10	1E10	1E-30	2.187345687507E-10	1E10	1E-30	1E10	3.38512104676645E-02	1E-30	8.08795706365204E-11	0.621391718850141	1E-30	8.03538531864158E-11	4.08514954028145E-02	4.42414800851645E-08	5.46264118238047E-12	4.30670475237151E-02	3.7559680868679E-09	2.88303096266284E-11	0.22894904999823	9.92846831078127E-13	3.28377174718662E-10	219.353364157834	1E10	1E-30	1E-10	1E10	1E-30	1E-10	1E10	1E-30	1E-10	1E10	1E-30	1E-10	1E10	1E-30	1E-10	1E10	1E-30	1E-10	1E10	1E-30	1E-10	1E10	1E-30	1E-10	1E10	1E-30	1E-10	1E10	1E-30	1E-10
31	2.77641299892457E-09	1E10	1E10	1E-30	3.104922864679E-10	1E10	1E-30	1E10	8.84732073461596E-03	1E-30	6.96977225714867E-11	0.395483536233844	1E-30	5.38772292581322E-11	1.69878913435046E-02	1E-30	1.1030610029738E-10	5.598846637996E-3	2.24889809471879E-08	1.49855602507493E-11	0.227351775961559	4.9293132099229E-09	3.05399396711905E-11	0.375753561206623	5.42747836658895E-09	9.13443860573736E-12	0.131409434218738	3.9475451184534E-12	8.5205984585179E-11	38.3604557195907	1E10	1E-30	1E-10	1E10	1E-30	1E-10	1E10	1E-30	1E-10	1E10	1E-30	1E-10	1E10	1E-30	1E-10	1E10	1E-30	1E-10	1E10	1E-30	1E-10	1E10	1E-30	1E-10
32	2.63854049658069E-09	1E10	1E10	1E-30	3.66716866433808E-10	1E10	1E-30	1E10	2.20564112747389E-02	1E-30	7.41877844608804E-11	0.350076602985063	1E-30	9.1805263480832E-11	2.74598907861667E-02	8.21430396672355E-08	4.08430786662293E-12	3.81528119421077E-02	4.51880154368401E-09	3.2872501342025E-11	0.236020915103797	2.1456968397814E-12	1.65752825424775E-10	103.383237307681	1E10	1E-30	1E-10	1E10	1E-30	1E-10	1E10	1E-30	1E-10	1E10	1E-30	1E-10	1E10	1E-30	1E-10	1E10	1E-30	1E-10	1E10	1E-30	1E-10	1E10	1E-30	1E-10	1E10	1E-30	1E-10	1E10	1E-30	1E-10
33	3.17311335095579E-09	1E10	1E10	1E-30	2.80412645464199E-10	1E10	1E-30	1E10	0.013	1E-30	6.84571454573975E-11	0.359276683973495	1E-30	5.87006780186075E-11	9.32230284186533E-03	1.87127957160442E-08	2.12376782714503E-11	0.244940511987486	4.91848224942184E-09	3.72992225304699E-11	0.40228230573877	4.76748145910886E-09	1.37085319792021E-11	0.1458538063965	3.75889818896011E-11	9.31620745612724E-12	1.97573900205452	4.0525373342927E-12	6.97657079705163E-11	1E5	1E10	1E-30	1E-10	1E10	1E-30	1E-10	1E10	1E-30	1E-10	1E10	1E-30	1E-10	1E10	1E-30	1E-10	1E10	1E-30	1E-10	1E10	1E-30	1E-10	1E10	1E-30	1E-10
34	3.26712857058761E-09	1E10	1E10	1E-30	2.05871380328736E-10	1E10	1E-30	1E10	2.38761935653056E-02	1E-30	7.9384543607547E-11	0.379606402744472	1E-30	6.78220105337433E-11	2.63501042674222E-02	6.89464722144394E-08	6.34165006539633E-12	4.56979148863338E-02	5.72843749295967E-09	3.47681927478476E-11	0.208370638596894	1.12731970153771E-12	2.92662385038313E-10	181.330369173276	1E10	1E-30	1E-10	1E10	1E-30	1E-10	1E10	1E-30	1E-10	1E10	1E-30	1E-10	1E10	1E-30	1E-10	1E10	1E-30	1E-10	1E10	1E-30	1E-10	1E10	1E-30	1E-10	1E10	1E-30	1E-10	1E10	1E-30	1E-10
35	3.83557423983721E-09	1E10	1E10	1E-30	3.17470568158495E-10	1E10	1E-30	1E10	7.59765126387253E-03	1E-30	1.023185591364E-10	0.36907772469706	1E-30	5.33824112883436E-11	1.33458684863925E-02	1E-30	1.38096167963766E-10	5.29109157657465E-03	2.12861262465932E-08	2.38791332704283E-11	0.302548575230672	8.42572989360351E-09	2.81593467748904E-11	0.390548541691806	1.69913550927864E-11	2.14516689016798E-11	5.92703236630671	1E10	1E-30	1E-10	1E10	1E-30	1E-10	1E10	1E-30	1E-10	1E10	1E-30	1E-10	1E10	1E-30	1E-10	1E10	1E-30	1E-10	1E10	1E-30	1E-10	1E10	1E-30	1E-10	1E10	1E-30	1E-10
36	3.87493954631591E-09	1E10	1E10	1E-30	1.78078852984578E-10	1E10	1E-30	1E10	1.68085826923989E-02	1E-30	8.96596557381135E-11	0.303815507428753	1E-30	7.69745496099142E-11	0.020457254512827	5.42572634054879E-08	1.00184657560705E-11	5.86830926205683E-02	6.72412694903694E-09	3.56108541810583E-11	0.214758668670865	5.30455044937167E-13	3.03081425829203E-10	117.741533941057	1E10	1E-30	1E-10	1E10	1E-30	1E-10	1E10	1E-30	1E-10	1E10	1E-30	1E-10	1E10	1E-30	1E-10	1E10	1E-30	1E-10	1E10	1E-30	1E-10	1E10	1E-30	1E-10	1E10	1E-30	1E-10	1E10	1E-30	1E-10
37	4.67203470682294E-09	1E10	1E10	1E-30	4.25114575490099E-10	1E10	1E-30	1E10	9.0215462165596E-03	1E-30	3.63388922959798E-11	0.284575329874066	1E-30	6.79053637600713E-11	2.12137409676942E-02	1E-30	4.07473784860005E-11	2.49378750143035E-03	3.8134420225032E-08	1.26756857443988E-11	0.101367656586918	6.36540884609176E-09	3.14908090917315E-11	0.280998975726931	3.36959495327166E-09	1.73592645168369E-11	0.133138981532541	7.47265081252805E-12	3.27261441554453E-11	2.24746968286083	1E10	1E-30	1E-10	1E10	1E-30	1E-10	1E10	1E-30	1E-10	1E10	1E-30	1E-10	1E10	1E-30	1E-10	1E10	1E-30	1E-10	1E10	1E-30	1E-10	1E10	1E-30	1E-10
38	4.61255968291143E-09	1E10	1E10	1E-30	4.00587636914131E-10	1E10	1E-30	1E10	1.56858084387302E-02	1E-30	1.10801272584231E-10	0.30109624067536	1E-30	1.23060195746268E-10	1.09946926069465E-02	7.08976001947944E-08	9.86807322877128E-12	7.17689371774982E-02	9.40684795829179E-09	3.50108810565703E-11	0.206640321569047	6.47648230485699E-12	5.09418627308348E-11	7.11251453108462	1E10	1E-30	1E-10	1E10	1E-30	1E-10	1E10	1E-30	1E-10	1E10	1E-30	1E-10	1E10	1E-30	1E-10	1E10	1E-30	1E-10	1E10	1E-30	1E-10	1E10	1E-30	1E-10	1E10	1E-30	1E-10	1E10	1E-30	1E-10
39	5.59021742171364E-09	1E10	1E10	1E-30	3.54328000601346E-10	1E10	1E-30	1E10	8.39288634366791E-03	1E-30	5.44445869162925E-11	0.335587826344688	1E-30	5.85188344442703E-11	1.80084167733898E-02	1E-30	4.01407811628768E-11	1.78594242097711E-03	3.19015059980566E-08	1.97219392440509E-11	0.138170703486951	8.61037348736662E-09	3.1212901492357E-11	0.275321087320991	5.28175821869727E-09	1.51979371184373E-11	0.115778506374984	8.30472207836754E-12	4.7473586844508E-11	14.6245807997432	1E10	1E-30	1E-10	1E10	1E-30	1E-10	1E10	1E-30	1E-10	1E10	1E-30	1E-10	1E10	1E-30	1E-10	1E10	1E-30	1E-10	1E10	1E-30	1E-10	1E10	1E-30	1E-10
40	5.52273670510176E-09	1E10	1E10	1E-30	3.4649873036108E-10	1E10	1E-30	1E10	1.34417760630078E-02	1E-30	1.06547240038056E-10	0.248593118922099	1E-30	4.67431570642911E-12	8.53807826142056E-02	1E-30	7.5304169652426E-11	1.31620928549893E-02	6.60970965940483E-08	1.26261804636865E-11	8.34378933507304E-02	1.36304229946462E-08	2.95923808050111E-11	0.193423577584021	4.79768807097055E-12	5.29383503270916E-11	18.6041325804985	1E10	1E-30	1E-10	1E10	1E-30	1E-10	1E10	1E-30	1E-10	1E10	1E-30	1E-10	1E10	1E-30	1E-10	1E10	1E-30	1E-10	1E10	1E-30	1E-10	1E10	1E-30	1E-10	1E10	1E-30	1E-10
41	6.58887903895204E-09	1E10	1E10	1E-30	3.66724376355466E-10	1E10	1E-30	1E10	7.62899156466851E-03	1E-30	5.27912651692174E-11	0.303500664917753	1E-30	8.19006773909078E-11	1.36319848675039E-02	3.1247458184082E-08	2.39764101933739E-11	0.154070541503228	1.1854416948505E-08	2.84290640717289E-11	0.259889018645464	4.99022777491029E-09	2.05602106304921E-11	0.123599615366337	7.37261470707148E-12	2.85221389227664E-11	3.95973403700801	1E10	1E-30	1E-10	1E10	1E-30	1E-10	1E10	1E-30	1E-10	1E10	1E-30	1E-10	1E10	1E-30	1E-10	1E10	1E-30	1E-10	1E10	1E-30	1E-10	1E10	1E-30	1E-10	1E10	1E-30	1E-10
42	6.81023839094803E-09	1E10	1E10	1E-30	5.62341325190349E-11	1E10	1E-30	1E10	1.36220512359259E-02	1E-30	6.83494009009845E-11	0.301488706264847	1E-30	5.91620482089889E-11	9.7900245259919E-03	4.6190839406986E-08	1.7407597600804E-11	0.07975010381838	1.13639081288984E-08	3.13575177423393E-11	0.17523539547054	6.81387955428055E-09	1.47373975645689E-11	6.66308463404091E-02	6.3679804659762E-12	4.76043596347937E-11	21.7223754416344	9.47452895864344E-13	2.80855196632864E-10	1E5	1E10	1E-30	1E-10	1E10	1E-30	1E-10	1E10	1E-30	1E-10	1E10	1E-30	1E-10	1E10	1E-30	1E-10	1E10	1E-30	1E-10	1E10	1E-30	1E-10	1E10	1E-30	1E-10
43	8.2566301975995E-09	1E10	1E10	1E-30	2.74439991105368E-10	1E10	1E-30	1E10	6.53581672722449E-03	1E-30	7.66090452515033E-11	0.209778122610303	1E-30	7.04212431572026E-11	1.06153649526082E-02	1E-30	8.76274505319295E-11	2.10978299196605E-03	3.68933214444342E-08	2.84297122011761E-11	0.160540651765868	1.56636629750157E-08	2.98048824883201E-11	0.230398990668983	8.88256250331725E-08	2.5563071656458E-12	3.28856294046135E-02	1.56521988443014E-08	9.33522044590042E-12	8.41626993149595E-02	2.54045777373597E-12	8.46838154778702E-11	17.8448848137383	1E10	1E-30	1E-10	1E10	1E-30	1E-10	1E10	1E-30	1E-10	1E10	1E-30	1E-10	1E10	1E-30	1E-10	1E10	1E-30	1E-10	1E10	1E-30	1E-10
44	8.34606475376826E-09	1E10	1E10	1E-30	7.47356674829757E-11	1E10	1E-30	1E10	1.14327643077795E-02	1E-30	7.54468268719371E-11	0.279811158512315	1E-30	5.25571199473978E-11	1.26672450633217E-02	4.49175840761547E-08	2.40211791492012E-11	0.101374983089651	1.59407158583146E-08	3.15780408827703E-11	0.179348988226766	9.81013316134436E-09	1.50763554281962E-11	6.54729080758452E-02	2.46003176591056E-12	1.23987204604659E-10	141.184455160156	1.63575206750484E-12	1.51817771990534E-10	1E5	1E10	1E-30	1E-10	1E10	1E-30	1E-10	1E10	1E-30	1E-10	1E10	1E-30	1E-10	1E10	1E-30	1E-10	1E10	1E-30	1E-10	1E10	1E-30	1E-10	1E10	1E-30	1E-10
45	9.87363792929885E-09	1E10	1E10	1E-30	2.93333058880846E-10	1E10	1E-30	1E10	6.09292578086578E-03	1E-30	8.6027913193328E-11	0.210007547384597	1E-30	7.41045796520892E-11	9.49612289350704E-03	4.11954062938385E-08	3.13315809346225E-11	0.179660458398662	1.7948605836853E-08	3.21463385973281E-11	0.22464616364523	8.4304600034464E-08	3.50735045746327E-12	3.47566893968618E-02	2.67511332783429E-08	7.13549012008539E-12	8.20253819501431E-02	8.68470460259949E-12	2.8280282200753E-11	1.96975187115878	1E10	1E-30	1E-10	1E10	1E-30	1E-10	1E10	1E-30	1E-10	1E10	1E-30	1E-10	1E10	1E-30	1E-10	1E10	1E-30	1E-10	1E10	1E-30	1E-10	1E10	1E-30	1E-10
46	9.97721804074035E-09	1E10	1E10	1E-30	1.70501355499211E-10	1E10	1E-30	1E10	0.010614836366572	1E-30	5.89399608618073E-11	0.246887130728432	1E-30	5.26749551632589E-11	9.26706212146771E-03	6.00502029842368E-08	2.19205139809018E-11	0.108483988302607	1.93936451952535E-08	3.2450017295156E-11	0.187844289155538	7.47959799822212E-09	2.88023708604721E-11	9.91320389652508E-02	1.33181016333439E-11	2.53592657651911E-11	4.78010898170133	2.56667814584893E-12	1.14976058194207E-10	1E5	1E10	1E-30	1E-10	1E10	1E-30	1E-10	1E10	1E-30	1E-10	1E10	1E-30	1E-10	1E10	1E-30	1E-10	1E10	1E-30	1E-10	1E10	1E-30	1E-10	1E10	1E-30	1E-10
47	1.17268466514697E-08	1E10	1E10	1E-30	3.55571692306283E-10	1E10	1E-30	1E10	1.09421187473234E-02	1E-30	7.89026043279457E-11	0.226847911748359	1E-30	1.03425682875303E-10	1.30958690340462E-02	8.90732299554599E-08	1.53982833625643E-11	0.0650373242553	1.99399386875664E-08	2.98906448727862E-11	0.158641517893811	4.0140873815881E-12	7.30216549466656E-11	23.3695540728797	1E10	1E-30	1E-10	1E10	1E-30	1E-10	1E10	1E-30	1E-10	1E10	1E-30	1E-10	1E10	1E-30	1E-10	1E10	1E-30	1E-10	1E10	1E-30	1E-10	1E10	1E-30	1E-10	1E10	1E-30	1E-10	1E10	1E-30	1E-10
48	1.49697069087712E-08	1E10	1E10	1E-30	2.18157247163314E-11	1E10	1E-30	1E10	7.67088784378923E-03	1E-30	1.84415382443257E-11	0.741584193612583	1E-30	9.60718195394408E-11	0.18501801700183	1E-30	7.3534182316374E-11	7.94497910710041E-03	8.1676751368779E-08	2.23660583763465E-11	7.49465258995578E-02	2.53545472843558E-08	3.30321236932117E-11	0.138420491939659	4.75441573884282E-08	6.29216290587144E-12	4.33536788424327E-02	1.1889602426123E-11	1.99358647798286E-11	2.12615087646091	5.22935602995931E-13	3.47961037625414E-10	1E5	1E10	1E-30	1E-10	1E10	1E-30	1E-10	1E10	1E-30	1E-10	1E10	1E-30	1E-10	1E10	1E-30	1E-10	1E10	1E-30	1E-10	1E10	1E-30	1E-10
49	1.75902699772046E-08	1E10	1E10	1E-30	2.43610069176685E-10	1E10	1E-30	1E10	9.59639482789619E-03	1E-30	9.59370122558988E-11	0.172071133403416	1E-30	6.82581866138871E-11	7.86733376962404E-03	1.22854518638062E-07	1.90084373982267E-11	6.73613955276917E-02	2.5828611200973E-08	4.09116384431818E-11	0.138333428352657	2.82301883640942E-12	9.91573057453841E-11	39.2715235870487	1E10	1E-30	1E-10	1E10	1E-30	1E-10	1E10	1E-30	1E-10	1E10	1E-30	1E-10	1E10	1E-30	1E-10	1E10	1E-30	1E-10	1E10	1E-30	1E-10	1E10	1E-30	1E-10	1E10	1E-30	1E-10	1E10	1E-30	1E-10
50	2.28477324652682E-08	1E10	1E10	1E-30	2.34675980646009E-11	1E10	1E-30	1E10	6.67503108846298E-03	1E-30	1.32314222074222E-11	0.33156962646774	1E-30	9.7135005152371E-11	0.188069406390932	1E-30	6.76653838474459E-11	4.63745295812389E-03	9.20500674583065E-08	3.32539304904252E-11	8.97865338973453E-02	3.5343132125636E-08	4.40776339419223E-11	0.141435188688587	1.89058458872804E-08	2.73278513512577E-11	7.18850318402242E-02	4.75441008639262E-11	7.37404482515632E-12	0.990067429792375	7.13368499099038E-13	2.69716434370232E-10	1E5	1E10	1E-30	1E-10	1E10	1E-30	1E-10	1E10	1E-30	1E-10	1E10	1E-30	1E-10	1E10	1E-30	1E-10	1E10	1E-30	1E-10	1E10	1E-30	1E-10
51	1.66099996904929E-06	1E10	22727272.7272727	1E-30	1.65516617175713E-10	1E10	1E-30	1E10	5.31183637421943E-03	1.18783620989762E-04	1E10	28.947399117181	1.53412144485746E-04	1E10	4.03726902410631	1.02069476925029E-04	1E10	1.09717161127854	1.01315234793873E-04	1E10	0.184298385947908	6.72598099699746E-05	1E10	4.18989467766234E-02	5.11326081936258E-05	1E10	7.57815691205236E-03	1E-30	2.33230241447246E-11	5.25718399131624E-02	1E-30	1.74567032683369E-10	2.75366359911862E-02	9.08776154109829E-06	2.73476893693125E-11	5.52692886181079E-03	2.00690608582499E-06	5.60811376961847E-11	9.45812448699894E-03	2.44630605580242E-12	1.73890497826604E-10	41.508299950646	1E10	1E-30	1E-10	1E10	1E-30	1E-10	1E10	1E-30	1E-10	1E10	1E-30	1E-10
52	1.66099996904929E-06	1E10	22727272.7272727	1E-30	1.65516617175713E-10	1E10	1E-30	1E10	5.31183637421943E-03	1.18783620989762E-04	1E10	28.947399117181	1.53412144485746E-04	1E10	4.03726902410631	1.02069476925029E-04	1E10	1.09717161127854	1.01315234793873E-04	1E10	0.184298385947908	6.72598099699746E-05	1E10	4.18989467766234E-02	5.11326081936258E-05	1E10	7.57815691205236E-03	1E-30	2.33230241447246E-11	5.25718399131624E-02	1E-30	1.74567032683369E-10	2.75366359911862E-02	9.08776154109829E-06	2.73476893693125E-11	5.52692886181079E-03	2.00690608582499E-06	5.60811376961847E-11	9.45812448699894E-03	2.44630605580242E-12	1.73890497826604E-10	41.508299950646	1E10	1E-30	1E-10	1E10	1E-30	1E-10	1E10	1E-30	1E-10	1E10	1E-30	1E-10
53	1.66099996904929E-06	1E10	22727272.7272727	1E-30	1.65516617175713E-10	1E10	1E-30	1E10	5.31183637421943E-03	1.18783620989762E-04	1E10	28.947399117181	1.53412144485746E-04	1E10	4.03726902410631	1.02069476925029E-04	1E10	1.09717161127854	1.01315234793873E-04	1E10	0.184298385947908	6.72598099699746E-05	1E10	4.18989467766234E-02	5.11326081936258E-05	1E10	7.57815691205236E-03	1E-30	2.33230241447246E-11	5.25718399131624E-02	1E-30	1.74567032683369E-10	2.75366359911862E-02	9.08776154109829E-06	2.73476893693125E-11	5.52692886181079E-03	2.00690608582499E-06	5.60811376961847E-11	9.45812448699894E-03	2.44630605580242E-12	1.73890497826604E-10	41.508299950646	1E10	1E-30	1E-10	1E10	1E-30	1E-10	1E10	1E-30	1E-10	1E10	1E-30	1E-10
54	1.66099996904929E-06	1E10	22727272.7272727	1E-30	1.65516617175713E-10	1E10	1E-30	1E10	5.31183637421943E-03	1.18783620989762E-04	1E10	28.947399117181	1.53412144485746E-04	1E10	4.03726902410631	1.02069476925029E-04	1E10	1.09717161127854	1.01315234793873E-04	1E10	0.184298385947908	6.72598099699746E-05	1E10	4.18989467766234E-02	5.11326081936258E-05	1E10	7.57815691205236E-03	1E-30	2.33230241447246E-11	5.25718399131624E-02	1E-30	1.74567032683369E-10	2.75366359911862E-02	9.08776154109829E-06	2.73476893693125E-11	5.52692886181079E-03	2.00690608582499E-06	5.60811376961847E-11	9.45812448699894E-03	2.44630605580242E-12	1.73890497826604E-10	41.508299950646	1E10	1E-30	1E-10	1E10	1E-30	1E-10	1E10	1E-30	1E-10	1E10	1E-30	1E-10
55	1.54947540421161E-06	1E10	22727272.7272727	1E-30	1.49164465100696E-10	1E10	1E-30	1E10	6.04641853010622E-03	5.8361122347772E-05	1E10	73.8275465913637	5.16218475786699E-05	1E10	9.53046051288694	4.52187729668695E-05	1E10	1.08252631915442	3.80666845392312E-05	1E10	0.125232337337712	2.98990473140245E-05	1E10	0.015808045525876	1E-30	2.87754961261537E-11	6.97655184640969E-02	1E-30	2.01286228511383E-10	2.98597154063908E-02	4.09374317524916E-06	5.3727619568936E-11	6.05528586935573E-03	6.10251586813417E-06	2.03101443445037E-11	6.16592057711554E-03	2.13608397906221E-12	1.37680698870589E-10	30.9645667649046	1E10	1E-30	1E-10	1E10	1E-30	1E-10	1E10	1E-30	1E-10	1E10	1E-30	1E-10	1E10	1E-30	1E-10
56	1.54947540421161E-06	1E10	22727272.7272727	1E-30	1.49164465100696E-10	1E10	1E-30	1E10	6.04641853010622E-03	5.8361122347772E-05	1E10	73.8275465913637	5.16218475786699E-05	1E10	9.53046051288694	4.52187729668695E-05	1E10	1.08252631915442	3.80666845392312E-05	1E10	0.125232337337712	2.98990473140245E-05	1E10	0.015808045525876	1E-30	2.87754961261537E-11	6.97655184640969E-02	1E-30	2.01286228511383E-10	2.98597154063908E-02	4.09374317524916E-06	5.3727619568936E-11	6.05528586935573E-03	6.10251586813417E-06	2.03101443445037E-11	6.16592057711554E-03	2.13608397906221E-12	1.37680698870589E-10	30.9645667649046	1E10	1E-30	1E-10	1E10	1E-30	1E-10	1E10	1E-30	1E-10	1E10	1E-30	1E-10	1E10	1E-30	1E-10
57	1.66099996904929E-06	1E10	22727272.7272727	1E-30	1.65516617175713E-10	1E10	1E-30	1E10	5.31183637421943E-03	1.18783620989762E-04	1E10	28.947399117181	1.53412144485746E-04	1E10	4.03726902410631	1.02069476925029E-04	1E10	1.09717161127854	1.01315234793873E-04	1E10	0.184298385947908	6.72598099699746E-05	1E10	4.18989467766234E-02	5.11326081936258E-05	1E10	7.57815691205236E-03	1E-30	2.33230241447246E-11	5.25718399131624E-02	1E-30	1.74567032683369E-10	2.75366359911862E-02	9.08776154109829E-06	2.73476893693125E-11	5.52692886181079E-03	2.00690608582499E-06	5.60811376961847E-11	9.45812448699894E-03	2.44630605580242E-12	1.73890497826604E-10	41.508299950646	1E10	1E-30	1E-10	1E10	1E-30	1E-10	1E10	1E-30	1E-10	1E10	1E-30	1E-10
58	1.66099996904929E-06	1E10	22727272.7272727	1E-30	1.65516617175713E-10	1E10	1E-30	1E10	5.31183637421943E-03	1.18783620989762E-04	1E10	28.947399117181	1.53412144485746E-04	1E10	4.03726902410631	1.02069476925029E-04	1E10	1.09717161127854	1.01315234793873E-04	1E10	0.184298385947908	6.72598099699746E-05	1E10	4.18989467766234E-02	5.11326081936258E-05	1E10	7.57815691205236E-03	1E-30	2.33230241447246E-11	5.25718399131624E-02	1E-30	1.74567032683369E-10	2.75366359911862E-02	9.08776154109829E-06	2.73476893693125E-11	5.52692886181079E-03	2.00690608582499E-06	5.60811376961847E-11	9.45812448699894E-03	2.44630605580242E-12	1.73890497826604E-10	41.508299950646	1E10	1E-30	1E-10	1E10	1E-30	1E-10	1E10	1E-30	1E-10	1E10	1E-30	1E-10
59	1.66099996904929E-06	1E10	22727272.7272727	1E-30	1.65516617175713E-10	1E10	1E-30	1E10	5.31183637421943E-03	1.18783620989762E-04	1E10	28.947399117181	1.53412144485746E-04	1E10	4.03726902410631	1.02069476925029E-04	1E10	1.09717161127854	1.01315234793873E-04	1E10	0.184298385947908	6.72598099699746E-05	1E10	4.18989467766234E-02	5.11326081936258E-05	1E10	7.57815691205236E-03	1E-30	2.33230241447246E-11	5.25718399131624E-02	1E-30	1.74567032683369E-10	2.75366359911862E-02	9.08776154109829E-06	2.73476893693125E-11	5.52692886181079E-03	2.00690608582499E-06	5.60811376961847E-11	9.45812448699894E-03	2.44630605580242E-12	1.73890497826604E-10	41.508299950646	1E10	1E-30	1E-10	1E10	1E-30	1E-10	1E10	1E-30	1E-10	1E10	1E-30	1E-10
60	1.66099996904929E-06	1E10	22727272.7272727	1E-30	1.65516617175713E-10	1E10	1E-30	1E10	5.31183637421943E-03	1.18783620989762E-04	1E10	28.947399117181	1.53412144485746E-04	1E10	4.03726902410631	1.02069476925029E-04	1E10	1.09717161127854	1.01315234793873E-04	1E10	0.184298385947908	6.72598099699746E-05	1E10	4.18989467766234E-02	5.11326081936258E-05	1E10	7.57815691205236E-03	1E-30	2.33230241447246E-11	5.25718399131624E-02	1E-30	1.74567032683369E-10	2.75366359911862E-02	9.08776154109829E-06	2.73476893693125E-11	5.52692886181079E-03	2.00690608582499E-06	5.60811376961847E-11	9.45812448699894E-03	2.44630605580242E-12	1.73890497826604E-10	41.508299950646	1E10	1E-30	1E-10	1E10	1E-30	1E-10	1E10	1E-30	1E-10	1E10	1E-30	1E-10
61	1.54947540421161E-06	1E10	22727272.7272727	1E-30	1.49164465100696E-10	1E10	1E-30	1E10	6.04641853010622E-03	5.8361122347772E-05	1E10	73.8275465913637	5.16218475786699E-05	1E10	9.53046051288694	4.52187729668695E-05	1E10	1.08252631915442	3.80666845392312E-05	1E10	0.125232337337712	2.98990473140245E-05	1E10	0.015808045525876	1E-30	2.87754961261537E-11	6.97655184640969E-02	1E-30	2.01286228511383E-10	2.98597154063908E-02	4.09374317524916E-06	5.3727619568936E-11	6.05528586935573E-03	6.10251586813417E-06	2.03101443445037E-11	6.16592057711554E-03	2.13608397906221E-12	1.37680698870589E-10	30.9645667649046	1E10	1E-30	1E-10	1E10	1E-30	1E-10	1E10	1E-30	1E-10	1E10	1E-30	1E-10	1E10	1E-30	1E-10
62	1.54947540421161E-06	1E10	22727272.7272727	1E-30	1.49164465100696E-10	1E10	1E-30	1E10	6.04641853010622E-03	5.8361122347772E-05	1E10	73.8275465913637	5.16218475786699E-05	1E10	9.53046051288694	4.52187729668695E-05	1E10	1.08252631915442	3.80666845392312E-05	1E10	0.125232337337712	2.98990473140245E-05	1E10	0.015808045525876	1E-30	2.87754961261537E-11	6.97655184640969E-02	1E-30	2.01286228511383E-10	2.98597154063908E-02	4.09374317524916E-06	5.3727619568936E-11	6.05528586935573E-03	6.10251586813417E-06	2.03101443445037E-11	6.16592057711554E-03	2.13608397906221E-12	1.37680698870589E-10	30.9645667649046	1E10	1E-30	1E-10	1E10	1E-30	1E-10	1E10	1E-30	1E-10	1E10	1E-30	1E-10	1E10	1E-30	1E-10
63	1.66099996904929E-06	1E10	22727272.7272727	1E-30	1.65516617175713E-10	1E10	1E-30	1E10	5.31183637421943E-03	1.18783620989762E-04	1E10	28.947399117181	1.53412144485746E-04	1E10	4.03726902410631	1.02069476925029E-04	1E10	1.09717161127854	1.01315234793873E-04	1E10	0.184298385947908	6.72598099699746E-05	1E10	4.18989467766234E-02	5.11326081936258E-05	1E10	7.57815691205236E-03	1E-30	2.33230241447246E-11	5.25718399131624E-02	1E-30	1.74567032683369E-10	2.75366359911862E-02	9.08776154109829E-06	2.73476893693125E-11	5.52692886181079E-03	2.00690608582499E-06	5.60811376961847E-11	9.45812448699894E-03	2.44630605580242E-12	1.73890497826604E-10	41.508299950646	1E10	1E-30	1E-10	1E10	1E-30	1E-10	1E10	1E-30	1E-10	1E10	1E-30	1E-10
64	1.66099996904929E-06	1E10	22727272.7272727	1E-30	1.65516617175713E-10	1E10	1E-30	1E10	5.31183637421943E-03	1.18783620989762E-04	1E10	28.947399117181	1.53412144485746E-04	1E10	4.03726902410631	1.02069476925029E-04	1E10	1.09717161127854	1.01315234793873E-04	1E10	0.184298385947908	6.72598099699746E-05	1E10	4.18989467766234E-02	5.11326081936258E-05	1E10	7.57815691205236E-03	1E-30	2.33230241447246E-11	5.25718399131624E-02	1E-30	1.74567032683369E-10	2.75366359911862E-02	9.08776154109829E-06	2.73476893693125E-11	5.52692886181079E-03	2.00690608582499E-06	5.60811376961847E-11	9.45812448699894E-03	2.44630605580242E-12	1.73890497826604E-10	41.508299950646	1E10	1E-30	1E-10	1E10	1E-30	1E-10	1E10	1E-30	1E-10	1E10	1E-30	1E-10
65	1.65045318639335E-06	1E10	22727272.7272727	1E-30	3.0227072925467E-11	1E10	1E-30	1E10	5.82993603478978E-03	2.10360971951735E-05	1E10	258.067733828728	4.23147307604084E-05	1E10	8.985200691754	4.19052970453571E-05	1E10	0.908128685831009	3.30718174392912E-05	1E10	0.115475573122533	2.76421211933144E-05	1E10	1.37727230268635E-02	1E-30	1.09660495566814E-11	8.50448032673497E-02	1E-30	2.97097864732058E-11	5.71303961373666E-02	1E-30	1.96357095925852E-10	0.029815371085477	4.79598162179968E-06	4.70116574090831E-11	7.43341800303498E-03	3.20492524076542E-06	3.63295469433351E-11	8.72895127557598E-03	9.09320206846914E-13	2.45343492100908E-10	159.135285910294	1E10	1E-30	1E-10	1E10	1E-30	1E-10	1E10	1E-30	1E-10	1E10	1E-30	1E-10
66	1.65045318639335E-06	1E10	22727272.7272727	1E-30	3.0227072925467E-11	1E10	1E-30	1E10	5.82993603478978E-03	2.10360971951735E-05	1E10	258.067733828728	4.23147307604084E-05	1E10	8.985200691754	4.19052970453571E-05	1E10	0.908128685831009	3.30718174392912E-05	1E10	0.115475573122533	2.76421211933144E-05	1E10	1.37727230268635E-02	1E-30	1.09660495566814E-11	8.50448032673497E-02	1E-30	2.97097864732058E-11	5.71303961373666E-02	1E-30	1.96357095925852E-10	0.029815371085477	4.79598162179968E-06	4.70116574090831E-11	7.43341800303498E-03	3.20492524076542E-06	3.63295469433351E-11	8.72895127557598E-03	9.09320206846914E-13	2.45343492100908E-10	159.135285910294	1E10	1E-30	1E-10	1E10	1E-30	1E-10	1E10	1E-30	1E-10	1E10	1E-30	1E-10
67	3.43128743197727E-06	1E10	10638297.8723404	1E-30	1.86980159650852E-10	1E10	1E-30	1E10	4.01328799197098E-03	1.91800353865497E-04	1E10	17.9273750860016	2.46108215450869E-04	1E10	1.95445324304025	3.0381591931278E-04	1E10	0.503412560656605	1.88142900020755E-04	1E10	0.164123833997171	1.41937332617643E-04	1E10	3.00828985006768E-02	1.01980496704494E-04	1E10	5.76677016886474E-03	1E-30	2.03620558806762E-11	0.145911203754832	1E-30	3.78693457519608E-11	3.82050034725924E-02	1E-30	2.48313283106082E-10	2.32307739847495E-02	3.02512042160705E-05	2.22420809346759E-11	2.79265078453279E-03	4.72259535490496E-06	7.18854852846826E-11	5.93792738088425E-03	5.83178414617922E-12	5.97958051010386E-11	13.4270147046791	1E10	1E-30	1E-10	1E10	1E-30	1E-10	1E10	1E-30	1E-10
68	3.43128743197727E-06	1E10	10638297.8723404	1E-30	1.86980159650852E-10	1E10	1E-30	1E10	4.01328799197098E-03	1.91800353865497E-04	1E10	17.9273750860016	2.46108215450869E-04	1E10	1.95445324304025	3.0381591931278E-04	1E10	0.503412560656605	1.88142900020755E-04	1E10	0.164123833997171	1.41937332617643E-04	1E10	3.00828985006768E-02	1.01980496704494E-04	1E10	5.76677016886474E-03	1E-30	2.03620558806762E-11	0.145911203754832	1E-30	3.78693457519608E-11	3.82050034725924E-02	1E-30	2.48313283106082E-10	2.32307739847495E-02	3.02512042160705E-05	2.22420809346759E-11	2.79265078453279E-03	4.72259535490496E-06	7.18854852846826E-11	5.93792738088425E-03	5.83178414617922E-12	5.97958051010386E-11	13.4270147046791	1E10	1E-30	1E-10	1E10	1E-30	1E-10	1E10	1E-30	1E-10
69	3.43128743197727E-06	1E10	10638297.8723404	1E-30	1.86980159650852E-10	1E10	1E-30	1E10	4.01328799197098E-03	1.91800353865497E-04	1E10	17.9273750860016	2.46108215450869E-04	1E10	1.95445324304025	3.0381591931278E-04	1E10	0.503412560656605	1.88142900020755E-04	1E10	0.164123833997171	1.41937332617643E-04	1E10	3.00828985006768E-02	1.01980496704494E-04	1E10	5.76677016886474E-03	1E-30	2.03620558806762E-11	0.145911203754832	1E-30	3.78693457519608E-11	3.82050034725924E-02	1E-30	2.48313283106082E-10	2.32307739847495E-02	3.02512042160705E-05	2.22420809346759E-11	2.79265078453279E-03	4.72259535490496E-06	7.18854852846826E-11	5.93792738088425E-03	5.83178414617922E-12	5.97958051010386E-11	13.4270147046791	1E10	1E-30	1E-10	1E10	1E-30	1E-10	1E10	1E-30	1E-10
70	3.43128743197727E-06	1E10	10638297.8723404	1E-30	1.86980159650852E-10	1E10	1E-30	1E10	4.01328799197098E-03	1.91800353865497E-04	1E10	17.9273750860016	2.46108215450869E-04	1E10	1.95445324304025	3.0381591931278E-04	1E10	0.503412560656605	1.88142900020755E-04	1E10	0.164123833997171	1.41937332617643E-04	1E10	3.00828985006768E-02	1.01980496704494E-04	1E10	5.76677016886474E-03	1E-30	2.03620558806762E-11	0.145911203754832	1E-30	3.78693457519608E-11	3.82050034725924E-02	1E-30	2.48313283106082E-10	2.32307739847495E-02	3.02512042160705E-05	2.22420809346759E-11	2.79265078453279E-03	4.72259535490496E-06	7.18854852846826E-11	5.93792738088425E-03	5.83178414617922E-12	5.97958051010386E-11	13.4270147046791	1E10	1E-30	1E-10	1E10	1E-30	1E-10	1E10	1E-30	1E-10
71	3.49374081747198E-06	1E10	10638297.8723404	1E-30	2.18098937361494E-10	1E10	1E-30	1E10	4.04832495004681E-03	1.65405727049374E-04	1E10	23.4179197114769	2.19937575048941E-04	1E10	2.64484024417444	1.75199603030116E-04	1E10	0.573740948053178	1.56201105737297E-04	1E10	8.60605646454653E-02	1.62812324701355E-04	1E10	1.16390160889383E-02	1.56371677214801E-04	1E10	4.09117747435266E-03	1E-30	1.3843256346697E-11	0.113539788920891	1E-30	2.98075557558321E-11	3.10832818298776E-02	1E-30	2.28567342332266E-10	2.22476588713194E-02	1.18915868298722E-05	5.04632875781587E-11	5.27105104608282E-03	5.13737406066491E-06	5.63726801289636E-11	6.68461846905015E-03	7.23962734939757E-12	4.77599398744716E-11	14.0068631290071	1E10	1E-30	1E-10	1E10	1E-30	1E-10	1E10	1E-30	1E-10
72	3.49374081747198E-06	1E10	10638297.8723404	1E-30	2.18098937361494E-10	1E10	1E-30	1E10	4.04832495004681E-03	1.65405727049374E-04	1E10	23.4179197114769	2.19937575048941E-04	1E10	2.64484024417444	1.75199603030116E-04	1E10	0.573740948053178	1.56201105737297E-04	1E10	8.60605646454653E-02	1.62812324701355E-04	1E10	1.16390160889383E-02	1.56371677214801E-04	1E10	4.09117747435266E-03	1E-30	1.3843256346697E-11	0.113539788920891	1E-30	2.98075557558321E-11	3.10832818298776E-02	1E-30	2.28567342332266E-10	2.22476588713194E-02	1.18915868298722E-05	5.04632875781587E-11	5.27105104608282E-03	5.13737406066491E-06	5.63726801289636E-11	6.68461846905015E-03	7.23962734939757E-12	4.77599398744716E-11	14.0068631290071	1E10	1E-30	1E-10	1E10	1E-30	1E-10	1E10	1E-30	1E-10
73	3.43128743197727E-06	1E10	10638297.8723404	1E-30	1.86980159650852E-10	1E10	1E-30	1E10	4.01328799197098E-03	1.91800353865497E-04	1E10	17.9273750860016	2.46108215450869E-04	1E10	1.95445324304025	3.0381591931278E-04	1E10	0.503412560656605	1.88142900020755E-04	1E10	0.164123833997171	1.41937332617643E-04	1E10	3.00828985006768E-02	1.01980496704494E-04	1E10	5.76677016886474E-03	1E-30	2.03620558806762E-11	0.145911203754832	1E-30	3.78693457519608E-11	3.82050034725924E-02	1E-30	2.48313283106082E-10	2.32307739847495E-02	3.02512042160705E-05	2.22420809346759E-11	2.79265078453279E-03	4.72259535490496E-06	7.18854852846826E-11	5.93792738088425E-03	5.83178414617922E-12	5.97958051010386E-11	13.4270147046791	1E10	1E-30	1E-10	1E10	1E-30	1E-10	1E10	1E-30	1E-10
74	3.43128743197727E-06	1E10	10638297.8723404	1E-30	1.86980159650852E-10	1E10	1E-30	1E10	4.01328799197098E-03	1.91800353865497E-04	1E10	17.9273750860016	2.46108215450869E-04	1E10	1.95445324304025	3.0381591931278E-04	1E10	0.503412560656605	1.88142900020755E-04	1E10	0.164123833997171	1.41937332617643E-04	1E10	3.00828985006768E-02	1.01980496704494E-04	1E10	5.76677016886474E-03	1E-30	2.03620558806762E-11	0.145911203754832	1E-30	3.78693457519608E-11	3.82050034725924E-02	1E-30	2.48313283106082E-10	2.32307739847495E-02	3.02512042160705E-05	2.22420809346759E-11	2.79265078453279E-03	4.72259535490496E-06	7.18854852846826E-11	5.93792738088425E-03	5.83178414617922E-12	5.97958051010386E-11	13.4270147046791	1E10	1E-30	1E-10	1E10	1E-30	1E-10	1E10	1E-30	1E-10
75	3.43128743197727E-06	1E10	10638297.8723404	1E-30	1.86980159650852E-10	1E10	1E-30	1E10	4.01328799197098E-03	1.91800353865497E-04	1E10	17.9273750860016	2.46108215450869E-04	1E10	1.95445324304025	3.0381591931278E-04	1E10	0.503412560656605	1.88142900020755E-04	1E10	0.164123833997171	1.41937332617643E-04	1E10	3.00828985006768E-02	1.01980496704494E-04	1E10	5.76677016886474E-03	1E-30	2.03620558806762E-11	0.145911203754832	1E-30	3.78693457519608E-11	3.82050034725924E-02	1E-30	2.48313283106082E-10	2.32307739847495E-02	3.02512042160705E-05	2.22420809346759E-11	2.79265078453279E-03	4.72259535490496E-06	7.18854852846826E-11	5.93792738088425E-03	5.83178414617922E-12	5.97958051010386E-11	13.4270147046791	1E10	1E-30	1E-10	1E10	1E-30	1E-10	1E10	1E-30	1E-10
76	3.49374081747198E-06	1E10	10638297.8723404	1E-30	2.18098937361494E-10	1E10	1E-30	1E10	4.04832495004681E-03	1.65405727049374E-04	1E10	23.4179197114769	2.19937575048941E-04	1E10	2.64484024417444	1.75199603030116E-04	1E10	0.573740948053178	1.56201105737297E-04	1E10	8.60605646454653E-02	1.62812324701355E-04	1E10	1.16390160889383E-02	1.56371677214801E-04	1E10	4.09117747435266E-03	1E-30	1.3843256346697E-11	0.113539788920891	1E-30	2.98075557558321E-11	3.10832818298776E-02	1E-30	2.28567342332266E-10	2.22476588713194E-02	1.18915868298722E-05	5.04632875781587E-11	5.27105104608282E-03	5.13737406066491E-06	5.63726801289636E-11	6.68461846905015E-03	7.23962734939757E-12	4.77599398744716E-11	14.0068631290071	1E10	1E-30	1E-10	1E10	1E-30	1E-10	1E10	1E-30	1E-10
77	3.43128743197727E-06	1E10	10638297.8723404	1E-30	1.86980159650852E-10	1E10	1E-30	1E10	4.01328799197098E-03	1.91800353865497E-04	1E10	17.9273750860016	2.46108215450869E-04	1E10	1.95445324304025	3.0381591931278E-04	1E10	0.503412560656605	1.88142900020755E-04	1E10	0.164123833997171	1.41937332617643E-04	1E10	3.00828985006768E-02	1.01980496704494E-04	1E10	5.76677016886474E-03	1E-30	2.03620558806762E-11	0.145911203754832	1E-30	3.78693457519608E-11	3.82050034725924E-02	1E-30	2.48313283106082E-10	2.32307739847495E-02	3.02512042160705E-05	2.22420809346759E-11	2.79265078453279E-03	4.72259535490496E-06	7.18854852846826E-11	5.93792738088425E-03	5.83178414617922E-12	5.97958051010386E-11	13.4270147046791	1E10	1E-30	1E-10	1E10	1E-30	1E-10	1E10	1E-30	1E-10
78	3.49374081747198E-06	1E10	10638297.8723404	1E-30	2.18098937361494E-10	1E10	1E-30	1E10	4.04832495004681E-03	1.65405727049374E-04	1E10	23.4179197114769	2.19937575048941E-04	1E10	2.64484024417444	1.75199603030116E-04	1E10	0.573740948053178	1.56201105737297E-04	1E10	8.60605646454653E-02	1.62812324701355E-04	1E10	1.16390160889383E-02	1.56371677214801E-04	1E10	4.09117747435266E-03	1E-30	1.3843256346697E-11	0.113539788920891	1E-30	2.98075557558321E-11	3.10832818298776E-02	1E-30	2.28567342332266E-10	2.22476588713194E-02	1.18915868298722E-05	5.04632875781587E-11	5.27105104608282E-03	5.13737406066491E-06	5.63726801289636E-11	6.68461846905015E-03	7.23962734939757E-12	4.77599398744716E-11	14.0068631290071	1E10	1E-30	1E-10	1E10	1E-30	1E-10	1E10	1E-30	1E-10
79	3.49374081747198E-06	1E10	10638297.8723404	1E-30	2.18098937361494E-10	1E10	1E-30	1E10	4.04832495004681E-03	1.65405727049374E-04	1E10	23.4179197114769	2.19937575048941E-04	1E10	2.64484024417444	1.75199603030116E-04	1E10	0.573740948053178	1.56201105737297E-04	1E10	8.60605646454653E-02	1.62812324701355E-04	1E10	1.16390160889383E-02	1.56371677214801E-04	1E10	4.09117747435266E-03	1E-30	1.3843256346697E-11	0.113539788920891	1E-30	2.98075557558321E-11	3.10832818298776E-02	1E-30	2.28567342332266E-10	2.22476588713194E-02	1.18915868298722E-05	5.04632875781587E-11	5.27105104608282E-03	5.13737406066491E-06	5.63726801289636E-11	6.68461846905015E-03	7.23962734939757E-12	4.77599398744716E-11	14.0068631290071	1E10	1E-30	1E-10	1E10	1E-30	1E-10	1E10	1E-30	1E-10
80	6.96079652376422E-06	1E10	5E6	1E-30	1.0581376645547E-10	1E10	1E-30	1E10	2.59118346473705E-03	2.5519356744941E-04	1E10	20.7887872047619	3.72414850717176E-04	1E10	1.24574515102791	5.07332682870576E-04	1E10	9.09665699137825E-02	4.89387007414912E-04	1E10	9.1953786481969E-03	3.99434674085309E-04	1E10	1.19259371758712E-03	1E-30	2.1607993696527E-11	8.40668340588819E-02	1E-30	4.22817082566339E-11	2.08441034666325E-02	1E-30	3.30017843208235E-10	1.50829008138727E-02	3.80762269800682E-05	3.12043582115592E-11	2.1408665837227E-03	3.49610910834523E-05	2.068872374382E-11	2.04393997390873E-03	1.46970644138604E-12	1.19883856642503E-10	30.8668712581863	1E10	1E-30	1E-10	1E10	1E-30	1E-10	1E10	1E-30	1E-10	1E10	1E-30	1E-10
81	6.96079652376422E-06	1E10	5E6	1E-30	1.0581376645547E-10	1E10	1E-30	1E10	2.59118346473705E-03	2.5519356744941E-04	1E10	20.7887872047619	3.72414850717176E-04	1E10	1.24574515102791	5.07332682870576E-04	1E10	9.09665699137825E-02	4.89387007414912E-04	1E10	9.1953786481969E-03	3.99434674085309E-04	1E10	1.19259371758712E-03	1E-30	2.1607993696527E-11	8.40668340588819E-02	1E-30	4.22817082566339E-11	2.08441034666325E-02	1E-30	3.30017843208235E-10	1.50829008138727E-02	3.80762269800682E-05	3.12043582115592E-11	2.1408665837227E-03	3.49610910834523E-05	2.068872374382E-11	2.04393997390873E-03	1.46970644138604E-12	1.19883856642503E-10	30.8668712581863	1E10	1E-30	1E-10	1E10	1E-30	1E-10	1E10	1E-30	1E-10	1E10	1E-30	1E-10
82	7.17677204442094E-06	1E10	5E6	1E-30	1.82219653285308E-10	1E10	1E-30	1E10	2.9392763265138E-03	2.37954418724097E-04	1E10	16.7791415324206	2.88738684401614E-04	1E10	1.48472637372083	2.60205276616688E-04	1E10	0.175526781022697	2.09148308702261E-04	1E10	0.020726502819623	2.35482183732641E-04	1E10	2.49245974598032E-03	1E-30	2.39687299883171E-11	0.157487901368461	1E-30	4.45488249461347E-11	3.86562830062962E-02	1E-30	2.97306949923552E-10	1.81624804314505E-02	3.04371333046913E-05	4.75823792351918E-11	3.1288283997957E-03	1.13175322987369E-05	6.45764309259239E-11	4.45500950532471E-03	8.28409557106442E-12	4.4037075532573E-11	6.95658880396004	1E10	1E-30	1E-10	1E10	1E-30	1E-10	1E10	1E-30	1E-10	1E10	1E-30	1E-10
83	7.07882406529703E-06	1E10	5E6	1E-30	1.31577383537182E-10	1E10	1E-30	1E10	3.18831746412325E-03	2.78680954511602E-04	1E10	11.5069242277297	3.22085581226286E-04	1E10	1.39519575148758	2.92995089711378E-04	1E10	0.186624582588332	2.46766331549602E-04	1E10	2.61266697206144E-02	1.88955807766927E-04	1E10	4.22711844750704E-03	1E-30	1.86472923747636E-11	0.074828599360652	1E-30	4.77205121668212E-11	2.89624162332977E-02	1E-30	3.02178767543998E-10	1.55442212409338E-02	5.53402034985311E-05	2.41376071955405E-11	2.54533377016646E-03	1.44256989161979E-05	4.92370929975366E-11	3.71939416541909E-03	5.06420578694578E-12	4.79213171412501E-11	1E5	7.26092824987053E-12	3.28002185515642E-11	2.55759119495488	1E10	1E-30	1E-10	1E10	1E-30	1E-10	1E10	1E-30	1E-10
84	7.07882406529703E-06	1E10	5E6	1E-30	1.31577383537182E-10	1E10	1E-30	1E10	3.18831746412325E-03	2.78680954511602E-04	1E10	11.5069242277297	3.22085581226286E-04	1E10	1.39519575148758	2.92995089711378E-04	1E10	0.186624582588332	2.46766331549602E-04	1E10	2.61266697206144E-02	1.88955807766927E-04	1E10	4.22711844750704E-03	1E-30	1.86472923747636E-11	0.074828599360652	1E-30	4.77205121668212E-11	2.89624162332977E-02	1E-30	3.02178767543998E-10	1.55442212409338E-02	5.53402034985311E-05	2.41376071955405E-11	2.54533377016646E-03	1.44256989161979E-05	4.92370929975366E-11	3.71939416541909E-03	5.06420578694578E-12	4.79213171412501E-11	1E5	7.26092824987053E-12	3.28002185515642E-11	2.55759119495488	1E10	1E-30	1E-10	1E10	1E-30	1E-10	1E10	1E-30	1E-10
85	7.17677204442094E-06	1E10	5E6	1E-30	1.82219653285308E-10	1E10	1E-30	1E10	2.9392763265138E-03	2.37954418724097E-04	1E10	16.7791415324206	2.88738684401614E-04	1E10	1.48472637372083	2.60205276616688E-04	1E10	0.175526781022697	2.09148308702261E-04	1E10	0.020726502819623	2.35482183732641E-04	1E10	2.49245974598032E-03	1E-30	2.39687299883171E-11	0.157487901368461	1E-30	4.45488249461347E-11	3.86562830062962E-02	1E-30	2.97306949923552E-10	1.81624804314505E-02	3.04371333046913E-05	4.75823792351918E-11	3.1288283997957E-03	1.13175322987369E-05	6.45764309259239E-11	4.45500950532471E-03	8.28409557106442E-12	4.4037075532573E-11	6.95658880396004	1E10	1E-30	1E-10	1E10	1E-30	1E-10	1E10	1E-30	1E-10	1E10	1E-30	1E-10
86	6.96079652376422E-06	1E10	5E6	1E-30	1.0581376645547E-10	1E10	1E-30	1E10	2.59118346473705E-03	2.5519356744941E-04	1E10	20.7887872047619	3.72414850717176E-04	1E10	1.24574515102791	5.07332682870576E-04	1E10	9.09665699137825E-02	4.89387007414912E-04	1E10	9.1953786481969E-03	3.99434674085309E-04	1E10	1.19259371758712E-03	1E-30	2.1607993696527E-11	8.40668340588819E-02	1E-30	4.22817082566339E-11	2.08441034666325E-02	1E-30	3.30017843208235E-10	1.50829008138727E-02	3.80762269800682E-05	3.12043582115592E-11	2.1408665837227E-03	3.49610910834523E-05	2.068872374382E-11	2.04393997390873E-03	1.46970644138604E-12	1.19883856642503E-10	30.8668712581863	1E10	1E-30	1E-10	1E10	1E-30	1E-10	1E10	1E-30	1E-10	1E10	1E-30	1E-10
87	6.96079652376422E-06	1E10	5E6	1E-30	1.0581376645547E-10	1E10	1E-30	1E10	2.59118346473705E-03	2.5519356744941E-04	1E10	20.7887872047619	3.72414850717176E-04	1E10	1.24574515102791	5.07332682870576E-04	1E10	9.09665699137825E-02	4.89387007414912E-04	1E10	9.1953786481969E-03	3.99434674085309E-04	1E10	1.19259371758712E-03	1E-30	2.1607993696527E-11	8.40668340588819E-02	1E-30	4.22817082566339E-11	2.08441034666325E-02	1E-30	3.30017843208235E-10	1.50829008138727E-02	3.80762269800682E-05	3.12043582115592E-11	2.1408665837227E-03	3.49610910834523E-05	2.068872374382E-11	2.04393997390873E-03	1.46970644138604E-12	1.19883856642503E-10	30.8668712581863	1E10	1E-30	1E-10	1E10	1E-30	1E-10	1E10	1E-30	1E-10	1E10	1E-30	1E-10
88	6.58893812463357E-06	1E10	5E6	1E-30	2.27652693702823E-10	1E10	1E-30	1E10	3.44343436009395E-03	3.33419039290725E-04	1E10	9.63806810890255	3.95903417253076E-04	1E10	1.66164865564402	2.70049037594775E-04	1E10	0.349762712446372	2.50968537924262E-04	1E10	3.86314479670009E-02	1.94372705582921E-04	1E10	5.68311929787846E-03	1E-30	5.93770002543022E-12	0.144715250327079	1E-30	1.64421380476374E-11	0.102511109872551	1E-30	4.8568268108599E-11	3.70737926990945E-02	1E-30	3.07892712618346E-10	1.65754336776523E-02	4.01787528538934E-05	3.36508390230561E-11	2.24801283153862E-03	1.80802058027625E-05	4.58724244014102E-11	3.3095648567375E-03	2.30709564324591E-11	1.60938363376278E-11	4.29991673950302	1E10	1E-30	1E-10	1E10	1E-30	1E-10	1E10	1E-30	1E-10
89	6.58893812463357E-06	1E10	5E6	1E-30	2.27652693702823E-10	1E10	1E-30	1E10	3.44343436009395E-03	3.33419039290725E-04	1E10	9.63806810890255	3.95903417253076E-04	1E10	1.66164865564402	2.70049037594775E-04	1E10	0.349762712446372	2.50968537924262E-04	1E10	3.86314479670009E-02	1.94372705582921E-04	1E10	5.68311929787846E-03	1E-30	5.93770002543022E-12	0.144715250327079	1E-30	1.64421380476374E-11	0.102511109872551	1E-30	4.8568268108599E-11	3.70737926990945E-02	1E-30	3.07892712618346E-10	1.65754336776523E-02	4.01787528538934E-05	3.36508390230561E-11	2.24801283153862E-03	1.80802058027625E-05	4.58724244014102E-11	3.3095648567375E-03	2.30709564324591E-11	1.60938363376278E-11	4.29991673950302	1E10	1E-30	1E-10	1E10	1E-30	1E-10	1E10	1E-30	1E-10
90	8.36931334193427E-06	1E10	5E6	1E-30	1.66167219984697E-10	1E10	1E-30	1E10	2.73950398081018E-03	3.43483100631114E-04	1E10	17.8124020685445	4.63440050953303E-04	1E10	2.42048080840336	5.07697485413407E-04	1E10	0.311019686796405	7.28512341385841E-04	1E10	2.70517457600564E-02	4.70317584403967E-04	1E10	5.14306575948834E-03	1E-30	1.59073009429503E-11	0.106380863885199	1E-30	4.02796242488731E-11	2.90476796806214E-02	1E-30	3.00180234587348E-10	1.55954874806498E-02	5.46728166013922E-05	2.98271651620839E-11	2.30242205049291E-03	1.76861535756004E-05	4.88635285544199E-11	3.48201014601816E-03	5.36629996191285E-12	6.97036267219595E-11	10.7111084449243	1E10	1E-30	1E-10	1E10	1E-30	1E-10	1E10	1E-30	1E-10	1E10	1E-30	1E-10
91	6.58893812463357E-06	1E10	5E6	1E-30	2.27652693702823E-10	1E10	1E-30	1E10	3.44343436009395E-03	3.33419039290725E-04	1E10	9.63806810890255	3.95903417253076E-04	1E10	1.66164865564402	2.70049037594775E-04	1E10	0.349762712446372	2.50968537924262E-04	1E10	3.86314479670009E-02	1.94372705582921E-04	1E10	5.68311929787846E-03	1E-30	5.93770002543022E-12	0.144715250327079	1E-30	1.64421380476374E-11	0.102511109872551	1E-30	4.8568268108599E-11	3.70737926990945E-02	1E-30	3.07892712618346E-10	1.65754336776523E-02	4.01787528538934E-05	3.36508390230561E-11	2.24801283153862E-03	1.80802058027625E-05	4.58724244014102E-11	3.3095648567375E-03	2.30709564324591E-11	1.60938363376278E-11	4.29991673950302	1E10	1E-30	1E-10	1E10	1E-30	1E-10	1E10	1E-30	1E-10
92	6.58893812463357E-06	1E10	5E6	1E-30	2.27652693702823E-10	1E10	1E-30	1E10	3.44343436009395E-03	3.33419039290725E-04	1E10	9.63806810890255	3.95903417253076E-04	1E10	1.66164865564402	2.70049037594775E-04	1E10	0.349762712446372	2.50968537924262E-04	1E10	3.86314479670009E-02	1.94372705582921E-04	1E10	5.68311929787846E-03	1E-30	5.93770002543022E-12	0.144715250327079	1E-30	1.64421380476374E-11	0.102511109872551	1E-30	4.8568268108599E-11	3.70737926990945E-02	1E-30	3.07892712618346E-10	1.65754336776523E-02	4.01787528538934E-05	3.36508390230561E-11	2.24801283153862E-03	1.80802058027625E-05	4.58724244014102E-11	3.3095648567375E-03	2.30709564324591E-11	1.60938363376278E-11	4.29991673950302	1E10	1E-30	1E-10	1E10	1E-30	1E-10	1E10	1E-30	1E-10
93	7.07882406529703E-06	1E10	5E6	1E-30	1.31577383537182E-10	1E10	1E-30	1E10	3.18831746412325E-03	2.78680954511602E-04	1E10	11.5069242277297	3.22085581226286E-04	1E10	1.39519575148758	2.92995089711378E-04	1E10	0.186624582588332	2.46766331549602E-04	1E10	2.61266697206144E-02	1.88955807766927E-04	1E10	4.22711844750704E-03	1E-30	1.86472923747636E-11	0.074828599360652	1E-30	4.77205121668212E-11	2.89624162332977E-02	1E-30	3.02178767543998E-10	1.55442212409338E-02	5.53402034985311E-05	2.41376071955405E-11	2.54533377016646E-03	1.44256989161979E-05	4.92370929975366E-11	3.71939416541909E-03	5.06420578694578E-12	4.79213171412501E-11	1E5	7.26092824987053E-12	3.28002185515642E-11	2.55759119495488	1E10	1E-30	1E-10	1E10	1E-30	1E-10	1E10	1E-30	1E-10
END DSCRDATA
