BEGIN DSCRDATA
% INDEX	K01	L01	M01	K02	L02	M02	K03	L03	M03	K04	L04	M04	K05	L05	M05	K06	L06	M06	K07	L07	M07	K08	L08	M08	K09	L09	M09	K10	L10	M10	K11	L11	M11	K12	L12	M12	K13	L13	M13	K14	L14	M14	K15	L15	M15	K16	L16	M16	K17	L17	M17	K18	L18	M18
0	0	0	0	0	0	0	0	0	0	0	0	0	0	0	0	0	0	0	0	0	0	0	0	0	0	0	0	0	0	0	0	0	0	0	0	0	0	0	0	0	0	0	0	0	0	0	0	0	0	0	0	0	0	0
1	1.2E-10	1E10	1E10	1E-30	9.75567144403673E-11	1E10	1E-30	1E10	9.81139760041138E-02	1E-30	1.08935662184315E-11	7.42951952602955E-02	4.4397249501924E-10	1.54657136157857E-11	1.04374954991406	9.737261492255E-11	2.15906322869385E-11	1.94861917942123	1.52565094333143E-12	2.92720041365399E-10	241.853011451236	1E10	1E-30	1E-10	1E10	1E-30	1E-10	1E10	1E-30	1E-10	1E10	1E-30	1E-10	1E10	1E-30	1E-10	1E10	1E-30	1E-10	1E10	1E-30	1E-10	1E10	1E-30	1E-10	1E10	1E-30	1E-10	1E10	1E-30	1E-10	1E10	1E-30	1E-10
2	1.5E-10	1E10	1E10	1E-30	1.86852694716302E-10	1E10	1E-30	1E10	9.34491871181833E-02	4.5220710801514E-10	1.98508900490193E-11	0.969818495206863	1.13352707873212E-10	2.46345493584086E-11	1.74591465563436	1.2175927039889E-11	3.85251613583902E-11	2.18371943767987	1.09315430336573E-12	2.07185149339169E-10	1E5	1E10	1E-30	1E-10	1E10	1E-30	1E-10	1E10	1E-30	1E-10	1E10	1E-30	1E-10	1E10	1E-30	1E-10	1E10	1E-30	1E-10	1E10	1E-30	1E-10	1E10	1E-30	1E-10	1E10	1E-30	1E-10	1E10	1E-30	1E-10	1E10	1E-30	1E-10
3	1.8E-10	1E10	1E10	1E-30	8.44782380593109E-11	1E10	1E-30	1E10	9.24977500878483E-02	1E-30	9.2471769731914E-11	13.3842737203817	7.21482731410793E-10	1.41758299287708E-11	0.674655918345358	1.49213178628437E-10	2.11822007312669E-11	1.31330700309182	1.7095245766894E-12	2.75392286672978E-10	315.486132150304	1E10	1E-30	1E-10	1E10	1E-30	1E-10	1E10	1E-30	1E-10	1E10	1E-30	1E-10	1E10	1E-30	1E-10	1E10	1E-30	1E-10	1E10	1E-30	1E-10	1E10	1E-30	1E-10	1E10	1E-30	1E-10	1E10	1E-30	1E-10	1E10	1E-30	1E-10
4	2.2E-10	1E10	1E10	1E-30	2.78873838257643E-11	1E10	1E-30	1E10	7.72007080886243E-02	5.84391163454925E-10	2.44632086402586E-11	0.898757822994773	1.7055388965888E-10	2.79099124715132E-11	1.58688219345221	3.45271532116175E-10	5.94569592739465E-12	0.376770751713841	7.61635615741297E-11	1.40252424249404E-11	1.0972998059602	2.81057835569273E-11	1.64238276452955E-11	2.01578650540989	5.26422843122819E-13	3.46111117753053E-10	1E5	1E10	1E-30	1E-10	1E10	1E-30	1E-10	1E10	1E-30	1E-10	1E10	1E-30	1E-10	1E10	1E-30	1E-10	1E10	1E-30	1E-10	1E10	1E-30	1E-10	1E10	1E-30	1E-10	1E10	1E-30	1E-10
5	2.7E-10	1E10	1E10	1E-30	5.08048722235518E-11	1E10	1E-30	1E10	6.89611199784806E-02	1E-30	5.68931921785674E-11	1.90223433916436	1.03940686985218E-09	1.97886891085125E-11	0.993914497864506	3.04154304512814E-10	2.35422825564891E-11	1.3064711814886	1.29228558107387E-12	3.01572955403384E-10	339.376990291474	1E10	1E-30	1E-10	1E10	1E-30	1E-10	1E10	1E-30	1E-10	1E10	1E-30	1E-10	1E10	1E-30	1E-10	1E10	1E-30	1E-10	1E10	1E-30	1E-10	1E10	1E-30	1E-10	1E10	1E-30	1E-10	1E10	1E-30	1E-10	1E10	1E-30	1E-10
6	3.3E-10	1E10	1E10	1E-30	1.31240410809707E-10	1E10	1E-30	1E10	7.44303636445688E-02	1E-30	9.16484765125297E-12	2.81498204793689E-02	7.76751997445672E-10	1.54467090682854E-11	0.265681865437648	1.01690418564091E-10	2.86474963256217E-11	0.881109733706512	3.27173933833824E-10	3.00887441277991E-12	0.567473874518233	7.37505663851185E-12	4.30073438308047E-11	8.97479993336415	8.08402556387835E-13	3.21222743864156E-10	1E5	1E10	1E-30	1E-10	1E10	1E-30	1E-10	1E10	1E-30	1E-10	1E10	1E-30	1E-10	1E10	1E-30	1E-10	1E10	1E-30	1E-10	1E10	1E-30	1E-10	1E10	1E-30	1E-10	1E10	1E-30	1E-10
7	3.9E-10	1E10	1E10	1E-30	1.23026877081238E-10	1E10	1E-30	1E10	5.29380645294923E-02	1E-30	3.18733901313528E-11	0.76815786365029	1E-30	2.0512319362435E-11	3.64459268607231E-02	1.60851298615905E-09	1.07460715649247E-11	0.216580351554559	3.52504145027289E-10	1.37992867789326E-11	0.52877487440699	1.46168497756122E-12	3.22771719547464E-10	346.736850452532	1E10	1E-30	1E-10	1E10	1E-30	1E-10	1E10	1E-30	1E-10	1E10	1E-30	1E-10	1E10	1E-30	1E-10	1E10	1E-30	1E-10	1E10	1E-30	1E-10	1E10	1E-30	1E-10	1E10	1E-30	1E-10	1E10	1E-30	1E-10
8	4.7E-10	1E10	1E10	1E-30	1.81588422927853E-11	1E10	1E-30	1E10	0.06	1E-30	4.80561353280543E-11	1.43785144851026	1.37112646785997E-09	1.74472592019894E-11	0.285756492847376	2.63024934105196E-10	2.63514573046816E-11	0.611055216702792	2.12194178755088E-11	2.10473726411321E-11	2.58961015770059	5.31336202179962E-13	3.93800041542993E-10	1E5	1E10	1E-30	1E-10	1E10	1E-30	1E-10	1E10	1E-30	1E-10	1E10	1E-30	1E-10	1E10	1E-30	1E-10	1E10	1E-30	1E-10	1E10	1E-30	1E-10	1E10	1E-30	1E-10	1E10	1E-30	1E-10	1E10	1E-30	1E-10
9	5.6E-10	1E10	1E10	1E-30	1.06014966094083E-10	1E10	1E-30	1E10	3.60156002661214E-02	1E-30	3.08160089758781E-11	0.534895763980857	1E-30	2.97198991452082E-11	2.77952722799598E-02	2.77262703815267E-09	1.167646375658E-11	0.263137150479272	3.93346043043897E-10	2.59989443243328E-11	0.546351608811808	1.37956218829662E-12	3.17235497432509E-10	324.692729838727	1E10	1E-30	1E-10	1E10	1E-30	1E-10	1E10	1E-30	1E-10	1E10	1E-30	1E-10	1E10	1E-30	1E-10	1E10	1E-30	1E-10	1E10	1E-30	1E-10	1E10	1E-30	1E-10	1E10	1E-30	1E-10	1E10	1E-30	1E-10
10	6.8E-10	1E10	1E10	1E-30	3.19255791466929E-10	1E10	1E-30	1E10	0.045	1E-30	6.53221582425287E-11	1.48706718021718	2.07286307408358E-09	2.23572965660371E-11	0.416826846625585	5.36953137499324E-10	2.74742411864752E-11	0.667296244305762	3.55526177471848E-12	7.25266214269832E-11	1E5	1E10	1E-30	1E-10	1E10	1E-30	1E-10	1E10	1E-30	1E-10	1E10	1E-30	1E-10	1E10	1E-30	1E-10	1E10	1E-30	1E-10	1E10	1E-30	1E-10	1E10	1E-30	1E-10	1E10	1E-30	1E-10	1E10	1E-30	1E-10	1E10	1E-30	1E-10
11	8.2E-10	1E10	1E10	1E-30	4.72980705179787E-11	1E10	1E-30	1E10	3.39005944998463E-02	1E-30	4.55124250503187E-11	0.549964721474239	1E-30	1.25555562260065E-11	2.01243182546724E-02	3.68603387715129E-09	1.61013785120835E-11	0.431337281909399	6.49124870329314E-10	3.03180791568271E-11	0.661875589034086	1.31762881712894E-12	3.27249631292784E-10	360.832225449873	1E10	1E-30	1E-10	1E10	1E-30	1E-10	1E10	1E-30	1E-10	1E10	1E-30	1E-10	1E10	1E-30	1E-10	1E10	1E-30	1E-10	1E10	1E-30	1E-10	1E10	1E-30	1E-10	1E10	1E-30	1E-10	1E10	1E-30	1E-10
12	9.81417817066685E-10	1E10	1E10	1E-30	3.16227766016838E-11	1E10	1E-30	1E10	2.28345333659488E-02	1.24369877839945E-08	8.79737471827524E-11	2.64513894541142E-02	3.71806399529306E-09	1.31845171592189E-11	0.136714665301802	5.4861574412399E-10	2.52697198946887E-11	0.33408946608462	4.72475811455006E-12	5.27673807459267E-11	0.820472931777002	5.35034882640426E-13	4.1880212369536E-10	91201.083935591	1E10	1E-30	1E-10	1E10	1E-30	1E-10	1E10	1E-30	1E-10	1E10	1E-30	1E-10	1E10	1E-30	1E-10	1E10	1E-30	1E-10	1E10	1E-30	1E-10	1E10	1E-30	1E-10	1E10	1E-30	1E-10	1E10	1E-30	1E-10
13	1.16322196876644E-09	1E10	1E10	1E-30	1.40534775295865E-10	1E10	1E-30	1E10	1.25746229907054E-02	1E-30	2.12633215995863E-11	0.353732422766026	1E-30	5.71815833931998E-11	0.025035149752042	1E-30	1.35302871798053E-10	1.03622948168958E-02	5.60960687761966E-09	1.10808261821562E-11	0.158225304061734	7.25363778426944E-10	2.72651771666429E-11	0.395997103984283	1.44933652976959E-12	3.1484419859529E-10	298.899504345564	1E10	1E-30	1E-10	1E10	1E-30	1E-10	1E10	1E-30	1E-10	1E10	1E-30	1E-10	1E10	1E-30	1E-10	1E10	1E-30	1E-10	1E10	1E-30	1E-10	1E10	1E-30	1E-10	1E10	1E-30	1E-10
14	1.16322196876644E-09	1E10	1E10	1E-30	1.40534775295865E-10	1E10	1E-30	1E10	1.25746229907054E-02	1E-30	2.12633215995863E-11	0.353732422766026	1E-30	5.71815833931998E-11	0.025035149752042	1E-30	1.35302871798053E-10	1.03622948168958E-02	5.60960687761966E-09	1.10808261821562E-11	0.158225304061734	7.25363778426944E-10	2.72651771666429E-11	0.395997103984283	1.44933652976959E-12	3.1484419859529E-10	298.899504345564	1E10	1E-30	1E-10	1E10	1E-30	1E-10	1E10	1E-30	1E-10	1E10	1E-30	1E-10	1E10	1E-30	1E-10	1E10	1E-30	1E-10	1E10	1E-30	1E-10	1E10	1E-30	1E-10	1E10	1E-30	1E-10
15	1.48383772768957E-09	1E10	1E10	1E-30	1.46585583143372E-10	1E10	1E-30	1E10	1.55112241810793E-02	1E-30	8.9065649065766E-11	2.47686160855027E-02	7.54444635203129E-09	1.26371761347339E-11	0.160926977214614	1.30394302713257E-09	2.38591627886413E-11	0.363008736642679	5.85530602909309E-12	5.80507515322739E-11	0.614027033702776	9.1930185348473E-13	2.79854849573901E-10	1E5	1E10	1E-30	1E-10	1E10	1E-30	1E-10	1E10	1E-30	1E-10	1E10	1E-30	1E-10	1E10	1E-30	1E-10	1E10	1E-30	1E-10	1E10	1E-30	1E-10	1E10	1E-30	1E-10	1E10	1E-30	1E-10	1E10	1E-30	1E-10
16	1.48383772768957E-09	1E10	1E10	1E-30	1.46585583143372E-10	1E10	1E-30	1E10	1.55112241810793E-02	1E-30	8.9065649065766E-11	2.47686160855027E-02	7.54444635203129E-09	1.26371761347339E-11	0.160926977214614	1.30394302713257E-09	2.38591627886413E-11	0.363008736642679	5.85530602909309E-12	5.80507515322739E-11	0.614027033702776	9.1930185348473E-13	2.79854849573901E-10	1E5	1E10	1E-30	1E-10	1E10	1E-30	1E-10	1E10	1E-30	1E-10	1E10	1E-30	1E-10	1E10	1E-30	1E-10	1E10	1E-30	1E-10	1E10	1E-30	1E-10	1E10	1E-30	1E-10	1E10	1E-30	1E-10	1E10	1E-30	1E-10
17	1.76358687522025E-09	1E10	1E10	1E-30	1.47762559320364E-10	1E10	1E-30	1E10	7.52401518581113E-03	1E-30	4.73810311977082E-11	4.01978378324931	1E-30	3.92672955272301E-11	0.413246926506563	1E-30	6.03334753117741E-11	2.12514690500297E-02	1E-30	1.26918051840387E-10	6.42815372239663E-03	7.0985938607485E-09	1.75337646187003E-11	0.186735680434638	1.45851325731905E-09	2.92732343337404E-11	0.44897440451712	1.0877076447928E-12	2.25666268249084E-10	1E5	1E10	1E-30	1E-10	1E10	1E-30	1E-10	1E10	1E-30	1E-10	1E10	1E-30	1E-10	1E10	1E-30	1E-10	1E10	1E-30	1E-10	1E10	1E-30	1E-10	1E10	1E-30	1E-10
18	1.76358687522025E-09	1E10	1E10	1E-30	1.47762559320364E-10	1E10	1E-30	1E10	7.52401518581113E-03	1E-30	4.73810311977082E-11	4.01978378324931	1E-30	3.92672955272301E-11	0.413246926506563	1E-30	6.03334753117741E-11	2.12514690500297E-02	1E-30	1.26918051840387E-10	6.42815372239663E-03	7.0985938607485E-09	1.75337646187003E-11	0.186735680434638	1.45851325731905E-09	2.92732343337404E-11	0.44897440451712	1.0877076447928E-12	2.25666268249084E-10	1E5	1E10	1E-30	1E-10	1E10	1E-30	1E-10	1E10	1E-30	1E-10	1E10	1E-30	1E-10	1E10	1E-30	1E-10	1E10	1E-30	1E-10	1E10	1E-30	1E-10	1E10	1E-30	1E-10
19	2.16873400553165E-09	1E10	1E10	1E-30	1.14815362149688E-10	1E10	1E-30	1E10	1.08144783729502E-02	1E-30	1.03779349246835E-10	1.83067783362689E-02	1.12873144093634E-08	1.95404762004422E-11	0.201001254863371	2.12818922785353E-09	4.10513309333139E-11	0.468112699461597	5.98759400480268E-10	3.52445154011569E-11	0.240464680419513	1.00216914282392E-11	4.1052869286565E-11	0.631380986381003	8.54139157665623E-13	2.94348848043561E-10	199526.231496888	1E10	1E-30	1E-10	1E10	1E-30	1E-10	1E10	1E-30	1E-10	1E10	1E-30	1E-10	1E10	1E-30	1E-10	1E10	1E-30	1E-10	1E10	1E-30	1E-10	1E10	1E-30	1E-10	1E10	1E-30	1E-10
20	2.16873400553165E-09	1E10	1E10	1E-30	1.14815362149688E-10	1E10	1E-30	1E10	1.08144783729502E-02	1E-30	1.03779349246835E-10	1.83067783362689E-02	1.12873144093634E-08	1.95404762004422E-11	0.201001254863371	2.12818922785353E-09	4.10513309333139E-11	0.468112699461597	5.98759400480268E-10	3.52445154011569E-11	0.240464680419513	1.00216914282392E-11	4.1052869286565E-11	0.631380986381003	8.54139157665623E-13	2.94348848043561E-10	199526.231496888	1E10	1E-30	1E-10	1E10	1E-30	1E-10	1E10	1E-30	1E-10	1E10	1E-30	1E-10	1E10	1E-30	1E-10	1E10	1E-30	1E-10	1E10	1E-30	1E-10	1E10	1E-30	1E-10	1E10	1E-30	1E-10
21	2.73361436591203E-09	1E10	1E10	1E-30	5E-13	1E10	1E-30	1E10	8.93738426623657E-03	1E-30	1.46489308440954E-11	0.666386527635702	1E-30	8.74710738838121E-11	0.483002628456584	1E-30	7.87890078105113E-11	1.83917188249147E-02	1.00422501057855E-08	2.90200204832727E-11	0.284418820360237	2.5535651786485E-09	4.51986876659002E-11	0.575245027661237	2.84736114598776E-09	1.26820126197667E-11	0.130572915814215	3.65131457809133E-11	9.6018111681194E-12	4.22675348091151	7.75520854296277E-13	3.59291225174245E-10	1E5	1E10	1E-30	1E-10	1E10	1E-30	1E-10	1E10	1E-30	1E-10	1E10	1E-30	1E-10	1E10	1E-30	1E-10	1E10	1E-30	1E-10	1E10	1E-30	1E-10
22	2.67677011134642E-09	1E10	1E10	1E-30	2.05295512199298E-11	1E10	1E-30	1E10	6.76005431762942E-03	1E-30	6.95825233885745E-11	0.266889113313624	1E-30	5.70953974244504E-11	1.36382230079142E-02	1E-30	1.5361477058369E-10	5.13059790316921E-03	1.61596269397653E-08	1.72665987879217E-11	0.244956681357925	3.46269294139763E-09	3.30575036545007E-11	0.498419577072148	1.09089194162154E-12	3.03526835784619E-10	1E5	4.21230022401397E-12	7.25951608997243E-11	17.4241916891038	1E10	1E-30	1E-10	1E10	1E-30	1E-10	1E10	1E-30	1E-10	1E10	1E-30	1E-10	1E10	1E-30	1E-10	1E10	1E-30	1E-10	1E10	1E-30	1E-10	1E10	1E-30	1E-10
23	3.25204775603648E-09	1E10	1E10	1E-30	2.32488983002449E-10	1E10	1E-30	1E10	1.20259597228764E-02	1E-30	7.89089507033608E-11	0.472498351494536	1E-30	6.28781376971346E-11	1.10917647621879E-02	1.43292498282365E-08	2.65336103954678E-11	0.272757547260701	4.19254076233961E-09	3.80401050221909E-11	0.417883163602571	2.39507620174859E-09	2.34462531023858E-11	0.169937767770564	3.84960543449597E-11	1.21851333047364E-11	0.346164603847298	2.17446192992597E-12	1.11712154496031E-10	1E5	1E10	1E-30	1E-10	1E10	1E-30	1E-10	1E10	1E-30	1E-10	1E10	1E-30	1E-10	1E10	1E-30	1E-10	1E10	1E-30	1E-10	1E10	1E-30	1E-10	1E10	1E-30	1E-10
24	3.25204775603648E-09	1E10	1E10	1E-30	2.32488983002449E-10	1E10	1E-30	1E10	1.20259597228764E-02	1E-30	7.89089507033608E-11	0.472498351494536	1E-30	6.28781376971346E-11	1.10917647621879E-02	1.43292498282365E-08	2.65336103954678E-11	0.272757547260701	4.19254076233961E-09	3.80401050221909E-11	0.417883163602571	2.39507620174859E-09	2.34462531023858E-11	0.169937767770564	3.84960543449597E-11	1.21851333047364E-11	0.346164603847298	2.17446192992597E-12	1.11712154496031E-10	1E5	1E10	1E-30	1E-10	1E10	1E-30	1E-10	1E10	1E-30	1E-10	1E10	1E-30	1E-10	1E10	1E-30	1E-10	1E10	1E-30	1E-10	1E10	1E-30	1E-10	1E10	1E-30	1E-10
25	3.8651497375124E-09	1E10	1E10	1E-30	2.35769950806242E-10	1E10	1E-30	1E10	6.6419936924754E-03	1E-30	5.14930087334796E-11	2.98392177271058	1E-30	5.43423513795836E-11	0.245074999860538	1E-30	7.50099567093231E-11	1.55460440775171E-02	1E-30	3.46354395570894E-10	4.97515898008626E-03	2.08129581344189E-08	1.46839840243148E-11	0.173287348773787	4.15507013986586E-09	2.66812291874024E-11	0.306347749925733	2.48095672376133E-12	1.11009370356865E-10	1E5	1E10	1E-30	1E-10	1E10	1E-30	1E-10	1E10	1E-30	1E-10	1E10	1E-30	1E-10	1E10	1E-30	1E-10	1E10	1E-30	1E-10	1E10	1E-30	1E-10	1E10	1E-30	1E-10
26	4.67230980028064E-09	1E10	1E10	1E-30	1.20226443461741E-10	1E10	1E-30	1E10	1.13437014079048E-02	1E-30	6.55547783476321E-11	0.014398335754084	1.77031769566253E-08	2.32513754010969E-11	0.179063981014569	4.75160352849549E-09	3.16789918133094E-11	0.321301389858539	1.75663736108448E-09	2.46349259714709E-11	0.123878943822736	7.19030612136349E-12	5.24906552996313E-11	0.521022229074154	9.12626187051198E-13	2.21409416076045E-10	1E5	1E10	1E-30	1E-10	1E10	1E-30	1E-10	1E10	1E-30	1E-10	1E10	1E-30	1E-10	1E10	1E-30	1E-10	1E10	1E-30	1E-10	1E10	1E-30	1E-10	1E10	1E-30	1E-10	1E10	1E-30	1E-10
27	5.70196299677084E-09	1E10	1E10	1E-30	1E-12	1E10	1E-30	1E10	4.66215563207267E-03	1E-30	1.04343208552418E-10	0.34197220706437	1E-30	8.94106620137035E-11	7.3002392769084E-03	1E-30	6.66457298988329E-11	1.34103951879112E-03	1.63293367066171E-08	4.04463269029733E-11	0.296619408952833	8.55683210122129E-09	3.20478008167697E-11	0.424018791291164	1.30305103925997E-08	9.5607699968752E-12	7.44184089634641E-02	9.395164252933E-09	8.19097607395856E-12	9.49265329978928E-02	3.89510904062166E-11	9.00083482351986E-12	1.33437113334155	6.65127807169852E-13	3.40514011220325E-10	1E5	1E10	1E-30	1E-10	1E10	1E-30	1E-10	1E10	1E-30	1E-10	1E10	1E-30	1E-10	1E10	1E-30	1E-10	1E10	1E-30	1E-10
28	6.75006680018528E-09	1E10	1E10	1E-30	6.48054432735685E-11	1E10	1E-30	1E10	7.1481792201656E-03	1E-30	6.6302326786929E-11	0.38867657218099	1E-30	1.0644431498188E-10	1.23350209158823E-02	2.73230431994246E-08	2.80717694176341E-11	0.252890391912277	7.05624864563046E-09	4.09920374975862E-11	0.373363903451657	5.34537778361471E-09	1.6538949725424E-11	0.119952406003942	1.26004856842548E-10	3.72271010541966E-12	0.211014156240042	7.35071099396521E-13	3.41383770603077E-10	1E5	1E10	1E-30	1E-10	1E10	1E-30	1E-10	1E10	1E-30	1E-10	1E10	1E-30	1E-10	1E10	1E-30	1E-10	1E10	1E-30	1E-10	1E10	1E-30	1E-10	1E10	1E-30	1E-10
29	8.15857087992156E-09	1E10	1E10	1E-30	2.89477540488611E-10	1E10	1E-30	1E10	6.13801520111436E-03	1E-30	1.45298316477085E-11	0.46441284270452	1E-30	8.79549041513428E-11	0.241079861170033	1E-30	8.20078968410914E-11	8.60945390266654E-03	1E-30	1.32840337454426E-10	1.50838335308851E-03	3.63210034710699E-08	2.60342534070661E-11	0.202234099318281	1.07145645676624E-08	3.60534839511619E-11	0.280405604564784	4.28859676863646E-11	7.76297854298861E-12	2.14122513276764	5.59105958487604E-12	5.40113095810399E-11	1E5	1E10	1E-30	1E-10	1E10	1E-30	1E-10	1E10	1E-30	1E-10	1E10	1E-30	1E-10	1E10	1E-30	1E-10	1E10	1E-30	1E-10	1E10	1E-30	1E-10
30	9.84615312678533E-09	1E10	1E10	1E-30	2.05893549552295E-10	1E10	1E-30	1E10	4.22157223206456E-03	1E-30	1.32357557654019E-10	0.265088467468172	1E-30	1.12381450926097E-10	6.31790054613568E-03	3.99799260063814E-08	3.28475093314078E-11	0.276663342431859	1.58953887898029E-08	3.65733532449408E-11	0.292998057032973	1.40571641335876E-07	1.9724449212028E-12	3.63409013283586E-02	1.81111373187086E-08	9.20309687090393E-12	8.87890180506823E-02	7.84098971435982E-11	5.62249178641674E-12	0.133788643939436	2.35712555889004E-12	1.01861075141698E-10	1E5	1E10	1E-30	1E-10	1E10	1E-30	1E-10	1E10	1E-30	1E-10	1E10	1E-30	1E-10	1E10	1E-30	1E-10	1E10	1E-30	1E-10	1E10	1E-30	1E-10
31	1.20883596958305E-08	1E10	1E10	1E-30	1.6218133087689E-10	1E10	1E-30	1E10	3.19394476038676E-03	1E-30	3.62842915372755E-11	2.93083197282893	1E-30	9.04105254386828E-11	0.206349220257769	1E-30	8.52854672766808E-11	6.05248375755722E-03	1E-30	8.88409535506246E-09	1.65275677447088E-03	3.86858800999679E-08	3.7000501520883E-11	0.215180603823859	1.65831138325737E-08	3.29300119538237E-11	0.262787928106976	2.22643208419669E-12	1.18132494947461E-10	1E5	1E10	1E-30	1E-10	1E10	1E-30	1E-10	1E10	1E-30	1E-10	1E10	1E-30	1E-10	1E10	1E-30	1E-10	1E10	1E-30	1E-10	1E10	1E-30	1E-10	1E10	1E-30	1E-10
32	1.17774805316409E-08	1E10	1E10	1E-30	1E-12	1E10	1E-30	1E10	7.17999475198278E-03	1E-30	1.80010456799734E-11	0.500558614484749	1E-30	9.37314163048442E-11	0.216749033330968	1E-30	1.74400145517639E-10	6.02239567914468E-03	4.56813592825529E-08	2.19911396979961E-11	0.101368585882215	1.24069927827332E-08	2.7259269494329E-11	0.16023833265701	4.62671480197746E-12	7.57756520441894E-11	33.3567277504425	1.18834534899936E-12	2.72292799719804E-10	1E5	1E10	1E-30	1E-10	1E10	1E-30	1E-10	1E10	1E-30	1E-10	1E10	1E-30	1E-10	1E10	1E-30	1E-10	1E10	1E-30	1E-10	1E10	1E-30	1E-10	1E10	1E-30	1E-10
33	1.48454443666277E-08	1E10	1E10	1E-30	2.2303028358722E-10	1E10	1E-30	1E10	3.71029140931474E-03	1E-30	1.15786645009937E-10	0.224927371981595	1E-30	6.61778529461894E-11	3.94273680189754E-03	4.31106645687199E-08	4.49069237945034E-11	0.200948150002856	1.80515598969581E-08	4.62289003838394E-11	0.28507001992423	6.88422718047167E-08	5.61128101583547E-12	5.24825284030232E-02	3.10875820521565E-08	7.68288440083373E-12	0.10892088707435	5.84630927715899E-11	8.02351589116853E-12	0.286957176562193	3.91389105609403E-12	6.66669022675152E-11	1E5	1E10	1E-30	1E-10	1E10	1E-30	1E-10	1E10	1E-30	1E-10	1E10	1E-30	1E-10	1E10	1E-30	1E-10	1E10	1E-30	1E-10	1E10	1E-30	1E-10
34	1.49973685154372E-08	1E10	1E10	1E-30	1E-12	1E10	1E-30	1E10	7.24307980041765E-03	1E-30	1.80664062687979E-11	0.679973522201801	1E-30	1.24574762747685E-10	0.179350870867715	1E-30	9.52561021260222E-11	4.86072803411289E-03	5.2337231008136E-08	2.56045319302182E-11	0.101389894211457	2.16935032773237E-08	2.22618165610901E-11	0.149625189175136	2.42553111655427E-11	1.44542499805321E-11	6.36281534280006	8.53060974592585E-13	3.11932062647037E-10	1E5	1E10	1E-30	1E-10	1E10	1E-30	1E-10	1E10	1E-30	1E-10	1E10	1E-30	1E-10	1E10	1E-30	1E-10	1E10	1E-30	1E-10	1E10	1E-30	1E-10	1E10	1E-30	1E-10
35	1.78803333210944E-08	1E10	1E10	1E-30	4.81056628870854E-11	1E10	1E-30	1E10	3.16857537679258E-03	1E-30	1.02161790190493E-10	19.8400484445441	1E-30	9.41483171954101E-11	0.170787471717211	1E-30	5.47520545204107E-11	5.10832559520754E-03	1E-30	1.07650832937252E-10	2.18879846655977E-03	5.60035353203802E-08	4.5921719236471E-11	0.27009989753078	2.23974485579984E-08	4.82637036101442E-11	0.264595727644021	1.09099086100137E-12	2.14861060772259E-10	1E5	1E10	1E-30	1E-10	1E10	1E-30	1E-10	1E10	1E-30	1E-10	1E10	1E-30	1E-10	1E10	1E-30	1E-10	1E10	1E-30	1E-10	1E10	1E-30	1E-10	1E10	1E-30	1E-10
36	1.81486245721135E-08	1E10	1E10	1E-30	3.16227766016838E-12	1E10	1E-30	1E10	8.28487730406386E-03	1E-30	2.31945668271526E-11	0.583685982909688	1E-30	1.10874688620968E-10	0.198518382538324	1E-30	6.34108058095513E-11	4.50073251513223E-03	7.53341112118921E-08	2.28095450839968E-11	8.68186555559447E-02	2.35400089383475E-08	2.91019507092418E-11	0.130195596943025	2.49378372384176E-11	1.16934759224046E-11	3.83386157579774	8.86155302843236E-13	2.67627200275461E-10	1E5	1E10	1E-30	1E-10	1E10	1E-30	1E-10	1E10	1E-30	1E-10	1E10	1E-30	1E-10	1E10	1E-30	1E-10	1E10	1E-30	1E-10	1E10	1E-30	1E-10	1E10	1E-30	1E-10
37	2.20982250324221E-08	1E10	1E10	1E-30	1.31984579698387E-11	1E10	1E-30	1E10	3.14089364481576E-03	1E-30	1.58614687169931E-10	0.172548845918909	1E-30	5.80869924986599E-11	3.40969286521911E-03	5.15685020128608E-08	6.99642629367513E-11	0.2704284565451	3.75076353378446E-08	4.09147661653757E-11	0.263568747819719	9.40710423999289E-08	7.62429774636749E-12	6.56519644885273E-02	1.0450440607157E-07	4.65952541646928E-12	0.106899061219302	1.8297626087092E-11	1.02059104868936E-11	0.289937325447498	6.68990688079076E-13	2.76120681019666E-10	1E5	1E10	1E-30	1E-10	1E10	1E-30	1E-10	1E10	1E-30	1E-10	1E10	1E-30	1E-10	1E10	1E-30	1E-10	1E10	1E-30	1E-10	1E10	1E-30	1E-10
38	2.10098368924716E-08	1E10	1E10	1E-30	6.10657360666356E-12	1E10	1E-30	1E10	5.50149210637351E-03	1E-30	2.04025035521231E-11	0.441190581991737	1E-30	1.67842934550652E-10	0.154479469376632	1E-30	2.04719376834357E-10	2.55799547562826E-03	1.42714622297231E-07	1.76993560368668E-11	0.103968729710423	4.31349310248885E-08	2.29388261500728E-11	0.136448199270769	9.74780646547163E-12	3.59662794069827E-11	15.832491809842	1.02231554321011E-12	3.16091480066291E-10	728.889693693618	1E10	1E-30	1E-10	1E10	1E-30	1E-10	1E10	1E-30	1E-10	1E10	1E-30	1E-10	1E10	1E-30	1E-10	1E10	1E-30	1E-10	1E10	1E-30	1E-10	1E10	1E-30	1E-10
39	2.65808524099981E-08	1E10	1E10	1E-30	1E-11	1E10	1E-30	1E10	5.63889715346521E-03	1E-30	3.54591067572085E-11	2.02399084753077	1E-30	6.9356630710449E-11	0.167516003063894	1E-30	9.97243723314145E-11	5.48092106443165E-03	1.20116095182296E-07	2.72428921557838E-11	0.10685558863963	3.37462979120837E-08	4.24865354463247E-11	0.138712333725969	1.19710829634679E-08	3.62323621944429E-11	7.56116109600941E-02	2.64906518918448E-11	1.32345678911086E-11	5.82590668808781	1.0491983298864E-12	2.80892512809404E-10	1E5	1E10	1E-30	1E-10	1E10	1E-30	1E-10	1E10	1E-30	1E-10	1E10	1E-30	1E-10	1E10	1E-30	1E-10	1E10	1E-30	1E-10	1E10	1E-30	1E-10
40	3.22488282915417E-08	1E10	1E10	1E-30	1E-11	1E10	1E-30	1E10	3.42234588046686E-03	1E-30	1.81096543202971E-11	0.491137663445975	1E-30	1.60301854549421E-10	0.174568223040892	1E-30	1.32443683489973E-10	2.85834354236098E-03	1.13911157267015E-07	3.95111718493765E-11	0.169129953045316	7.51503546752947E-08	2.78563274198503E-11	0.14453909155083	1.7076826355352E-07	5.35846852536906E-12	2.49013981346887E-02	1.63490252067218E-07	3.73692260071879E-12	3.70034146090046E-02	1.05514468843544E-11	3.32269436407183E-11	8.90121713719572	1.03824758483552E-12	2.52986195674429E-10	1E5	1E10	1E-30	1E-10	1E10	1E-30	1E-10	1E10	1E-30	1E-10	1E10	1E-30	1E-10	1E10	1E-30	1E-10	1E10	1E-30	1E-10
41	3.87947603967122E-08	1E10	1E10	1E-30	1.70647923953575E-10	1E10	1E-30	1E10	4.37143371217719E-03	1E-30	9.51584565127176E-11	0.171103949588849	1E-30	1.17498123297041E-10	5.64180285939951E-03	1.1236575846509E-07	5.34553308127835E-11	0.145625716898289	5.1103445209957E-08	5.24671376419092E-11	0.131973774355799	1.78404950262744E-07	7.55590456889826E-12	3.38514297875413E-02	3.84363590490037E-08	2.17126150959869E-11	6.58731225658365E-02	1.58527837158714E-12	2.00427837633307E-10	43.0510040918376	1E10	1E-30	1E-10	1E10	1E-30	1E-10	1E10	1E-30	1E-10	1E10	1E-30	1E-10	1E10	1E-30	1E-10	1E10	1E-30	1E-10	1E10	1E-30	1E-10	1E10	1E-30	1E-10
42	4.59301493849231E-08	1E10	1E10	1E-30	2.18257916120083E-11	1E10	1E-30	1E10	3.71331291060611E-03	1E-30	2.22116670942793E-11	0.418987807596262	1E-30	1.6365043477072E-10	0.146390711957201	1E-30	4.84256272486766E-11	1.78402998318237E-03	1.21831191027636E-07	6.17777630314214E-11	0.156629060401009	8.9584521753366E-08	3.82098703424866E-11	0.142127179987688	2.85202690659572E-07	6.74066988522308E-12	3.98601085935025E-02	1.19670926278572E-07	1.0050629040194E-11	0.041560570526914	4.33630924866922E-11	8.08503985052182E-12	0.795228591672587	6.05753222082443E-13	2.77728804751913E-10	1E5	1E10	1E-30	1E-10	1E10	1E-30	1E-10	1E10	1E-30	1E-10	1E10	1E-30	1E-10	1E10	1E-30	1E-10	1E10	1E-30	1E-10
43	5.51938936030302E-08	1E10	8928571428.57143	1E-30	2.26975919881417E-10	1E10	1E-30	1E10	4.72586238082052E-03	1E-30	1.58684957926575E-11	0.159951234739399	1E-30	1.13909133150466E-10	0.107495523775896	1E-30	7.29056751593494E-11	2.75521773577977E-03	2.18427011752405E-07	3.45462777508428E-11	9.07916414110745E-02	6.67190358054068E-08	4.95591112790791E-11	0.119618161578045	4.31448809273465E-12	7.80415546616015E-11	41.1140655090905	1E10	1E-30	1E-10	1E10	1E-30	1E-10	1E10	1E-30	1E-10	1E10	1E-30	1E-10	1E10	1E-30	1E-10	1E10	1E-30	1E-10	1E10	1E-30	1E-10	1E10	1E-30	1E-10	1E10	1E-30	1E-10
44	6.49394958494576E-08	1E10	7352941176.47059	1E-30	4.57088189614875E-11	1E10	1E-30	1E10	4.60337511245113E-03	1E-30	1.95034441813308E-11	0.421749020517106	1E-30	8.74676163917398E-11	0.116412929534046	1E-30	9.65900237471297E-11	6.89226042772704E-03	2.3446874425281E-07	3.99765833259654E-11	8.17818784739422E-02	8.67403472919168E-08	4.5628808962998E-11	0.085626019597673	5.2550959904993E-08	2.39535665509256E-11	3.98645864700614E-02	1.12567862713126E-11	3.11449753501861E-11	13.7101355847728	9E-13	3.5E-10	1E5	1E10	1E-30	1E-10	1E10	1E-30	1E-10	1E10	1E-30	1E-10	1E10	1E-30	1E-10	1E10	1E-30	1E-10	1E10	1E-30	1E-10	1E10	1E-30	1E-10
45	8.39100253670219E-08	1E10	6097560975.60976	1E-30	1.99059037380282E-10	1E10	1E-30	1E10	3.66440307805139E-03	1E-30	1.53792650225923E-10	0.103546656966181	1E-30	9.70967948677146E-11	3.24627609575759E-03	2.775618361941E-07	4.72631920333988E-11	9.82096752861127E-02	1.47636468050281E-07	4.13654056331258E-11	9.16305312699549E-02	1.65717318977795E-12	1.50397444728865E-10	45.1652745874436	1E10	1E-30	1E-10	1E10	1E-30	1E-10	1E10	1E-30	1E-10	1E10	1E-30	1E-10	1E10	1E-30	1E-10	1E10	1E-30	1E-10	1E10	1E-30	1E-10	1E10	1E-30	1E-10	1E10	1E-30	1E-10	1E10	1E-30	1E-10
46	9.7723722095581E-08	1E10	5E9	1E-30	9.31043568331434E-11	1E10	1E-30	1E10	3.94210155277396E-03	1E-30	1.83752815801344E-11	0.346620490508223	1E-30	1.45765466878716E-10	0.107904083329643	1E-30	7.38351336545492E-11	2.12883114641045E-03	2.06349571609155E-07	7.672143354525E-11	0.123539632317415	1.70916739135044E-07	4.20538798850417E-11	8.66654974399498E-02	1.96221945905664E-07	1.82950715763853E-11	0.037988066204623	2.619520926072E-07	8.77081181535635E-12	3.22426646039871E-02	3.65475925287731E-11	9.59276129378033E-12	1.31110188059212	1.06387889799212E-12	2.05355131230446E-10	1E5	1E10	1E-30	1E-10	1E10	1E-30	1E-10	1E10	1E-30	1E-10	1E10	1E-30	1E-10	1E10	1E-30	1E-10	1E10	1E-30	1E-10
47	9.66590544964423E-07	1E10	5E7	1E-30	1.69318751272004E-10	1E10	1E-30	1E10	5.86759124341904E-03	2.13996922822064E-04	1E10	26.271669883103	1.39817187996244E-04	1E10	11.7186957112713	9.40814154768382E-05	1E10	1.76406880809143	9.23642544278773E-05	1E10	0.229296413318177	8.77190875981227E-05	1E10	2.73376301132063E-02	7.48220235540079E-05	1E10	6.40043326076755E-03	1E-30	2.70187745895744E-11	6.82936065291898E-02	1E-30	2.08111662595092E-10	4.06780519182591E-02	2.2874723676048E-06	7.22028682205666E-11	1.71951435325051E-02	1.37555439322161E-06	5.34906107155549E-11	1.51316301970754E-02	2.06223360203786E-11	4.50427926131599E-11	4.59871822098079	3.6466734048614E-12	7.05595221517653E-11	10.0295263345956	1E10	1E-30	1E-10	1E10	1E-30	1E-10	1E10	1E-30	1E-10
48	3.64138066538848E-06	1E10	10638297.8723404	1E-30	2.0167716551561E-10	1E10	1E-30	1E10	3.5320478362053E-03	4.31127932881401E-04	1E10	7.72498824460424	2.40932954610895E-04	1E10	1.73071993994588	2.04781749418426E-04	1E10	0.341103172557425	1.6153750451785E-04	1E10	5.51421719188662E-02	1.03078304324643E-04	1E10	8.78973704080183E-03	1E-30	1.14670441935201E-11	8.89301577979594E-02	1E-30	3.34003497535365E-11	3.04105186408195E-02	1E-30	2.85192727240104E-10	2.03891035689022E-02	1.20979952440877E-05	5.52179179793197E-11	9.89668904645916E-03	6.44537958759272E-06	4.68853371100053E-11	7.14868965510069E-03	7.36740736588562E-12	6.35303336647993E-11	9.30056858521872	1E10	1E-30	1E-10	1E10	1E-30	1E-10	1E10	1E-30	1E-10	1E10	1E-30	1E-10
49	3.64138066538848E-06	1E10	10638297.8723404	1E-30	2.0167716551561E-10	1E10	1E-30	1E10	3.5320478362053E-03	4.31127932881401E-04	1E10	7.72498824460424	2.40932954610895E-04	1E10	1.73071993994588	2.04781749418426E-04	1E10	0.341103172557425	1.6153750451785E-04	1E10	5.51421719188662E-02	1.03078304324643E-04	1E10	8.78973704080183E-03	1E-30	1.14670441935201E-11	8.89301577979594E-02	1E-30	3.34003497535365E-11	3.04105186408195E-02	1E-30	2.85192727240104E-10	2.03891035689022E-02	1.20979952440877E-05	5.52179179793197E-11	9.89668904645916E-03	6.44537958759272E-06	4.68853371100053E-11	7.14868965510069E-03	7.36740736588562E-12	6.35303336647993E-11	9.30056858521872	1E10	1E-30	1E-10	1E10	1E-30	1E-10	1E10	1E-30	1E-10	1E10	1E-30	1E-10
50	3.64138066538848E-06	1E10	10638297.8723404	1E-30	2.0167716551561E-10	1E10	1E-30	1E10	3.5320478362053E-03	4.31127932881401E-04	1E10	7.72498824460424	2.40932954610895E-04	1E10	1.73071993994588	2.04781749418426E-04	1E10	0.341103172557425	1.6153750451785E-04	1E10	5.51421719188662E-02	1.03078304324643E-04	1E10	8.78973704080183E-03	1E-30	1.14670441935201E-11	8.89301577979594E-02	1E-30	3.34003497535365E-11	3.04105186408195E-02	1E-30	2.85192727240104E-10	2.03891035689022E-02	1.20979952440877E-05	5.52179179793197E-11	9.89668904645916E-03	6.44537958759272E-06	4.68853371100053E-11	7.14868965510069E-03	7.36740736588562E-12	6.35303336647993E-11	9.30056858521872	1E10	1E-30	1E-10	1E10	1E-30	1E-10	1E10	1E-30	1E-10	1E10	1E-30	1E-10
51	3.64138066538848E-06	1E10	10638297.8723404	1E-30	2.0167716551561E-10	1E10	1E-30	1E10	3.5320478362053E-03	4.31127932881401E-04	1E10	7.72498824460424	2.40932954610895E-04	1E10	1.73071993994588	2.04781749418426E-04	1E10	0.341103172557425	1.6153750451785E-04	1E10	5.51421719188662E-02	1.03078304324643E-04	1E10	8.78973704080183E-03	1E-30	1.14670441935201E-11	8.89301577979594E-02	1E-30	3.34003497535365E-11	3.04105186408195E-02	1E-30	2.85192727240104E-10	2.03891035689022E-02	1.20979952440877E-05	5.52179179793197E-11	9.89668904645916E-03	6.44537958759272E-06	4.68853371100053E-11	7.14868965510069E-03	7.36740736588562E-12	6.35303336647993E-11	9.30056858521872	1E10	1E-30	1E-10	1E10	1E-30	1E-10	1E10	1E-30	1E-10	1E10	1E-30	1E-10
52	3.64138066538848E-06	1E10	10638297.8723404	1E-30	2.0167716551561E-10	1E10	1E-30	1E10	3.5320478362053E-03	4.31127932881401E-04	1E10	7.72498824460424	2.40932954610895E-04	1E10	1.73071993994588	2.04781749418426E-04	1E10	0.341103172557425	1.6153750451785E-04	1E10	5.51421719188662E-02	1.03078304324643E-04	1E10	8.78973704080183E-03	1E-30	1.14670441935201E-11	8.89301577979594E-02	1E-30	3.34003497535365E-11	3.04105186408195E-02	1E-30	2.85192727240104E-10	2.03891035689022E-02	1.20979952440877E-05	5.52179179793197E-11	9.89668904645916E-03	6.44537958759272E-06	4.68853371100053E-11	7.14868965510069E-03	7.36740736588562E-12	6.35303336647993E-11	9.30056858521872	1E10	1E-30	1E-10	1E10	1E-30	1E-10	1E10	1E-30	1E-10	1E10	1E-30	1E-10
53	3.64138066538848E-06	1E10	10638297.8723404	1E-30	2.0167716551561E-10	1E10	1E-30	1E10	3.5320478362053E-03	4.31127932881401E-04	1E10	7.72498824460424	2.40932954610895E-04	1E10	1.73071993994588	2.04781749418426E-04	1E10	0.341103172557425	1.6153750451785E-04	1E10	5.51421719188662E-02	1.03078304324643E-04	1E10	8.78973704080183E-03	1E-30	1.14670441935201E-11	8.89301577979594E-02	1E-30	3.34003497535365E-11	3.04105186408195E-02	1E-30	2.85192727240104E-10	2.03891035689022E-02	1.20979952440877E-05	5.52179179793197E-11	9.89668904645916E-03	6.44537958759272E-06	4.68853371100053E-11	7.14868965510069E-03	7.36740736588562E-12	6.35303336647993E-11	9.30056858521872	1E10	1E-30	1E-10	1E10	1E-30	1E-10	1E10	1E-30	1E-10	1E10	1E-30	1E-10
54	3.52149758899186E-06	1E10	10638297.8723404	1E-30	6.1063202307211E-11	1E10	1E-30	1E10	3.69271815713203E-03	5.82711251874225E-05	1E10	95.3334857466773	1.33866678423647E-04	1E10	4.20732374012809	1.10162718780797E-04	1E10	0.47473762133461	9.23334264298237E-05	1E10	5.64656323438596E-02	7.70122029796547E-05	1E10	6.72879528187725E-03	1E-30	7.85592277375964E-12	4.03827055602445E-02	1E-30	2.44776036818111E-11	0.025488069899309	1E-30	2.6795064623156E-10	0.022176081885771	1.0209763973308E-05	5.22481644869537E-11	5.90788839216147E-03	6.28632195677368E-06	4.31880840672682E-11	6.03389236823676E-03	9.27301548019991E-12	8.46496874540811E-11	11.1859919913678	1.59601876623578E-12	1.35293120609624E-10	43.587622128999	1E10	1E-30	1E-10	1E10	1E-30	1E-10	1E10	1E-30	1E-10
55	3.52149758899186E-06	1E10	10638297.8723404	1E-30	6.1063202307211E-11	1E10	1E-30	1E10	3.69271815713203E-03	5.82711251874225E-05	1E10	95.3334857466773	1.33866678423647E-04	1E10	4.20732374012809	1.10162718780797E-04	1E10	0.47473762133461	9.23334264298237E-05	1E10	5.64656323438596E-02	7.70122029796547E-05	1E10	6.72879528187725E-03	1E-30	7.85592277375964E-12	4.03827055602445E-02	1E-30	2.44776036818111E-11	0.025488069899309	1E-30	2.6795064623156E-10	0.022176081885771	1.0209763973308E-05	5.22481644869537E-11	5.90788839216147E-03	6.28632195677368E-06	4.31880840672682E-11	6.03389236823676E-03	9.27301548019991E-12	8.46496874540811E-11	11.1859919913678	1.59601876623578E-12	1.35293120609624E-10	43.587622128999	1E10	1E-30	1E-10	1E10	1E-30	1E-10	1E10	1E-30	1E-10
56	7.07637260073691E-06	1E10	5E6	1E-30	1.87168989664642E-10	1E10	1E-30	1E10	3.12063730934724E-03	3.58718233768455E-04	1E10	10.5102405672224	4.68480094257886E-04	1E10	1.12822618174145	5.185345742045E-04	1E10	0.18512763176085	8.43936662222931E-04	1E10	4.10534475467017E-02	3.69444882551589E-04	1E10	2.53306673568731E-02	2.35566280994748E-04	1E10	5.47534045588796E-03	1E-30	1.7638297794332E-11	0.100114095230623	1E-30	2.35874788807242E-11	2.01404890271621E-02	1E-30	2.71370692541285E-10	1.69164625001621E-02	1.61994380527735E-05	8.0792856447586E-11	5.8942758944807E-03	9.59443194656157E-06	5.88044292686669E-11	5.18013199306985E-03	8.27803649352336E-12	7.57413567645417E-11	20.2762747627108	7.43507863923447E-12	4.89294085008749E-11	12.9182777420106	1E10	1E-30	1E-10	1E10	1E-30	1E-10
57	7.07637260073691E-06	1E10	5E6	1E-30	1.87168989664642E-10	1E10	1E-30	1E10	3.12063730934724E-03	3.58718233768455E-04	1E10	10.5102405672224	4.68480094257886E-04	1E10	1.12822618174145	5.185345742045E-04	1E10	0.18512763176085	8.43936662222931E-04	1E10	4.10534475467017E-02	3.69444882551589E-04	1E10	2.53306673568731E-02	2.35566280994748E-04	1E10	5.47534045588796E-03	1E-30	1.7638297794332E-11	0.100114095230623	1E-30	2.35874788807242E-11	2.01404890271621E-02	1E-30	2.71370692541285E-10	1.69164625001621E-02	1.61994380527735E-05	8.0792856447586E-11	5.8942758944807E-03	9.59443194656157E-06	5.88044292686669E-11	5.18013199306985E-03	8.27803649352336E-12	7.57413567645417E-11	20.2762747627108	7.43507863923447E-12	4.89294085008749E-11	12.9182777420106	1E10	1E-30	1E-10	1E10	1E-30	1E-10
58	7.07637260073691E-06	1E10	5E6	1E-30	1.87168989664642E-10	1E10	1E-30	1E10	3.12063730934724E-03	3.58718233768455E-04	1E10	10.5102405672224	4.68480094257886E-04	1E10	1.12822618174145	5.185345742045E-04	1E10	0.18512763176085	8.43936662222931E-04	1E10	4.10534475467017E-02	3.69444882551589E-04	1E10	2.53306673568731E-02	2.35566280994748E-04	1E10	5.47534045588796E-03	1E-30	1.7638297794332E-11	0.100114095230623	1E-30	2.35874788807242E-11	2.01404890271621E-02	1E-30	2.71370692541285E-10	1.69164625001621E-02	1.61994380527735E-05	8.0792856447586E-11	5.8942758944807E-03	9.59443194656157E-06	5.88044292686669E-11	5.18013199306985E-03	8.27803649352336E-12	7.57413567645417E-11	20.2762747627108	7.43507863923447E-12	4.89294085008749E-11	12.9182777420106	1E10	1E-30	1E-10	1E10	1E-30	1E-10
59	7.07637260073691E-06	1E10	5E6	1E-30	1.87168989664642E-10	1E10	1E-30	1E10	3.12063730934724E-03	3.58718233768455E-04	1E10	10.5102405672224	4.68480094257886E-04	1E10	1.12822618174145	5.185345742045E-04	1E10	0.18512763176085	8.43936662222931E-04	1E10	4.10534475467017E-02	3.69444882551589E-04	1E10	2.53306673568731E-02	2.35566280994748E-04	1E10	5.47534045588796E-03	1E-30	1.7638297794332E-11	0.100114095230623	1E-30	2.35874788807242E-11	2.01404890271621E-02	1E-30	2.71370692541285E-10	1.69164625001621E-02	1.61994380527735E-05	8.0792856447586E-11	5.8942758944807E-03	9.59443194656157E-06	5.88044292686669E-11	5.18013199306985E-03	8.27803649352336E-12	7.57413567645417E-11	20.2762747627108	7.43507863923447E-12	4.89294085008749E-11	12.9182777420106	1E10	1E-30	1E-10	1E10	1E-30	1E-10
60	6.52221849074781E-06	1E10	5E6	1E-30	2.11293229632545E-10	1E10	1E-30	1E10	3.01887015591647E-03	2.83717275240674E-04	1E10	34.7901492024919	2.28787991247852E-04	1E10	8.22745757818737	2.01802817793665E-04	1E10	0.938031717458279	2.03940837535492E-04	1E10	9.48563220018424E-02	1.62758227457317E-04	1E10	1.34466323604071E-02	3.01649437432233E-04	1E10	1.3247126197553E-03	1E-30	1.85160989690345E-11	9.96661541510599E-02	1E-30	2.87460299343961E-11	2.30298794150665E-02	1E-30	2.72109183099492E-10	1.96701447840642E-02	2.71646375285239E-05	4.42369520459866E-11	4.04775918908027E-03	5.95643154162868E-06	9.83954387868455E-11	5.26896328031864E-03	8.79534852061203E-12	7.07772882086021E-11	11.1790296662371	1E10	1E-30	1E-10	1E10	1E-30	1E-10	1E10	1E-30	1E-10
61	6.52221849074781E-06	1E10	5E6	1E-30	2.11293229632545E-10	1E10	1E-30	1E10	3.01887015591647E-03	2.83717275240674E-04	1E10	34.7901492024919	2.28787991247852E-04	1E10	8.22745757818737	2.01802817793665E-04	1E10	0.938031717458279	2.03940837535492E-04	1E10	9.48563220018424E-02	1.62758227457317E-04	1E10	1.34466323604071E-02	3.01649437432233E-04	1E10	1.3247126197553E-03	1E-30	1.85160989690345E-11	9.96661541510599E-02	1E-30	2.87460299343961E-11	2.30298794150665E-02	1E-30	2.72109183099492E-10	1.96701447840642E-02	2.71646375285239E-05	4.42369520459866E-11	4.04775918908027E-03	5.95643154162868E-06	9.83954387868455E-11	5.26896328031864E-03	8.79534852061203E-12	7.07772882086021E-11	11.1790296662371	1E10	1E-30	1E-10	1E10	1E-30	1E-10	1E10	1E-30	1E-10
62	7.07637260073691E-06	1E10	5E6	1E-30	1.87168989664642E-10	1E10	1E-30	1E10	3.12063730934724E-03	3.58718233768455E-04	1E10	10.5102405672224	4.68480094257886E-04	1E10	1.12822618174145	5.185345742045E-04	1E10	0.18512763176085	8.43936662222931E-04	1E10	4.10534475467017E-02	3.69444882551589E-04	1E10	2.53306673568731E-02	2.35566280994748E-04	1E10	5.47534045588796E-03	1E-30	1.7638297794332E-11	0.100114095230623	1E-30	2.35874788807242E-11	2.01404890271621E-02	1E-30	2.71370692541285E-10	1.69164625001621E-02	1.61994380527735E-05	8.0792856447586E-11	5.8942758944807E-03	9.59443194656157E-06	5.88044292686669E-11	5.18013199306985E-03	8.27803649352336E-12	7.57413567645417E-11	20.2762747627108	7.43507863923447E-12	4.89294085008749E-11	12.9182777420106	1E10	1E-30	1E-10	1E10	1E-30	1E-10
63	7.07637260073691E-06	1E10	5E6	1E-30	1.87168989664642E-10	1E10	1E-30	1E10	3.12063730934724E-03	3.58718233768455E-04	1E10	10.5102405672224	4.68480094257886E-04	1E10	1.12822618174145	5.185345742045E-04	1E10	0.18512763176085	8.43936662222931E-04	1E10	4.10534475467017E-02	3.69444882551589E-04	1E10	2.53306673568731E-02	2.35566280994748E-04	1E10	5.47534045588796E-03	1E-30	1.7638297794332E-11	0.100114095230623	1E-30	2.35874788807242E-11	2.01404890271621E-02	1E-30	2.71370692541285E-10	1.69164625001621E-02	1.61994380527735E-05	8.0792856447586E-11	5.8942758944807E-03	9.59443194656157E-06	5.88044292686669E-11	5.18013199306985E-03	8.27803649352336E-12	7.57413567645417E-11	20.2762747627108	7.43507863923447E-12	4.89294085008749E-11	12.9182777420106	1E10	1E-30	1E-10	1E10	1E-30	1E-10
64	8.1013897586214E-06	1E10	5E6	1E-30	2.14370783485213E-10	1E10	1E-30	1E10	3.04345590060724E-03	3.53931119972312E-04	1E10	15.0331678250595	2.95679500181383E-04	1E10	1.8512856204565	2.82807353929144E-04	1E10	0.206307149325227	3.03838348996955E-04	1E10	2.06830069944239E-02	2.19874888763062E-04	1E10	5.64413661922419E-03	1E-30	1.45464248855024E-11	6.65617147373958E-02	1E-30	3.4299333988204E-11	0.023484048170415	1E-30	2.65285077206128E-10	1.53357414143469E-02	1.66451648290953E-05	9.02937479221083E-11	6.17603429684348E-03	1.29064986940605E-05	5.00421691070603E-11	5.04431845450932E-03	7.28693078315329E-12	8.37453138634868E-11	10.5812383227967	1E10	1E-30	1E-10	1E10	1E-30	1E-10	1E10	1E-30	1E-10	1E10	1E-30	1E-10
65	8.1013897586214E-06	1E10	5E6	1E-30	2.14370783485213E-10	1E10	1E-30	1E10	3.04345590060724E-03	3.53931119972312E-04	1E10	15.0331678250595	2.95679500181383E-04	1E10	1.8512856204565	2.82807353929144E-04	1E10	0.206307149325227	3.03838348996955E-04	1E10	2.06830069944239E-02	2.19874888763062E-04	1E10	5.64413661922419E-03	1E-30	1.45464248855024E-11	6.65617147373958E-02	1E-30	3.4299333988204E-11	0.023484048170415	1E-30	2.65285077206128E-10	1.53357414143469E-02	1.66451648290953E-05	9.02937479221083E-11	6.17603429684348E-03	1.29064986940605E-05	5.00421691070603E-11	5.04431845450932E-03	7.28693078315329E-12	8.37453138634868E-11	10.5812383227967	1E10	1E-30	1E-10	1E10	1E-30	1E-10	1E10	1E-30	1E-10	1E10	1E-30	1E-10
66	8.64396807519423E-06	1E10	5E6	1E-30	1.11394005688898E-10	1E10	1E-30	1E10	2.17645947494936E-03	3.36639969299376E-04	1E10	16.8862493662379	5.14209781658797E-04	1E10	1.17736500058712	5.77372091169838E-04	1E10	9.22815100259725E-02	5.76829819838497E-04	1E10	8.52653203394635E-03	5.41869436820931E-04	1E10	1.47168165471628E-03	1E-30	9.28128529359551E-12	0.117777567703195	1E-30	3.87426345774131E-11	2.81057112187565E-02	1E-30	3.37699855943767E-10	1.45518867623225E-02	2.14103747422112E-05	6.85231678091409E-11	4.16969124922737E-03	3.41196679186458E-05	2.29554534226158E-11	3.1573410298243E-03	6.71673930723974E-12	8.80762343407376E-11	10.979189086732	5.19671356008275E-12	6.19882114140255E-11	19.2257220421039	1E10	1E-30	1E-10	1E10	1E-30	1E-10	1E10	1E-30	1E-10
67	8.64396807519423E-06	1E10	5E6	1E-30	1.11394005688898E-10	1E10	1E-30	1E10	2.17645947494936E-03	3.36639969299376E-04	1E10	16.8862493662379	5.14209781658797E-04	1E10	1.17736500058712	5.77372091169838E-04	1E10	9.22815100259725E-02	5.76829819838497E-04	1E10	8.52653203394635E-03	5.41869436820931E-04	1E10	1.47168165471628E-03	1E-30	9.28128529359551E-12	0.117777567703195	1E-30	3.87426345774131E-11	2.81057112187565E-02	1E-30	3.37699855943767E-10	1.45518867623225E-02	2.14103747422112E-05	6.85231678091409E-11	4.16969124922737E-03	3.41196679186458E-05	2.29554534226158E-11	3.1573410298243E-03	6.71673930723974E-12	8.80762343407376E-11	10.979189086732	5.19671356008275E-12	6.19882114140255E-11	19.2257220421039	1E10	1E-30	1E-10	1E10	1E-30	1E-10	1E10	1E-30	1E-10
68	6.52221849074781E-06	1E10	5E6	1E-30	2.11293229632545E-10	1E10	1E-30	1E10	3.01887015591647E-03	2.83717275240674E-04	1E10	34.7901492024919	2.28787991247852E-04	1E10	8.22745757818737	2.01802817793665E-04	1E10	0.938031717458279	2.03940837535492E-04	1E10	9.48563220018424E-02	1.62758227457317E-04	1E10	1.34466323604071E-02	3.01649437432233E-04	1E10	1.3247126197553E-03	1E-30	1.85160989690345E-11	9.96661541510599E-02	1E-30	2.87460299343961E-11	2.30298794150665E-02	1E-30	2.72109183099492E-10	1.96701447840642E-02	2.71646375285239E-05	4.42369520459866E-11	4.04775918908027E-03	5.95643154162868E-06	9.83954387868455E-11	5.26896328031864E-03	8.79534852061203E-12	7.07772882086021E-11	11.1790296662371	1E10	1E-30	1E-10	1E10	1E-30	1E-10	1E10	1E-30	1E-10
69	6.52221849074781E-06	1E10	5E6	1E-30	2.11293229632545E-10	1E10	1E-30	1E10	3.01887015591647E-03	2.83717275240674E-04	1E10	34.7901492024919	2.28787991247852E-04	1E10	8.22745757818737	2.01802817793665E-04	1E10	0.938031717458279	2.03940837535492E-04	1E10	9.48563220018424E-02	1.62758227457317E-04	1E10	1.34466323604071E-02	3.01649437432233E-04	1E10	1.3247126197553E-03	1E-30	1.85160989690345E-11	9.96661541510599E-02	1E-30	2.87460299343961E-11	2.30298794150665E-02	1E-30	2.72109183099492E-10	1.96701447840642E-02	2.71646375285239E-05	4.42369520459866E-11	4.04775918908027E-03	5.95643154162868E-06	9.83954387868455E-11	5.26896328031864E-03	8.79534852061203E-12	7.07772882086021E-11	11.1790296662371	1E10	1E-30	1E-10	1E10	1E-30	1E-10	1E10	1E-30	1E-10
70	8.1013897586214E-06	1E10	5E6	1E-30	2.14370783485213E-10	1E10	1E-30	1E10	3.04345590060724E-03	3.53931119972312E-04	1E10	15.0331678250595	2.95679500181383E-04	1E10	1.8512856204565	2.82807353929144E-04	1E10	0.206307149325227	3.03838348996955E-04	1E10	2.06830069944239E-02	2.19874888763062E-04	1E10	5.64413661922419E-03	1E-30	1.45464248855024E-11	6.65617147373958E-02	1E-30	3.4299333988204E-11	0.023484048170415	1E-30	2.65285077206128E-10	1.53357414143469E-02	1.66451648290953E-05	9.02937479221083E-11	6.17603429684348E-03	1.29064986940605E-05	5.00421691070603E-11	5.04431845450932E-03	7.28693078315329E-12	8.37453138634868E-11	10.5812383227967	1E10	1E-30	1E-10	1E10	1E-30	1E-10	1E10	1E-30	1E-10	1E10	1E-30	1E-10
71	8.1013897586214E-06	1E10	5E6	1E-30	2.14370783485213E-10	1E10	1E-30	1E10	3.04345590060724E-03	3.53931119972312E-04	1E10	15.0331678250595	2.95679500181383E-04	1E10	1.8512856204565	2.82807353929144E-04	1E10	0.206307149325227	3.03838348996955E-04	1E10	2.06830069944239E-02	2.19874888763062E-04	1E10	5.64413661922419E-03	1E-30	1.45464248855024E-11	6.65617147373958E-02	1E-30	3.4299333988204E-11	0.023484048170415	1E-30	2.65285077206128E-10	1.53357414143469E-02	1.66451648290953E-05	9.02937479221083E-11	6.17603429684348E-03	1.29064986940605E-05	5.00421691070603E-11	5.04431845450932E-03	7.28693078315329E-12	8.37453138634868E-11	10.5812383227967	1E10	1E-30	1E-10	1E10	1E-30	1E-10	1E10	1E-30	1E-10	1E10	1E-30	1E-10
72	1.6018758438308E-05	1E10	2272727.27272727	1E-30	3.89045144994281E-11	1E10	1E-30	1E10	1.99519570210451E-03	5.95487338729229E-04	1E10	7.3192132585919	7.20483022023431E-04	1E10	0.695983648048561	6.35991320169117E-04	1E10	8.36669212019722E-02	6.77441353200903E-04	1E10	8.96894973365446E-03	4.85621943901439E-04	1E10	2.44008152931014E-03	1E-30	2.0311956214746E-11	5.22954724362135E-02	1E-30	5.04129341453153E-11	1.68801842417754E-02	1E-30	4.25869206310163E-10	1.13182703593684E-02	7.07179645515209E-05	5.07763526590217E-11	2.4045462940939E-03	4.93006676795258E-05	3.97378206648047E-11	2.49963794431957E-03	1.25078515391416E-11	5.9454665663155E-11	7.30876481530608	9.48078831732194E-12	3.47054883543281E-11	9.03867972385978	2.41135219158066E-12	1.02986297598738E-10	1E5	1E10	1E-30	1E-10	1E10	1E-30	1E-10
73	1.6018758438308E-05	1E10	2272727.27272727	1E-30	3.89045144994281E-11	1E10	1E-30	1E10	1.99519570210451E-03	5.95487338729229E-04	1E10	7.3192132585919	7.20483022023431E-04	1E10	0.695983648048561	6.35991320169117E-04	1E10	8.36669212019722E-02	6.77441353200903E-04	1E10	8.96894973365446E-03	4.85621943901439E-04	1E10	2.44008152931014E-03	1E-30	2.0311956214746E-11	5.22954724362135E-02	1E-30	5.04129341453153E-11	1.68801842417754E-02	1E-30	4.25869206310163E-10	1.13182703593684E-02	7.07179645515209E-05	5.07763526590217E-11	2.4045462940939E-03	4.93006676795258E-05	3.97378206648047E-11	2.49963794431957E-03	1.25078515391416E-11	5.9454665663155E-11	7.30876481530608	9.48078831732194E-12	3.47054883543281E-11	9.03867972385978	2.41135219158066E-12	1.02986297598738E-10	1E5	1E10	1E-30	1E-10	1E10	1E-30	1E-10
74	1.6018758438308E-05	1E10	2272727.27272727	1E-30	3.89045144994281E-11	1E10	1E-30	1E10	1.99519570210451E-03	5.95487338729229E-04	1E10	7.3192132585919	7.20483022023431E-04	1E10	0.695983648048561	6.35991320169117E-04	1E10	8.36669212019722E-02	6.77441353200903E-04	1E10	8.96894973365446E-03	4.85621943901439E-04	1E10	2.44008152931014E-03	1E-30	2.0311956214746E-11	5.22954724362135E-02	1E-30	5.04129341453153E-11	1.68801842417754E-02	1E-30	4.25869206310163E-10	1.13182703593684E-02	7.07179645515209E-05	5.07763526590217E-11	2.4045462940939E-03	4.93006676795258E-05	3.97378206648047E-11	2.49963794431957E-03	1.25078515391416E-11	5.9454665663155E-11	7.30876481530608	9.48078831732194E-12	3.47054883543281E-11	9.03867972385978	2.41135219158066E-12	1.02986297598738E-10	1E5	1E10	1E-30	1E-10	1E10	1E-30	1E-10
75	1.6018758438308E-05	1E10	2272727.27272727	1E-30	3.89045144994281E-11	1E10	1E-30	1E10	1.99519570210451E-03	5.95487338729229E-04	1E10	7.3192132585919	7.20483022023431E-04	1E10	0.695983648048561	6.35991320169117E-04	1E10	8.36669212019722E-02	6.77441353200903E-04	1E10	8.96894973365446E-03	4.85621943901439E-04	1E10	2.44008152931014E-03	1E-30	2.0311956214746E-11	5.22954724362135E-02	1E-30	5.04129341453153E-11	1.68801842417754E-02	1E-30	4.25869206310163E-10	1.13182703593684E-02	7.07179645515209E-05	5.07763526590217E-11	2.4045462940939E-03	4.93006676795258E-05	3.97378206648047E-11	2.49963794431957E-03	1.25078515391416E-11	5.9454665663155E-11	7.30876481530608	9.48078831732194E-12	3.47054883543281E-11	9.03867972385978	2.41135219158066E-12	1.02986297598738E-10	1E5	1E10	1E-30	1E-10	1E10	1E-30	1E-10
76	1.36332338247973E-05	1E10	2272727.27272727	1E-30	2.18142675828475E-10	1E10	1E-30	1E10	2.65248558359328E-03	6.16862344403074E-04	1E10	5.2856722861471	6.35809222792324E-04	1E10	0.58684443210194	6.46975550532931E-04	1E10	8.04273578466226E-02	5.66014133335867E-04	1E10	1.11605803085696E-02	1.01951313142582E-03	1E10	1.34107152642548E-03	1E-30	1.45620849441789E-11	6.79142037608503E-02	1E-30	4.02563615726568E-11	2.04149792955697E-02	1E-30	2.85911958165168E-10	1.15716732634041E-02	7.02767831649415E-05	3.80946746198535E-11	1.93144976455665E-03	1.87425986039186E-05	7.52306297221765E-11	3.64628974208564E-03	1.42153795890194E-11	4.55457679333169E-11	9.9797903385637	1E10	1E-30	1E-10	1E10	1E-30	1E-10	1E10	1E-30	1E-10	1E10	1E-30	1E-10
77	1.6018758438308E-05	1E10	2272727.27272727	1E-30	3.89045144994281E-11	1E10	1E-30	1E10	1.99519570210451E-03	5.95487338729229E-04	1E10	7.3192132585919	7.20483022023431E-04	1E10	0.695983648048561	6.35991320169117E-04	1E10	8.36669212019722E-02	6.77441353200903E-04	1E10	8.96894973365446E-03	4.85621943901439E-04	1E10	2.44008152931014E-03	1E-30	2.0311956214746E-11	5.22954724362135E-02	1E-30	5.04129341453153E-11	1.68801842417754E-02	1E-30	4.25869206310163E-10	1.13182703593684E-02	7.07179645515209E-05	5.07763526590217E-11	2.4045462940939E-03	4.93006676795258E-05	3.97378206648047E-11	2.49963794431957E-03	1.25078515391416E-11	5.9454665663155E-11	7.30876481530608	9.48078831732194E-12	3.47054883543281E-11	9.03867972385978	2.41135219158066E-12	1.02986297598738E-10	1E5	1E10	1E-30	1E-10	1E10	1E-30	1E-10
78	1.6018758438308E-05	1E10	2272727.27272727	1E-30	3.89045144994281E-11	1E10	1E-30	1E10	1.99519570210451E-03	5.95487338729229E-04	1E10	7.3192132585919	7.20483022023431E-04	1E10	0.695983648048561	6.35991320169117E-04	1E10	8.36669212019722E-02	6.77441353200903E-04	1E10	8.96894973365446E-03	4.85621943901439E-04	1E10	2.44008152931014E-03	1E-30	2.0311956214746E-11	5.22954724362135E-02	1E-30	5.04129341453153E-11	1.68801842417754E-02	1E-30	4.25869206310163E-10	1.13182703593684E-02	7.07179645515209E-05	5.07763526590217E-11	2.4045462940939E-03	4.93006676795258E-05	3.97378206648047E-11	2.49963794431957E-03	1.25078515391416E-11	5.9454665663155E-11	7.30876481530608	9.48078831732194E-12	3.47054883543281E-11	9.03867972385978	2.41135219158066E-12	1.02986297598738E-10	1E5	1E10	1E-30	1E-10	1E10	1E-30	1E-10
END DSCRDATA
