BEGIN DSCRDATA
% INDEX	K01	L01	M01	K02	L02	M02	K03	L03	M03	K04	L04	M04	K05	L05	M05	K06	L06	M06	K07	L07	M07	K08	L08	M08	K09	L09	M09	K10	L10	M10	K11	L11	M11	K12	L12	M12	K13	L13	M13	K14	L14	M14	K15	L15	M15	K16	L16	M16	K17	L17	M17	K18	L18	M18
0	0	0	0	0	0	0	0	0	0	0	0	0	0	0	0	0	0	0	0	0	0	0	0	0	0	0	0	0	0	0	0	0	0	0	0	0	0	0	0	0	0	0	0	0	0	0	0	0	0	0	0	0	0	0
1	7.96138289396718E-08	1E10	5E8	1E-30	5.18489655403907E-11	1E10	1E-30	1E10	1.36077971711475E-02	1.69618420204959E-06	1E10	2345.77917450799	2.88511763757086E-06	1E10	186.331863073991	2.06655300453857E-06	1E10	40.76496993523	1.60785882315656E-06	1E10	5.19484050883749	2.43771827176072E-06	1E10	0.531686181330017	1.94210587496858E-06	1E10	0.186404864900214	1.44606904429683E-06	1E10	0.069278919655068	9.27291042097616E-07	1E10	2.11657695322976E-02	1E-30	2.42516802420916E-11	5.83177080070635E-02	1E-30	2.55436791780413E-12	2.40743504554168E-02	1.53959716790959E-07	6.8480947943253E-12	1.93661706775624E-02	5.42916546837547E-08	6.39999532609527E-12	2.63235010258693E-02	1.12796889661536E-11	1.77699503250117E-11	3.98107170553497	1E10	1E-30	1E-10	1E10	1E-30	1E-10
2	7.96138289396718E-08	1E10	5E8	1E-30	5.18489655403907E-11	1E10	1E-30	1E10	1.36077971711475E-02	1.69618420204959E-06	1E10	2345.77917450799	2.88511763757086E-06	1E10	186.331863073991	2.06655300453857E-06	1E10	40.76496993523	1.60785882315656E-06	1E10	5.19484050883749	2.43771827176072E-06	1E10	0.531686181330017	1.94210587496858E-06	1E10	0.186404864900214	1.44606904429683E-06	1E10	0.069278919655068	9.27291042097616E-07	1E10	2.11657695322976E-02	1E-30	2.42516802420916E-11	5.83177080070635E-02	1E-30	2.55436791780413E-12	2.40743504554168E-02	1.53959716790959E-07	6.8480947943253E-12	1.93661706775624E-02	5.42916546837547E-08	6.39999532609527E-12	2.63235010258693E-02	1.12796889661536E-11	1.77699503250117E-11	3.98107170553497	1E10	1E-30	1E-10	1E10	1E-30	1E-10
3	1.5803447865722E-07	1E10	227272727.272727	1E-30	4E-11	1E10	1E-30	1E10	9.83222596640774E-03	3.3950012311825E-06	1E10	1010.4800041453	6.25061756726074E-06	1E10	86.0057968370958	4.31916019751121E-06	1E10	22.621829453807	3.31341187233667E-06	1E10	3.64371757681354	2.6566177125109E-06	1E10	0.449151679256911	2.78548309195528E-06	1E10	4.04304302792104E-02	2.26559059194701E-06	1E10	1.19176266986444E-02	1E-30	1.09764494008722E-11	3.73095190358986E-02	1E-30	2.5152239083464E-11	2.60482476473238E-02	3.0661297838936E-07	8.65066968720016E-12	1.48599409634989E-02	1.12131263878531E-07	8.82416419633929E-12	2.12088692155007E-02	2.15E-11	1.3E-11	1E5	1.80886601239153E-11	9.43989599551881E-12	0.590558630938696	1E10	1E-30	1E-10	1E10	1E-30	1E-10
4	4.60272613479296E-07	1E10	106382978.723404	1E-30	2.89310212414154E-11	1E10	1E-30	1E10	4.23584090672915E-03	1.44216511747229E-05	1E10	275.895840850127	2.58167660336424E-05	1E10	22.4256558725737	2.35168115031049E-05	1E10	4.47450660510068	2.89109194117142E-05	1E10	0.550501147422549	3.44667180343312E-05	1E10	0.050206301352723	2.79019108548193E-05	1E10	1.15911411243998E-02	1E-30	1.80305551697425E-11	4.49380966647173	1E-30	5.28420503799651E-12	3.87352460306747E-02	1E-30	4.34363100276391E-11	3.11906725672867E-02	1.02094087950425E-06	1.17430600394697E-11	8.85741248626345E-03	3.57397550605912E-07	1.2599872914078E-11	1.31945560610108E-02	2.7E-11	1E-11	7	1E10	1E-30	1E-10	1E10	1E-30	1E-10	1E10	1E-30	1E-10
5	8.35585806806735E-07	1E10	5E7	1E-30	5.07975979425916E-11	1E10	1E-30	1E10	3.65451224208887E-03	2.18987630071406E-05	1E10	242.258650317371	5.75375564365323E-05	1E10	17.6511094191276	3.7032014923304E-05	1E10	4.74088835101667	4.16028909152052E-05	1E10	0.612324326671048	4.33649232219755E-05	1E10	7.58301307783653E-02	4.27971783485037E-05	1E10	9.80403276515496E-03	1E-30	1.0837858226153E-11	5.22290083839329E-02	1E-30	6.77021916902375E-11	2.26518105127158E-02	2.7252714372134E-06	1.01914006096041E-11	6.28764762504935E-03	1.12441154972818E-06	1.03337495003829E-11	8.74458565284051E-03	5.2128954343809E-11	4.51154966103328E-12	0.213649080818606	1E10	1E-30	1E-10	1E10	1E-30	1E-10	1E10	1E-30	1E-10	1E10	1E-30	1E-10
6	8.44073607978214E-07	1E10	5E7	1E-30	4.38625137454548E-11	1E10	1E-30	1E10	3.44128418927376E-03	3.14838092127299E-05	1E10	56.2356323911684	3.53590812373731E-05	1E10	5.8595474966411	3.52228156244384E-05	1E10	0.704381824376517	3.79304506646417E-05	1E10	6.63019115576039E-02	5.08896029542798E-05	1E10	6.77400557812599E-03	1E-30	8.74631017066349E-12	0.46711484422896	1E-30	8.43456195992484E-12	0.042008440775208	1E-30	5.37018744176571E-11	2.23123571657095E-02	1.88980507321382E-06	1.32912247018075E-11	7.05671937803622E-03	7.86967686250571E-07	1.27925932499662E-11	8.91383057106547E-03	1E10	1E-30	1E-10	1E10	1E-30	1E-10	1E10	1E-30	1E-10	1E10	1E-30	1E-10	1E10	1E-30	1E-10
END DSCRDATA
