BEGIN DSCRDATA
% INDEX	K01	L01	M01	K02	L02	M02	K03	L03	M03	K04	L04	M04	K05	L05	M05	K06	L06	M06	K07	L07	M07	K08	L08	M08	K09	L09	M09	K10	L10	M10	K11	L11	M11	K12	L12	M12	K13	L13	M13	K14	L14	M14	K15	L15	M15	K16	L16	M16
0	0	0	0	0	0	0	0	0	0	0	0	0	0	0	0	0	0	0	0	0	0	0	0	0	0	0	0	0	0	0	0	0	0	0	0	0	0	0	0	0	0	0	0	0	0	0	0	0
1	2.31E-15	1E-30	1E-10	1E10	2.56E-9	0.0492	1E10	1E-30	1630	1E10	8.11E-8	344	1E10	2.44E-8	18	1E10	1E-9	0.0251	6.69E-8	1.85E-15	252	6.24E-10	4.71E-15	58	1E-30	1E10	1E10	1E-30	1E10	1E10	1E-30	1E10	1E10	1E-30	1E10	1E10	1E-30	1E10	1E10	1E-30	1E10	1E10	1E-30	1E10	1E10	1E-30	1E10	1E10
2	2.31E-15	1E-30	1E-10	1E10	2.56E-9	0.0492	1E10	1E-30	1630	1E10	8.11E-8	344	1E10	2.44E-8	18	1E10	1E-9	0.0251	6.69E-8	1.85E-15	252	6.24E-10	4.71E-15	58	1E-30	1E10	1E10	1E-30	1E10	1E10	1E-30	1E10	1E10	1E-30	1E10	1E10	1E-30	1E10	1E10	1E-30	1E10	1E10	1E-30	1E10	1E10	1E-30	1E10	1E10
3	2.31E-15	1E-30	1E-10	1E10	2.56E-9	0.0492	1E10	1E-30	1630	1E10	8.11E-8	344	1E10	2.44E-8	18	1E10	1E-9	0.0251	6.69E-8	1.85E-15	252	6.24E-10	4.71E-15	58	1E-30	1E10	1E10	1E-30	1E10	1E10	1E-30	1E10	1E10	1E-30	1E10	1E10	1E-30	1E10	1E10	1E-30	1E10	1E10	1E-30	1E10	1E10	1E-30	1E10	1E10
4	2.59E-15	1E-30	1E-10	1E10	1.62E-8	0.0492	1E10	1E-30	1560	1E10	5.88E-8	249	1E10	1.43E-8	10.6	1E10	8.71E-10	0.0148	8.82E-8	1.47E-15	325	1.8E-9	1.36E-14	58	1E-30	1E10	1E10	1E-30	1E10	1E10	1E-30	1E10	1E10	1E-30	1E10	1E10	1E-30	1E10	1E10	1E-30	1E10	1E10	1E-30	1E10	1E10	1E-30	1E10	1E10
5	2.59E-15	1E-30	1E-10	1E10	1.62E-8	0.0492	1E10	1E-30	1560	1E10	5.88E-8	249	1E10	1.43E-8	10.6	1E10	8.71E-10	0.0148	8.82E-8	1.47E-15	325	1.8E-9	1.36E-14	58	1E-30	1E10	1E10	1E-30	1E10	1E10	1E-30	1E10	1E10	1E-30	1E10	1E10	1E-30	1E10	1E10	1E-30	1E10	1E10	1E-30	1E10	1E10	1E-30	1E10	1E10
6	2.59E-15	1E-30	1E-10	1E10	1.62E-8	0.0492	1E10	1E-30	1560	1E10	5.88E-8	249	1E10	1.43E-8	10.6	1E10	8.71E-10	0.0148	8.82E-8	1.47E-15	325	1.8E-9	1.36E-14	58	1E-30	1E10	1E10	1E-30	1E10	1E10	1E-30	1E10	1E10	1E-30	1E10	1E10	1E-30	1E10	1E10	1E-30	1E10	1E10	1E-30	1E10	1E10	1E-30	1E10	1E10
7	2.59E-15	1E-30	1E-10	1E10	1.34E-8	0.0492	1E10	1E-30	1600	1E10	7.93E-8	238	1E10	1.5E-8	11.1	1E10	1E-9	0.0281	8.23E-8	1.5E-15	310	1.8E-9	1.36E-14	58	1E-30	1E10	1E10	1E-30	1E10	1E10	1E-30	1E10	1E10	1E-30	1E10	1E10	1E-30	1E10	1E10	1E-30	1E10	1E10	1E-30	1E10	1E10	1E-30	1E10	1E10
8	2.59E-15	1E-30	1E-10	1E10	1.34E-8	0.0492	1E10	1E-30	1600	1E10	7.93E-8	238	1E10	1.5E-8	11.1	1E10	1E-9	0.0281	8.23E-8	1.5E-15	310	1.8E-9	1.36E-14	58	1E-30	1E10	1E10	1E-30	1E10	1E10	1E-30	1E10	1E10	1E-30	1E10	1E10	1E-30	1E10	1E10	1E-30	1E10	1E10	1E-30	1E10	1E10	1E-30	1E10	1E10
9	2.59E-15	1E-30	1E-10	1E10	1.34E-8	0.0492	1E10	1E-30	1600	1E10	7.93E-8	238	1E10	1.5E-8	11.1	1E10	1E-9	0.0281	8.23E-8	1.5E-15	310	1.8E-9	1.36E-14	58	1E-30	1E10	1E10	1E-30	1E10	1E10	1E-30	1E10	1E10	1E-30	1E10	1E10	1E-30	1E10	1E10	1E-30	1E10	1E10	1E-30	1E10	1E10	1E-30	1E10	1E10
10	2.59E-15	1E-30	1E-10	1E10	1.34E-8	0.0492	1E10	1E-30	1600	1E10	7.93E-8	238	1E10	1.5E-8	11.1	1E10	1E-9	0.0281	8.23E-8	1.5E-15	310	1.8E-9	1.36E-14	58	1E-30	1E10	1E10	1E-30	1E10	1E10	1E-30	1E10	1E10	1E-30	1E10	1E10	1E-30	1E10	1E10	1E-30	1E10	1E10	1E-30	1E10	1E10	1E-30	1E10	1E10
11	2.59E-15	1E-30	1E-10	1E10	1.34E-8	0.0492	1E10	1E-30	1600	1E10	7.93E-8	238	1E10	1.5E-8	11.1	1E10	1E-9	0.0281	8.23E-8	1.5E-15	310	1.8E-9	1.36E-14	58	1E-30	1E10	1E10	1E-30	1E10	1E10	1E-30	1E10	1E10	1E-30	1E10	1E10	1E-30	1E10	1E10	1E-30	1E10	1E10	1E-30	1E10	1E10	1E-30	1E10	1E10
12	2.59E-15	1E-30	1E-10	1E10	1.34E-8	0.0492	1E10	1E-30	1600	1E10	7.93E-8	238	1E10	1.5E-8	11.1	1E10	1E-9	0.0281	8.23E-8	1.5E-15	310	1.8E-9	1.36E-14	58	1E-30	1E10	1E10	1E-30	1E10	1E10	1E-30	1E10	1E10	1E-30	1E10	1E10	1E-30	1E10	1E10	1E-30	1E10	1E10	1E-30	1E10	1E10	1E-30	1E10	1E10
13	2.59E-15	1E-30	1E-10	1E10	1.73E-9	0.0143	1E10	1E-30	2150	1E10	3.54E-8	128	1E10	1.5E-8	6.11	1E10	3.09E-9	0.0288	8.23E-8	1.5E-15	310	1.8E-9	1.36E-14	58	1E-30	1E10	1E10	1E-30	1E10	1E10	1E-30	1E10	1E10	1E-30	1E10	1E10	1E-30	1E10	1E10	1E-30	1E10	1E10	1E-30	1E10	1E10	1E-30	1E10	1E10
14	2.59E-15	1E-30	1E-10	1E10	1.73E-9	0.0143	1E10	1E-30	2150	1E10	3.54E-8	128	1E10	1.5E-8	6.11	1E10	3.09E-9	0.0288	8.23E-8	1.5E-15	310	1.8E-9	1.36E-14	58	1E-30	1E10	1E10	1E-30	1E10	1E10	1E-30	1E10	1E10	1E-30	1E10	1E10	1E-30	1E10	1E10	1E-30	1E10	1E10	1E-30	1E10	1E10	1E-30	1E10	1E10
15	2.59E-15	1E-30	1E-10	1E10	1.73E-9	0.0143	1E10	1E-30	2150	1E10	3.54E-8	128	1E10	1.5E-8	6.11	1E10	3.09E-9	0.0288	8.23E-8	1.5E-15	310	1.8E-9	1.36E-14	58	1E-30	1E10	1E10	1E-30	1E10	1E10	1E-30	1E10	1E10	1E-30	1E10	1E10	1E-30	1E10	1E10	1E-30	1E10	1E10	1E-30	1E10	1E10	1E-30	1E10	1E10
16	2.59E-15	1E-30	1E-10	1E10	4.99E-9	0.0122	1E10	1E-30	2360	1E10	5.12E-8	143	1E10	1.5E-8	4.13	1E10	2.14E-9	0.0524	8.23E-8	1.5E-15	310	7.51E-10	3.41E-14	4.5E-4	1E-30	1E10	1E10	1E-30	1E10	1E10	1E-30	1E10	1E10	1E-30	1E10	1E10	1E-30	1E10	1E10	1E-30	1E10	1E10	1E-30	1E10	1E10	1E-30	1E10	1E10
17	2.59E-15	1E-30	1E-10	1E10	4.99E-9	0.0122	1E10	1E-30	2360	1E10	5.12E-8	143	1E10	1.5E-8	4.13	1E10	2.14E-9	0.0524	8.23E-8	1.5E-15	310	7.51E-10	3.41E-14	4.5E-4	1E-30	1E10	1E10	1E-30	1E10	1E10	1E-30	1E10	1E10	1E-30	1E10	1E10	1E-30	1E10	1E10	1E-30	1E10	1E10	1E-30	1E10	1E10	1E-30	1E10	1E10
18	2.59E-15	1E-30	1E-10	1E10	4.99E-9	0.0122	1E10	1E-30	2360	1E10	5.12E-8	143	1E10	1.5E-8	4.13	1E10	2.14E-9	0.0524	8.23E-8	1.5E-15	310	7.51E-10	3.41E-14	4.5E-4	1E-30	1E10	1E10	1E-30	1E10	1E10	1E-30	1E10	1E10	1E-30	1E10	1E10	1E-30	1E10	1E10	1E-30	1E10	1E10	1E-30	1E10	1E10	1E-30	1E10	1E10
19	2.59E-15	1E-30	1E-10	1E10	4.35E-9	0.022	1E10	1E-30	2710	1E10	6.01E-8	168	1E10	2.17E-8	7.01	1E10	2.69E-9	0.0416	8.23E-8	1.5E-15	310	7E-10	3.19E-14	4.5E-4	1E-30	1E10	1E10	1E-30	1E10	1E10	1E-30	1E10	1E10	1E-30	1E10	1E10	1E-30	1E10	1E10	1E-30	1E10	1E10	1E-30	1E10	1E10	1E-30	1E10	1E10
20	2.59E-15	1E-30	1E-10	1E10	4.35E-9	0.022	1E10	1E-30	2710	1E10	6.01E-8	168	1E10	2.17E-8	7.01	1E10	2.69E-9	0.0416	8.23E-8	1.5E-15	310	7E-10	3.19E-14	4.5E-4	1E-30	1E10	1E10	1E-30	1E10	1E10	1E-30	1E10	1E10	1E-30	1E10	1E10	1E-30	1E10	1E10	1E-30	1E10	1E10	1E-30	1E10	1E10	1E-30	1E10	1E10
21	2.59E-15	1E-30	1E-10	1E10	4.35E-9	0.022	1E10	1E-30	2710	1E10	6.01E-8	168	1E10	2.17E-8	7.01	1E10	2.69E-9	0.0416	8.23E-8	1.5E-15	310	7E-10	3.19E-14	4.5E-4	1E-30	1E10	1E10	1E-30	1E10	1E10	1E-30	1E10	1E10	1E-30	1E10	1E10	1E-30	1E10	1E10	1E-30	1E10	1E10	1E-30	1E10	1E10	1E-30	1E10	1E10
22	2.31E-14	1E-30	1E-10	1E10	1.12E-8	0.0458	1E10	1E-30	2980	1E10	1.54E-7	598	1E10	4.23E-8	41.4	1E10	2.14E-9	0.063	1.21E-15	1.05E-10	9.77	1.39E-14	3.2E-9	1.92E-6	1E-30	1E10	1E10	1E-30	1E10	1E10	1E-30	1E10	1E10	1E-30	1E10	1E10	1E-30	1E10	1E10	1E-30	1E10	1E10	1E-30	1E10	1E10	1E-30	1E10	1E10
23	2.31E-14	1E-30	1E-10	1E10	1.12E-8	0.0458	1E10	1E-30	2980	1E10	1.54E-7	598	1E10	4.23E-8	41.4	1E10	2.14E-9	0.063	1.21E-15	1.05E-10	9.77	1.39E-14	3.2E-9	1.92E-6	1E-30	1E10	1E10	1E-30	1E10	1E10	1E-30	1E10	1E10	1E-30	1E10	1E10	1E-30	1E10	1E10	1E-30	1E10	1E10	1E-30	1E10	1E10	1E-30	1E10	1E10
24	2.31E-14	1E-30	1E-10	1E10	1.12E-8	0.0458	1E10	1E-30	2980	1E10	1.54E-7	598	1E10	4.23E-8	41.4	1E10	2.14E-9	0.063	1.21E-15	1.05E-10	9.77	1.39E-14	3.2E-9	1.92E-6	1E-30	1E10	1E10	1E-30	1E10	1E10	1E-30	1E10	1E10	1E-30	1E10	1E10	1E-30	1E10	1E10	1E-30	1E10	1E10	1E-30	1E10	1E10	1E-30	1E10	1E10
25	2.06E-14	1E-30	1E-10	1E10	2.5E-8	0.0458	1E10	1E-30	3340	1E10	1.02E-7	464	1E10	4.75E-8	38.6	1E10	2.14E-9	0.063	1.01E-14	8.7E-10	9.77	1.49E-14	3.43E-9	1.92E-6	1E-30	1E10	1E10	1E-30	1E10	1E10	1E-30	1E10	1E10	1E-30	1E10	1E10	1E-30	1E10	1E10	1E-30	1E10	1E10	1E-30	1E10	1E10	1E-30	1E10	1E10
26	2.06E-14	1E-30	1E-10	1E10	2.5E-8	0.0458	1E10	1E-30	3340	1E10	1.02E-7	464	1E10	4.75E-8	38.6	1E10	2.14E-9	0.063	1.01E-14	8.7E-10	9.77	1.49E-14	3.43E-9	1.92E-6	1E-30	1E10	1E10	1E-30	1E10	1E10	1E-30	1E10	1E10	1E-30	1E10	1E10	1E-30	1E10	1E10	1E-30	1E10	1E10	1E-30	1E10	1E10	1E-30	1E10	1E10
27	2.06E-14	1E-30	1E-10	1E10	2.5E-8	0.0458	1E10	1E-30	3340	1E10	1.02E-7	464	1E10	4.75E-8	38.6	1E10	2.14E-9	0.063	1.01E-14	8.7E-10	9.77	1.49E-14	3.43E-9	1.92E-6	1E-30	1E10	1E10	1E-30	1E10	1E10	1E-30	1E10	1E10	1E-30	1E10	1E10	1E-30	1E10	1E10	1E-30	1E10	1E10	1E-30	1E10	1E10	1E-30	1E10	1E10
28	1.64E-14	1E-30	1E-10	1E10	7.2E-9	0.0238	1E10	1E-30	3830	1E10	9.54E-8	423	1E10	4.04E-8	27.3	1E10	3.16E-9	0.066	1.97E-14	4.46E-10	5.01	1.49E-14	3.43E-9	1.92E-6	1E-30	1E10	1E10	1E-30	1E10	1E10	1E-30	1E10	1E10	1E-30	1E10	1E10	1E-30	1E10	1E10	1E-30	1E10	1E10	1E-30	1E10	1E10	1E-30	1E10	1E10
29	1.64E-14	1E-30	1E-10	1E10	7.2E-9	0.0238	1E10	1E-30	3830	1E10	9.54E-8	423	1E10	4.04E-8	27.3	1E10	3.16E-9	0.066	1.97E-14	4.46E-10	5.01	1.49E-14	3.43E-9	1.92E-6	1E-30	1E10	1E10	1E-30	1E10	1E10	1E-30	1E10	1E10	1E-30	1E10	1E10	1E-30	1E10	1E10	1E-30	1E10	1E10	1E-30	1E10	1E10	1E-30	1E10	1E10
30	1.64E-14	1E-30	1E-10	1E10	7.2E-9	0.0238	1E10	1E-30	3830	1E10	9.54E-8	423	1E10	4.04E-8	27.3	1E10	3.16E-9	0.066	1.97E-14	4.46E-10	5.01	1.49E-14	3.43E-9	1.92E-6	1E-30	1E10	1E10	1E-30	1E10	1E10	1E-30	1E10	1E10	1E-30	1E10	1E10	1E-30	1E10	1E10	1E-30	1E10	1E10	1E-30	1E10	1E10	1E-30	1E10	1E10
31	4.31E-17	1E-30	1E-10	1E10	1.47E-8	0.0238	1E10	1E-30	4200	1E10	9.32E-8	395	1E10	4.86E-8	30.6	1E10	3.02E-9	0.063	1.81E-15	6.54E-8	418	4.03E-14	9.1E-10	5.01	1.96E-14	2.85E-9	19.2	1E-30	1E10	1E10	1E-30	1E10	1E10	1E-30	1E10	1E10	1E-30	1E10	1E10	1E-30	1E10	1E10	1E-30	1E10	1E10	1E-30	1E10	1E10
32	4.31E-17	1E-30	1E-10	1E10	1.47E-8	0.0238	1E10	1E-30	4200	1E10	9.32E-8	395	1E10	4.86E-8	30.6	1E10	3.02E-9	0.063	1.81E-15	6.54E-8	418	4.03E-14	9.1E-10	5.01	1.96E-14	2.85E-9	19.2	1E-30	1E10	1E10	1E-30	1E10	1E10	1E-30	1E10	1E10	1E-30	1E10	1E10	1E-30	1E10	1E10	1E-30	1E10	1E10	1E-30	1E10	1E10
33	4.31E-17	1E-30	1E-10	1E10	1.47E-8	0.0238	1E10	1E-30	4200	1E10	9.32E-8	395	1E10	4.86E-8	30.6	1E10	3.02E-9	0.063	1.81E-15	6.54E-8	418	4.03E-14	9.1E-10	5.01	1.96E-14	2.85E-9	19.2	1E-30	1E10	1E10	1E-30	1E10	1E10	1E-30	1E10	1E10	1E-30	1E10	1E10	1E-30	1E10	1E10	1E-30	1E10	1E10	1E-30	1E10	1E10
34	3.42E-17	1E-30	1E-10	1E10	2.62E-8	0.0344	1E10	1E-30	4200	1E10	1.07E-7	395	1E10	5.45E-8	30.6	1E10	3.09E-9	0.0588	1.81E-15	6.54E-8	418	4.03E-14	9.1E-10	5.01	1.96E-14	2.85E-9	19.2	1E-30	1E10	1E10	1E-30	1E10	1E10	1E-30	1E10	1E10	1E-30	1E10	1E10	1E-30	1E10	1E10	1E-30	1E10	1E10	1E-30	1E10	1E10
35	3.42E-17	1E-30	1E-10	1E10	2.62E-8	0.0344	1E10	1E-30	4200	1E10	1.07E-7	395	1E10	5.45E-8	30.6	1E10	3.09E-9	0.0588	1.81E-15	6.54E-8	418	4.03E-14	9.1E-10	5.01	1.96E-14	2.85E-9	19.2	1E-30	1E10	1E10	1E-30	1E10	1E10	1E-30	1E10	1E10	1E-30	1E10	1E10	1E-30	1E10	1E10	1E-30	1E10	1E10	1E-30	1E10	1E10
36	3.42E-17	1E-30	1E-10	1E10	2.62E-8	0.0344	1E10	1E-30	4200	1E10	1.07E-7	395	1E10	5.45E-8	30.6	1E10	3.09E-9	0.0588	1.81E-15	6.54E-8	418	4.03E-14	9.1E-10	5.01	1.96E-14	2.85E-9	19.2	1E-30	1E10	1E10	1E-30	1E10	1E10	1E-30	1E10	1E10	1E-30	1E10	1E10	1E-30	1E10	1E10	1E-30	1E10	1E10	1E-30	1E10	1E10
37	6.36E-15	1E-30	1E-10	1E10	3.3E-8	0.0492	1E10	1E-30	5050	1E10	1.07E-7	360	1E10	5.71E-8	30.6	1E10	3.39E-9	0.0588	3E-15	3.94E-8	252	4.42E-14	9.98E-10	5.01	2.01E-14	2.92E-9	19.2	1E-30	1E10	1E10	1E-30	1E10	1E10	1E-30	1E10	1E10	1E-30	1E10	1E10	1E-30	1E10	1E10	1E-30	1E10	1E10	1E-30	1E10	1E10
38	6.36E-15	1E-30	1E-10	1E10	3.3E-8	0.0492	1E10	1E-30	5050	1E10	1.07E-7	360	1E10	5.71E-8	30.6	1E10	3.39E-9	0.0588	3E-15	3.94E-8	252	4.42E-14	9.98E-10	5.01	2.01E-14	2.92E-9	19.2	1E-30	1E10	1E10	1E-30	1E10	1E10	1E-30	1E10	1E10	1E-30	1E10	1E10	1E-30	1E10	1E10	1E-30	1E10	1E10	1E-30	1E10	1E10
39	6.36E-15	1E-30	1E-10	1E10	3.3E-8	0.0492	1E10	1E-30	5050	1E10	1.07E-7	360	1E10	5.71E-8	30.6	1E10	3.39E-9	0.0588	3E-15	3.94E-8	252	4.42E-14	9.98E-10	5.01	2.01E-14	2.92E-9	19.2	1E-30	1E10	1E10	1E-30	1E10	1E10	1E-30	1E10	1E10	1E-30	1E10	1E10	1E-30	1E10	1E10	1E-30	1E10	1E10	1E-30	1E10	1E10
40	2.59E-15	1E-30	1E-10	1E10	2.39E-7	0.0492	1E10	1E-30	5050	1E10	1.12E-7	377	1E10	6.26E-8	30.6	1E10	3.39E-9	0.085	3E-15	3.94E-8	252	4.42E-14	9.98E-10	5.01	2.01E-14	2.92E-9	19.2	1E-30	1E10	1E10	1E-30	1E10	1E10	1E-30	1E10	1E10	1E-30	1E10	1E10	1E-30	1E10	1E10	1E-30	1E10	1E10	1E-30	1E10	1E10
41	2.59E-15	1E-30	1E-10	1E10	2.39E-7	0.0492	1E10	1E-30	5050	1E10	1.12E-7	377	1E10	6.26E-8	30.6	1E10	3.39E-9	0.085	3E-15	3.94E-8	252	4.42E-14	9.98E-10	5.01	2.01E-14	2.92E-9	19.2	1E-30	1E10	1E10	1E-30	1E10	1E10	1E-30	1E10	1E10	1E-30	1E10	1E10	1E-30	1E10	1E10	1E-30	1E10	1E10	1E-30	1E10	1E10
42	2.59E-15	1E-30	1E-10	1E10	2.39E-7	0.0492	1E10	1E-30	5050	1E10	1.12E-7	377	1E10	6.26E-8	30.6	1E10	3.39E-9	0.085	3E-15	3.94E-8	252	4.42E-14	9.98E-10	5.01	2.01E-14	2.92E-9	19.2	1E-30	1E10	1E10	1E-30	1E10	1E10	1E-30	1E10	1E10	1E-30	1E10	1E10	1E-30	1E10	1E10	1E-30	1E10	1E10	1E-30	1E10	1E10
43	1.21E-14	1E-30	1E-10	1E10	6E-9	0.0586	1E10	1E-30	5670	1E10	1.2E-7	377	1E10	7.36E-8	37.6	1E10	9.55E-9	0.251	3E-15	3.94E-8	252	5.31E-14	1.2E-9	5.01	2.01E-14	2.92E-9	19.2	1E-30	1E10	1E10	1E-30	1E10	1E10	1E-30	1E10	1E10	1E-30	1E10	1E10	1E-30	1E10	1E10	1E-30	1E10	1E10	1E-30	1E10	1E10
44	1.21E-14	1E-30	1E-10	1E10	6E-9	0.0586	1E10	1E-30	5670	1E10	1.2E-7	377	1E10	7.36E-8	37.6	1E10	9.55E-9	0.251	3E-15	3.94E-8	252	5.31E-14	1.2E-9	5.01	2.01E-14	2.92E-9	19.2	1E-30	1E10	1E10	1E-30	1E10	1E10	1E-30	1E10	1E10	1E-30	1E10	1E10	1E-30	1E10	1E10	1E-30	1E10	1E10	1E-30	1E10	1E10
45	1.21E-14	1E-30	1E-10	1E10	6E-9	0.0586	1E10	1E-30	5670	1E10	1.2E-7	377	1E10	7.36E-8	37.6	1E10	9.55E-9	0.251	3E-15	3.94E-8	252	5.31E-14	1.2E-9	5.01	2.01E-14	2.92E-9	19.2	1E-30	1E10	1E10	1E-30	1E10	1E10	1E-30	1E10	1E10	1E-30	1E10	1E10	1E-30	1E10	1E10	1E-30	1E10	1E10	1E-30	1E10	1E10
46	7.81E-15	1E-30	1E-10	1E10	8.87E-9	0.0586	1E10	1E-30	6080	1E10	1.35E-7	464	1E10	6.87E-8	35.9	1E10	7.76E-9	0.17	3E-15	3.94E-8	252	5.07E-14	1.09E-9	4.9	2.01E-14	2.92E-9	19.2	1E-30	1E10	1E10	1E-30	1E10	1E10	1E-30	1E10	1E10	1E-30	1E10	1E10	1E-30	1E10	1E10	1E-30	1E10	1E10	1E-30	1E10	1E10
47	7.81E-15	1E-30	1E-10	1E10	8.87E-9	0.0586	1E10	1E-30	6080	1E10	1.35E-7	464	1E10	6.87E-8	35.9	1E10	7.76E-9	0.17	3E-15	3.94E-8	252	5.07E-14	1.09E-9	4.9	2.01E-14	2.92E-9	19.2	1E-30	1E10	1E10	1E-30	1E10	1E10	1E-30	1E10	1E10	1E-30	1E10	1E10	1E-30	1E10	1E10	1E-30	1E10	1E10	1E-30	1E10	1E10
48	7.81E-15	1E-30	1E-10	1E10	8.87E-9	0.0586	1E10	1E-30	6080	1E10	1.35E-7	464	1E10	6.87E-8	35.9	1E10	7.76E-9	0.17	3E-15	3.94E-8	252	5.07E-14	1.09E-9	4.9	2.01E-14	2.92E-9	19.2	1E-30	1E10	1E10	1E-30	1E10	1E10	1E-30	1E10	1E10	1E-30	1E10	1E10	1E-30	1E10	1E10	1E-30	1E10	1E10	1E-30	1E10	1E10
49	1.79E-14	1E-30	1E-10	1E10	5.6E-8	0.0457	1E10	1E-30	6670	1E10	1.38E-7	475	1E10	8.26E-8	43.2	1E10	5.01E-9	0.0892	3E-15	3.94E-8	252	5.07E-14	1.09E-9	4.9	2.36E-14	2.6E-9	16.7	1E-30	1E10	1E10	1E-30	1E10	1E10	1E-30	1E10	1E10	1E-30	1E10	1E10	1E-30	1E10	1E10	1E-30	1E10	1E10	1E-30	1E10	1E10
50	1.79E-14	1E-30	1E-10	1E10	5.6E-8	0.0457	1E10	1E-30	6670	1E10	1.38E-7	475	1E10	8.26E-8	43.2	1E10	5.01E-9	0.0892	3E-15	3.94E-8	252	5.07E-14	1.09E-9	4.9	2.36E-14	2.6E-9	16.7	1E-30	1E10	1E10	1E-30	1E10	1E10	1E-30	1E10	1E10	1E-30	1E10	1E10	1E-30	1E10	1E10	1E-30	1E10	1E10	1E-30	1E10	1E10
51	1.79E-14	1E-30	1E-10	1E10	5.6E-8	0.0457	1E10	1E-30	6670	1E10	1.38E-7	475	1E10	8.26E-8	43.2	1E10	5.01E-9	0.0892	3E-15	3.94E-8	252	5.07E-14	1.09E-9	4.9	2.36E-14	2.6E-9	16.7	1E-30	1E10	1E10	1E-30	1E10	1E10	1E-30	1E10	1E10	1E-30	1E10	1E10	1E-30	1E10	1E10	1E-30	1E10	1E10	1E-30	1E10	1E10
52	1.63E-14	1E-30	1E-10	1E10	5.6E-7	0.0457	1E10	1E-30	6830	1E10	1.62E-7	558	1E10	8.65E-8	45.2	1E10	5.01E-9	0.0892	3E-15	3.94E-8	252	4.84E-14	1.04E-9	4.9	2.36E-14	2.6E-9	16.7	1E-30	1E10	1E10	1E-30	1E10	1E10	1E-30	1E10	1E10	1E-30	1E10	1E10	1E-30	1E10	1E10	1E-30	1E10	1E10	1E-30	1E10	1E10
53	1.63E-14	1E-30	1E-10	1E10	5.6E-7	0.0457	1E10	1E-30	6830	1E10	1.62E-7	558	1E10	8.65E-8	45.2	1E10	5.01E-9	0.0892	3E-15	3.94E-8	252	4.84E-14	1.04E-9	4.9	2.36E-14	2.6E-9	16.7	1E-30	1E10	1E10	1E-30	1E10	1E10	1E-30	1E10	1E10	1E-30	1E10	1E10	1E-30	1E10	1E10	1E-30	1E10	1E10	1E-30	1E10	1E10
54	1.63E-14	1E-30	1E-10	1E10	5.6E-7	0.0457	1E10	1E-30	6830	1E10	1.62E-7	558	1E10	8.65E-8	45.2	1E10	5.01E-9	0.0892	3E-15	3.94E-8	252	4.84E-14	1.04E-9	4.9	2.36E-14	2.6E-9	16.7	1E-30	1E10	1E10	1E-30	1E10	1E10	1E-30	1E10	1E10	1E-30	1E10	1E10	1E-30	1E10	1E10	1E-30	1E10	1E10	1E-30	1E10	1E10
55	1.42E-14	1E-30	1E-10	1E10	2.56E-7	0.0457	1E10	1E-30	7320	1E10	1.9E-7	656	1E10	9.06E-8	47.3	1E10	5.49E-9	0.0978	3E-15	3.94E-8	252	5.19E-14	1.11E-9	4.9	2.36E-14	2.6E-9	16.7	1E-30	1E10	1E10	1E-30	1E10	1E10	1E-30	1E10	1E10	1E-30	1E10	1E10	1E-30	1E10	1E10	1E-30	1E10	1E10	1E-30	1E10	1E10
56	1.42E-14	1E-30	1E-10	1E10	2.56E-7	0.0457	1E10	1E-30	7320	1E10	1.9E-7	656	1E10	9.06E-8	47.3	1E10	5.49E-9	0.0978	3E-15	3.94E-8	252	5.19E-14	1.11E-9	4.9	2.36E-14	2.6E-9	16.7	1E-30	1E10	1E10	1E-30	1E10	1E10	1E-30	1E10	1E10	1E-30	1E10	1E10	1E-30	1E10	1E10	1E-30	1E10	1E10	1E-30	1E10	1E10
57	1.42E-14	1E-30	1E-10	1E10	2.56E-7	0.0457	1E10	1E-30	7320	1E10	1.9E-7	656	1E10	9.06E-8	47.3	1E10	5.49E-9	0.0978	3E-15	3.94E-8	252	5.19E-14	1.11E-9	4.9	2.36E-14	2.6E-9	16.7	1E-30	1E10	1E10	1E-30	1E10	1E10	1E-30	1E10	1E10	1E-30	1E10	1E10	1E-30	1E10	1E10	1E-30	1E10	1E10	1E-30	1E10	1E10
58	2.52E-14	1E-30	1E-10	1E10	1.69E-8	0.0586	1E10	1E-30	7470	1E10	1.77E-7	557	1E10	1.04E-7	48.5	1E10	9.55E-9	0.251	3E-15	3.94E-8	252	5.56E-14	1.26E-9	0.537	2.01E-14	2.92E-9	19.2	1E-30	1E10	1E10	1E-30	1E10	1E10	1E-30	1E10	1E10	1E-30	1E10	1E10	1E-30	1E10	1E10	1E-30	1E10	1E10	1E-30	1E10	1E10
59	2.52E-14	1E-30	1E-10	1E10	1.69E-8	0.0586	1E10	1E-30	7470	1E10	1.77E-7	557	1E10	1.04E-7	48.5	1E10	9.55E-9	0.251	3E-15	3.94E-8	252	5.56E-14	1.26E-9	0.537	2.01E-14	2.92E-9	19.2	1E-30	1E10	1E10	1E-30	1E10	1E10	1E-30	1E10	1E10	1E-30	1E10	1E10	1E-30	1E10	1E10	1E-30	1E10	1E10	1E-30	1E10	1E10
60	2.52E-14	1E-30	1E-10	1E10	1.69E-8	0.0586	1E10	1E-30	7470	1E10	1.77E-7	557	1E10	1.04E-7	48.5	1E10	9.55E-9	0.251	3E-15	3.94E-8	252	5.56E-14	1.26E-9	0.537	2.01E-14	2.92E-9	19.2	1E-30	1E10	1E10	1E-30	1E10	1E10	1E-30	1E10	1E10	1E-30	1E10	1E10	1E-30	1E10	1E10	1E-30	1E10	1E10	1E-30	1E10	1E10
61	2.25E-14	1E-30	1E-10	1E10	2.18E-8	0.0473	1E10	1E-30	7820	1E10	2.23E-7	751	1E10	1.02E-7	50.8	1E10	1E-8	0.209	3.44E-15	3.59E-8	225	5.56E-14	1.26E-9	0.537	2.01E-14	2.92E-9	19.2	1E-30	1E10	1E10	1E-30	1E10	1E10	1E-30	1E10	1E10	1E-30	1E10	1E10	1E-30	1E10	1E10	1E-30	1E10	1E10	1E-30	1E10	1E10
62	2.25E-14	1E-30	1E-10	1E10	2.18E-8	0.0473	1E10	1E-30	7820	1E10	2.23E-7	751	1E10	1.02E-7	50.8	1E10	1E-8	0.209	3.44E-15	3.59E-8	225	5.56E-14	1.26E-9	0.537	2.01E-14	2.92E-9	19.2	1E-30	1E10	1E10	1E-30	1E10	1E10	1E-30	1E10	1E10	1E-30	1E10	1E10	1E-30	1E10	1E10	1E-30	1E10	1E10	1E-30	1E10	1E10
63	2.25E-14	1E-30	1E-10	1E10	2.18E-8	0.0473	1E10	1E-30	7820	1E10	2.23E-7	751	1E10	1.02E-7	50.8	1E10	1E-8	0.209	3.44E-15	3.59E-8	225	5.56E-14	1.26E-9	0.537	2.01E-14	2.92E-9	19.2	1E-30	1E10	1E10	1E-30	1E10	1E10	1E-30	1E10	1E10	1E-30	1E10	1E10	1E-30	1E10	1E10	1E-30	1E10	1E10	1E-30	1E10	1E10
64	2.05E-14	1E-30	1E-10	1E10	4.06E-8	0.0879	1E10	1E-30	8570	1E10	2.44E-7	823	1E10	1.2E-7	59.7	1E10	9.13E-9	0.155	3.69E-15	3.85E-8	225	5.56E-14	1.26E-9	0.537	2.01E-14	2.92E-9	19.2	1E-30	1E10	1E10	1E-30	1E10	1E10	1E-30	1E10	1E10	1E-30	1E10	1E10	1E-30	1E10	1E10	1E-30	1E10	1E10	1E-30	1E10	1E10
65	2.05E-14	1E-30	1E-10	1E10	4.06E-8	0.0879	1E10	1E-30	8570	1E10	2.44E-7	823	1E10	1.2E-7	59.7	1E10	9.13E-9	0.155	3.69E-15	3.85E-8	225	5.56E-14	1.26E-9	0.537	2.01E-14	2.92E-9	19.2	1E-30	1E10	1E10	1E-30	1E10	1E10	1E-30	1E10	1E10	1E-30	1E10	1E10	1E-30	1E10	1E10	1E-30	1E10	1E10	1E-30	1E10	1E10
66	2.05E-14	1E-30	1E-10	1E10	4.06E-8	0.0879	1E10	1E-30	8570	1E10	2.44E-7	823	1E10	1.2E-7	59.7	1E10	9.13E-9	0.155	3.69E-15	3.85E-8	225	5.56E-14	1.26E-9	0.537	2.01E-14	2.92E-9	19.2	1E-30	1E10	1E10	1E-30	1E10	1E10	1E-30	1E10	1E10	1E-30	1E10	1E10	1E-30	1E10	1E10	1E-30	1E10	1E10	1E-30	1E10	1E10
67	2.46E-14	1E-30	1E-10	1E10	7.39E-8	0.138	1E10	1E-30	9180	1E10	2.56E-7	862	1E10	1.38E-7	68.5	1E10	9.13E-9	0.155	3.52E-15	3.68E-8	225	5.69E-14	1.29E-9	0.537	2.01E-14	2.92E-9	19.2	1E-30	1E10	1E10	1E-30	1E10	1E10	1E-30	1E10	1E10	1E-30	1E10	1E10	1E-30	1E10	1E10	1E-30	1E10	1E10	1E-30	1E10	1E10
68	2.46E-14	1E-30	1E-10	1E10	7.39E-8	0.138	1E10	1E-30	9180	1E10	2.56E-7	862	1E10	1.38E-7	68.5	1E10	9.13E-9	0.155	3.52E-15	3.68E-8	225	5.69E-14	1.29E-9	0.537	2.01E-14	2.92E-9	19.2	1E-30	1E10	1E10	1E-30	1E10	1E10	1E-30	1E10	1E10	1E-30	1E10	1E10	1E-30	1E10	1E10	1E-30	1E10	1E10	1E-30	1E10	1E10
69	2.46E-14	1E-30	1E-10	1E10	7.39E-8	0.138	1E10	1E-30	9180	1E10	2.56E-7	862	1E10	1.38E-7	68.5	1E10	9.13E-9	0.155	3.52E-15	3.68E-8	225	5.69E-14	1.29E-9	0.537	2.01E-14	2.92E-9	19.2	1E-30	1E10	1E10	1E-30	1E10	1E10	1E-30	1E10	1E10	1E-30	1E10	1E10	1E-30	1E10	1E10	1E-30	1E10	1E10	1E-30	1E10	1E10
70	2.35E-14	1E-30	1E-10	1E10	4.16E-6	0.138	1E10	1E-30	9610	1E10	3.22E-7	1090	1E10	1.35E-7	66.9	1E10	9.13E-9	0.155	4.04E-15	4.23E-8	225	6.1E-14	1.38E-9	0.537	2.01E-14	2.92E-9	19.2	1E-30	1E10	1E10	1E-30	1E10	1E10	1E-30	1E10	1E10	1E-30	1E10	1E10	1E-30	1E10	1E10	1E-30	1E10	1E10	1E-30	1E10	1E10
71	2.35E-14	1E-30	1E-10	1E10	4.16E-6	0.138	1E10	1E-30	9610	1E10	3.22E-7	1090	1E10	1.35E-7	66.9	1E10	9.13E-9	0.155	4.04E-15	4.23E-8	225	6.1E-14	1.38E-9	0.537	2.01E-14	2.92E-9	19.2	1E-30	1E10	1E10	1E-30	1E10	1E10	1E-30	1E10	1E10	1E-30	1E10	1E10	1E-30	1E10	1E10	1E-30	1E10	1E10	1E-30	1E10	1E10
72	2.35E-14	1E-30	1E-10	1E10	4.16E-6	0.138	1E10	1E-30	9610	1E10	3.22E-7	1090	1E10	1.35E-7	66.9	1E10	9.13E-9	0.155	4.04E-15	4.23E-8	225	6.1E-14	1.38E-9	0.537	2.01E-14	2.92E-9	19.2	1E-30	1E10	1E10	1E-30	1E10	1E10	1E-30	1E10	1E10	1E-30	1E10	1E10	1E-30	1E10	1E10	1E-30	1E10	1E10	1E-30	1E10	1E10
73	2.57E-14	1E-30	1E-10	1E10	4.2E-8	0.138	1E10	1E-30	10300	1E10	3.37E-7	1060	1E10	1.69E-7	73.4	1E10	1.35E-8	0.235	9.94E-15	1.8E-8	89.5	6.1E-14	1.38E-9	0.537	2.01E-14	2.92E-9	19.2	1E-30	1E10	1E10	1E-30	1E10	1E10	1E-30	1E10	1E10	1E-30	1E10	1E10	1E-30	1E10	1E10	1E-30	1E10	1E10	1E-30	1E10	1E10
74	2.57E-14	1E-30	1E-10	1E10	4.2E-8	0.138	1E10	1E-30	10300	1E10	3.37E-7	1060	1E10	1.69E-7	73.4	1E10	1.35E-8	0.235	9.94E-15	1.8E-8	89.5	6.1E-14	1.38E-9	0.537	2.01E-14	2.92E-9	19.2	1E-30	1E10	1E10	1E-30	1E10	1E10	1E-30	1E10	1E10	1E-30	1E10	1E10	1E-30	1E10	1E10	1E-30	1E10	1E10	1E-30	1E10	1E10
75	2.57E-14	1E-30	1E-10	1E10	4.2E-8	0.138	1E10	1E-30	10300	1E10	3.37E-7	1060	1E10	1.69E-7	73.4	1E10	1.35E-8	0.235	9.94E-15	1.8E-8	89.5	6.1E-14	1.38E-9	0.537	2.01E-14	2.92E-9	19.2	1E-30	1E10	1E10	1E-30	1E10	1E10	1E-30	1E10	1E10	1E-30	1E10	1E10	1E-30	1E10	1E10	1E-30	1E10	1E10	1E-30	1E10	1E10
76	1.32E-14	1E-30	1E-10	1E10	5.76E-8	0.104	1E10	1E-30	11100	1E10	3.45E-7	1170	1E10	1.28E-7	45.3	1E10	1.41E-8	0.21	1.65E-15	1.37E-7	152	7.86E-14	1.17E-9	2.57	1.96E-15	2.88E-8	104	2.1E-14	3.06E-9	19.2	1E-30	1E10	1E10	1E-30	1E10	1E10	1E-30	1E10	1E10	1E-30	1E10	1E10	1E-30	1E10	1E10	1E-30	1E10	1E10
77	1.32E-14	1E-30	1E-10	1E10	5.76E-8	0.104	1E10	1E-30	11100	1E10	3.45E-7	1170	1E10	1.28E-7	45.3	1E10	1.41E-8	0.21	1.65E-15	1.37E-7	152	7.86E-14	1.17E-9	2.57	1.96E-15	2.88E-8	104	2.1E-14	3.06E-9	19.2	1E-30	1E10	1E10	1E-30	1E10	1E10	1E-30	1E10	1E10	1E-30	1E10	1E10	1E-30	1E10	1E10	1E-30	1E10	1E10
78	1.32E-14	1E-30	1E-10	1E10	5.76E-8	0.104	1E10	1E-30	11100	1E10	3.45E-7	1170	1E10	1.28E-7	45.3	1E10	1.41E-8	0.21	1.65E-15	1.37E-7	152	7.86E-14	1.17E-9	2.57	1.96E-15	2.88E-8	104	2.1E-14	3.06E-9	19.2	1E-30	1E10	1E10	1E-30	1E10	1E10	1E-30	1E10	1E10	1E-30	1E10	1E10	1E-30	1E10	1E10	1E-30	1E10	1E10
79	1.55E-14	1E-30	1E-10	1E10	2.82E-8	5.92E-3	1E10	1E-30	11600	1E10	4.05E-7	1370	1E10	1.44E-7	53.2	1E10	2.19E-8	0.325	6.24E-8	3.78E-15	67.9	1.23E-9	8.23E-14	2.57	3.16E-8	2.15E-15	104	3.06E-9	2.1E-14	19.2	1E-30	1E10	1E10	1E-30	1E10	1E10	1E-30	1E10	1E10	1E-30	1E10	1E10	1E-30	1E10	1E10	1E-30	1E10	1E10
80	1.55E-14	1E-30	1E-10	1E10	2.82E-8	5.92E-3	1E10	1E-30	11600	1E10	4.05E-7	1370	1E10	1.44E-7	53.2	1E10	2.19E-8	0.325	6.24E-8	3.78E-15	67.9	1.23E-9	8.23E-14	2.57	3.16E-8	2.15E-15	104	3.06E-9	2.1E-14	19.2	1E-30	1E10	1E10	1E-30	1E10	1E10	1E-30	1E10	1E10	1E-30	1E10	1E10	1E-30	1E10	1E10	1E-30	1E10	1E10
81	1.55E-14	1E-30	1E-10	1E10	2.82E-8	5.92E-3	1E10	1E-30	11600	1E10	4.05E-7	1370	1E10	1.44E-7	53.2	1E10	2.19E-8	0.325	6.24E-8	3.78E-15	67.9	1.23E-9	8.23E-14	2.57	3.16E-8	2.15E-15	104	3.06E-9	2.1E-14	19.2	1E-30	1E10	1E10	1E-30	1E10	1E10	1E-30	1E10	1E10	1E-30	1E10	1E10	1E-30	1E10	1E10	1E-30	1E10	1E10
82	6.03E-14	1E-30	1E-10	1E10	1.7E-7	0.168	1E10	1E-30	13600	1E10	4.54E-7	1690	1E10	1.86E-7	82.1	1E10	1.45E-8	0.241	2.74E-15	9.89E-8	400	3.93E-14	2.69E-9	3.47	2.01E-14	2.92E-9	19.2	1E-30	1E10	1E10	1E-30	1E10	1E10	1E-30	1E10	1E10	1E-30	1E10	1E10	1E-30	1E10	1E10	1E-30	1E10	1E10	1E-30	1E10	1E10
83	6.03E-14	1E-30	1E-10	1E10	1.7E-7	0.168	1E10	1E-30	13600	1E10	4.54E-7	1690	1E10	1.86E-7	82.1	1E10	1.45E-8	0.241	2.74E-15	9.89E-8	400	3.93E-14	2.69E-9	3.47	2.01E-14	2.92E-9	19.2	1E-30	1E10	1E10	1E-30	1E10	1E10	1E-30	1E10	1E10	1E-30	1E10	1E10	1E-30	1E10	1E10	1E-30	1E10	1E10	1E-30	1E10	1E10
84	6.03E-14	1E-30	1E-10	1E10	1.7E-7	0.168	1E10	1E-30	13600	1E10	4.54E-7	1690	1E10	1.86E-7	82.1	1E10	1.45E-8	0.241	2.74E-15	9.89E-8	400	3.93E-14	2.69E-9	3.47	2.01E-14	2.92E-9	19.2	1E-30	1E10	1E10	1E-30	1E10	1E10	1E-30	1E10	1E10	1E-30	1E10	1E10	1E-30	1E10	1E10	1E-30	1E10	1E10	1E-30	1E10	1E10
85	6.61E-14	1E-30	1E-10	1E10	3.81E-7	0.133	1E10	1E-30	13600	1E10	4.65E-7	1580	1E10	2.4E-7	108	1E10	1.59E-8	0.264	9.89E-8	2.74E-15	400	2.69E-9	3.93E-14	3.47	2.92E-9	2.01E-14	19.2	1E-30	1E10	1E10	1E-30	1E10	1E10	1E-30	1E10	1E10	1E-30	1E10	1E10	1E-30	1E10	1E10	1E-30	1E10	1E10	1E-30	1E10	1E10
86	6.61E-14	1E-30	1E-10	1E10	3.81E-7	0.133	1E10	1E-30	13600	1E10	4.65E-7	1580	1E10	2.4E-7	108	1E10	1.59E-8	0.264	9.89E-8	2.74E-15	400	2.69E-9	3.93E-14	3.47	2.92E-9	2.01E-14	19.2	1E-30	1E10	1E10	1E-30	1E10	1E10	1E-30	1E10	1E10	1E-30	1E10	1E10	1E-30	1E10	1E10	1E-30	1E10	1E10	1E-30	1E10	1E10
87	6.61E-14	1E-30	1E-10	1E10	3.81E-7	0.133	1E10	1E-30	13600	1E10	4.65E-7	1580	1E10	2.4E-7	108	1E10	1.59E-8	0.264	9.89E-8	2.74E-15	400	2.69E-9	3.93E-14	3.47	2.92E-9	2.01E-14	19.2	1E-30	1E10	1E10	1E-30	1E10	1E10	1E-30	1E10	1E10	1E-30	1E10	1E10	1E-30	1E10	1E10	1E-30	1E10	1E10	1E-30	1E10	1E10
END DSCRDATA
