BEGIN DSCRDATA
% INDEX	K01	L01	M01	K02	L02	M02	K03	L03	M03	K04	L04	M04	K05	L05	M05	K06	L06	M06	K07	L07	M07	K08	L08	M08	K09	L09	M09	K10	L10	M10	K11	L11	M11	K12	L12	M12	K13	L13	M13	K14	L14	M14	K15	L15	M15	K16	L16	M16
0	0	0	0	0	0	0	0	0	0	0	0	0	0	0	0	0	0	0	0	0	0	0	0	0	0	0	0	0	0	0	0	0	0	0	0	0	0	0	0	0	0	0	0	0	0	0	0	0
1	2.21E-14	1E-30	1E-10	1E10	1.06E-9	0.02	1E10	1E-30	9020	1E10	2.34E-8	20.6	1E10	6.6E-8	398	1E-30	1E10	1E10	1E-30	1E10	1E10	1E-30	1E10	1E10	1E-30	1E10	1E10	1E-30	1E10	1E10	1E-30	1E10	1E10	1E-30	1E10	1E10	1E-30	1E10	1E10	1E-30	1E10	1E10	1E-30	1E10	1E10	1E-30	1E10	1E10
2	2.21E-14	1E-30	1E-10	1E10	1.06E-9	0.02	1E10	1E-30	9020	1E10	2.34E-8	20.6	1E10	6.6E-8	398	1E-30	1E10	1E10	1E-30	1E10	1E10	1E-30	1E10	1E10	1E-30	1E10	1E10	1E-30	1E10	1E10	1E-30	1E10	1E10	1E-30	1E10	1E10	1E-30	1E10	1E10	1E-30	1E10	1E10	1E-30	1E10	1E10	1E-30	1E10	1E10
3	7.85E-14	1E-30	1E-10	1E10	1.91E-9	0.04	1E10	1E-30	5270	1E10	9.69E-9	2.49	1E10	2.75E-8	50	1E-30	1E10	1E10	1E-30	1E10	1E10	1E-30	1E10	1E10	1E-30	1E10	1E10	1E-30	1E10	1E10	1E-30	1E10	1E10	1E-30	1E10	1E10	1E-30	1E10	1E10	1E-30	1E10	1E10	1E-30	1E10	1E10	1E-30	1E10	1E10
4	7.85E-14	1E-30	1E-10	1E10	1.91E-9	0.04	1E10	1E-30	5270	1E10	9.69E-9	2.49	1E10	2.75E-8	50	1E-30	1E10	1E10	1E-30	1E10	1E10	1E-30	1E10	1E10	1E-30	1E10	1E10	1E-30	1E10	1E10	1E-30	1E10	1E10	1E-30	1E10	1E10	1E-30	1E10	1E10	1E-30	1E10	1E10	1E-30	1E10	1E10	1E-30	1E10	1E10
5	7.33E-14	1E-30	1E-10	1E10	2E-9	0.04	1E10	1E-30	6050	1E10	1.25E-8	2.49	1E10	2.75E-8	50	1E-30	1E10	1E10	1E-30	1E10	1E10	1E-30	1E10	1E10	1E-30	1E10	1E10	1E-30	1E10	1E10	1E-30	1E10	1E10	1E-30	1E10	1E10	1E-30	1E10	1E10	1E-30	1E10	1E10	1E-30	1E10	1E10	1E-30	1E10	1E10
6	7.33E-14	1E-30	1E-10	1E10	2E-9	0.04	1E10	1E-30	6050	1E10	1.25E-8	2.49	1E10	2.75E-8	50	1E-30	1E10	1E10	1E-30	1E10	1E10	1E-30	1E10	1E10	1E-30	1E10	1E10	1E-30	1E10	1E10	1E-30	1E10	1E10	1E-30	1E10	1E10	1E-30	1E10	1E10	1E-30	1E10	1E10	1E-30	1E10	1E10	1E-30	1E10	1E10
7	1.04E-14	1E-30	1E-10	1E10	1.74E-9	0.04	1E10	1E-30	1910	1E10	2.67E-8	1.74	1E10	4.58E-8	28.5	1E-30	1E10	1E10	1E-30	1E10	1E10	1E-30	1E10	1E10	1E-30	1E10	1E10	1E-30	1E10	1E10	1E-30	1E10	1E10	1E-30	1E10	1E10	1E-30	1E10	1E10	1E-30	1E10	1E10	1E-30	1E10	1E10	1E-30	1E10	1E10
8	1.04E-14	1E-30	1E-10	1E10	1.74E-9	0.04	1E10	1E-30	1910	1E10	2.67E-8	1.74	1E10	4.58E-8	28.5	1E-30	1E10	1E10	1E-30	1E10	1E10	1E-30	1E10	1E10	1E-30	1E10	1E10	1E-30	1E10	1E10	1E-30	1E10	1E10	1E-30	1E10	1E10	1E-30	1E10	1E10	1E-30	1E10	1E10	1E-30	1E10	1E10	1E-30	1E10	1E10
9	6.68E-14	1E-30	1E-10	1E10	2.19E-9	0.08	1E10	1E-30	6050	1E10	1.22E-8	2.49	1E10	2.95E-8	65.9	1E-30	1E10	1E10	1E-30	1E10	1E10	1E-30	1E10	1E10	1E-30	1E10	1E10	1E-30	1E10	1E10	1E-30	1E10	1E10	1E-30	1E10	1E10	1E-30	1E10	1E10	1E-30	1E10	1E10	1E-30	1E10	1E10	1E-30	1E10	1E10
10	6.68E-14	1E-30	1E-10	1E10	2.19E-9	0.08	1E10	1E-30	6050	1E10	1.22E-8	2.49	1E10	2.95E-8	65.9	1E-30	1E10	1E10	1E-30	1E10	1E10	1E-30	1E10	1E10	1E-30	1E10	1E10	1E-30	1E10	1E10	1E-30	1E10	1E10	1E-30	1E10	1E10	1E-30	1E10	1E10	1E-30	1E10	1E10	1E-30	1E10	1E10	1E-30	1E10	1E10
11	5.31E-14	1E-30	1E-10	1E10	2.63E-9	0.05	1E10	1E-30	6050	1E10	1.5E-8	2.49	1E10	5.01E-8	102	1E-30	1E10	1E10	1E-30	1E10	1E10	1E-30	1E10	1E10	1E-30	1E10	1E10	1E-30	1E10	1E10	1E-30	1E10	1E10	1E-30	1E10	1E10	1E-30	1E10	1E10	1E-30	1E10	1E10	1E-30	1E10	1E10	1E-30	1E10	1E10
12	5.31E-14	1E-30	1E-10	1E10	2.63E-9	0.05	1E10	1E-30	6050	1E10	1.5E-8	2.49	1E10	5.01E-8	102	1E-30	1E10	1E10	1E-30	1E10	1E10	1E-30	1E10	1E10	1E-30	1E10	1E10	1E-30	1E10	1E10	1E-30	1E10	1E10	1E-30	1E10	1E10	1E-30	1E10	1E10	1E-30	1E10	1E10	1E-30	1E10	1E10	1E-30	1E10	1E10
13	4.95E-14	1E-30	1E-10	1E10	2.81E-9	0.08	1E10	1E-30	4810	1E10	1.64E-8	2.49	1E10	4.17E-8	84.9	1E-30	1E10	1E10	1E-30	1E10	1E10	1E-30	1E10	1E10	1E-30	1E10	1E10	1E-30	1E10	1E10	1E-30	1E10	1E10	1E-30	1E10	1E10	1E-30	1E10	1E10	1E-30	1E10	1E10	1E-30	1E10	1E10	1E-30	1E10	1E10
14	4.95E-14	1E-30	1E-10	1E10	2.81E-9	0.08	1E10	1E-30	4810	1E10	1.64E-8	2.49	1E10	4.17E-8	84.9	1E-30	1E10	1E10	1E-30	1E10	1E10	1E-30	1E10	1E10	1E-30	1E10	1E10	1E-30	1E10	1E10	1E-30	1E10	1E10	1E-30	1E10	1E10	1E-30	1E10	1E10	1E-30	1E10	1E10	1E-30	1E10	1E10	1E-30	1E10	1E10
15	4.51E-14	1E-30	1E-10	1E10	2.88E-9	0.05	1E10	1E-30	7620	1E10	3.37E-8	14.9	1E10	1.11E-7	389	1E-30	1E10	1E10	1E-30	1E10	1E10	1E-30	1E10	1E10	1E-30	1E10	1E10	1E-30	1E10	1E10	1E-30	1E10	1E10	1E-30	1E10	1E10	1E-30	1E10	1E10	1E-30	1E10	1E10	1E-30	1E10	1E10	1E-30	1E10	1E10
16	4.51E-14	1E-30	1E-10	1E10	2.88E-9	0.05	1E10	1E-30	7620	1E10	3.37E-8	14.9	1E10	1.11E-7	389	1E-30	1E10	1E10	1E-30	1E10	1E10	1E-30	1E10	1E10	1E-30	1E10	1E10	1E-30	1E10	1E10	1E-30	1E10	1E10	1E-30	1E10	1E10	1E-30	1E10	1E10	1E-30	1E10	1E10	1E-30	1E10	1E10	1E-30	1E10	1E10
17	1.09E-14	1E-30	1E-10	1E10	2.74E-9	0.05	1E10	1E-30	14300	1E10	4.64E-8	25.1	1E10	1.02E-7	417	1E-30	1E10	1E10	1E-30	1E10	1E10	1E-30	1E10	1E10	1E-30	1E10	1E10	1E-30	1E10	1E10	1E-30	1E10	1E10	1E-30	1E10	1E10	1E-30	1E10	1E10	1E-30	1E10	1E10	1E-30	1E10	1E10	1E-30	1E10	1E10
18	1.09E-14	1E-30	1E-10	1E10	2.74E-9	0.05	1E10	1E-30	14300	1E10	4.64E-8	25.1	1E10	1.02E-7	417	1E-30	1E10	1E10	1E-30	1E10	1E10	1E-30	1E10	1E10	1E-30	1E10	1E10	1E-30	1E10	1E10	1E-30	1E10	1E10	1E-30	1E10	1E10	1E-30	1E10	1E10	1E-30	1E10	1E10	1E-30	1E10	1E10	1E-30	1E10	1E10
19	4.41E-14	1E-30	1E-10	1E10	3.02E-9	0.05	1E10	1E-30	9590	1E10	2.33E-8	4.28	1E10	7.64E-8	236	1E-30	1E10	1E10	1E-30	1E10	1E10	1E-30	1E10	1E10	1E-30	1E10	1E10	1E-30	1E10	1E10	1E-30	1E10	1E10	1E-30	1E10	1E10	1E-30	1E10	1E10	1E-30	1E10	1E10	1E-30	1E10	1E10	1E-30	1E10	1E10
20	4.41E-14	1E-30	1E-10	1E10	3.02E-9	0.05	1E10	1E-30	9590	1E10	2.33E-8	4.28	1E10	7.64E-8	236	1E-30	1E10	1E10	1E-30	1E10	1E10	1E-30	1E10	1E10	1E-30	1E10	1E10	1E-30	1E10	1E10	1E-30	1E10	1E10	1E-30	1E10	1E10	1E-30	1E10	1E10	1E-30	1E10	1E10	1E-30	1E10	1E10	1E-30	1E10	1E10
21	4.31E-14	1E-30	1E-10	1E10	3.02E-9	0.08	1E10	1E-30	5780	1E10	1.92E-8	4.53	1E10	6.96E-8	146	1E-30	1E10	1E10	1E-30	1E10	1E10	1E-30	1E10	1E10	1E-30	1E10	1E10	1E-30	1E10	1E10	1E-30	1E10	1E10	1E-30	1E10	1E10	1E-30	1E10	1E10	1E-30	1E10	1E10	1E-30	1E10	1E10	1E-30	1E10	1E10
22	4.31E-14	1E-30	1E-10	1E10	3.02E-9	0.08	1E10	1E-30	5780	1E10	1.92E-8	4.53	1E10	6.96E-8	146	1E-30	1E10	1E10	1E-30	1E10	1E10	1E-30	1E10	1E10	1E-30	1E10	1E10	1E-30	1E10	1E10	1E-30	1E10	1E10	1E-30	1E10	1E10	1E-30	1E10	1E10	1E-30	1E10	1E10	1E-30	1E10	1E10	1E-30	1E10	1E10
23	2.29E-14	1E-30	1E-10	1E10	3.13E-9	0.05	1E10	1E-30	15E3	1E10	4.69E-8	24.8	1E10	1.25E-7	470	1E-30	1E10	1E10	1E-30	1E10	1E10	1E-30	1E10	1E10	1E-30	1E10	1E10	1E-30	1E10	1E10	1E-30	1E10	1E10	1E-30	1E10	1E10	1E-30	1E10	1E10	1E-30	1E10	1E10	1E-30	1E10	1E10	1E-30	1E10	1E10
24	2.29E-14	1E-30	1E-10	1E10	3.13E-9	0.05	1E10	1E-30	15E3	1E10	4.69E-8	24.8	1E10	1.25E-7	470	1E-30	1E10	1E10	1E-30	1E10	1E10	1E-30	1E10	1E10	1E-30	1E10	1E10	1E-30	1E10	1E10	1E-30	1E10	1E10	1E-30	1E10	1E10	1E-30	1E10	1E10	1E-30	1E10	1E10	1E-30	1E10	1E10	1E-30	1E10	1E10
25	4.02E-14	1E-30	1E-10	1E10	3.24E-9	0.08	1E10	1E-30	8350	1E10	2.36E-8	8.26	1E10	1.21E-7	471	1E-30	1E10	1E10	1E-30	1E10	1E10	1E-30	1E10	1E10	1E-30	1E10	1E10	1E-30	1E10	1E10	1E-30	1E10	1E10	1E-30	1E10	1E10	1E-30	1E10	1E10	1E-30	1E10	1E10	1E-30	1E10	1E10	1E-30	1E10	1E10
26	4.02E-14	1E-30	1E-10	1E10	3.24E-9	0.08	1E10	1E-30	8350	1E10	2.36E-8	8.26	1E10	1.21E-7	471	1E-30	1E10	1E10	1E-30	1E10	1E10	1E-30	1E10	1E10	1E-30	1E10	1E10	1E-30	1E10	1E10	1E-30	1E10	1E10	1E-30	1E10	1E10	1E-30	1E10	1E10	1E-30	1E10	1E10	1E-30	1E10	1E10	1E-30	1E10	1E10
27	3.75E-14	1E-30	1E-10	1E10	3.55E-9	0.12	1E10	1E-30	7620	1E10	2.55E-8	2.31	1E10	6.6E-8	149	1E-30	1E10	1E10	1E-30	1E10	1E10	1E-30	1E10	1E10	1E-30	1E10	1E10	1E-30	1E10	1E10	1E-30	1E10	1E10	1E-30	1E10	1E10	1E-30	1E10	1E10	1E-30	1E10	1E10	1E-30	1E10	1E10	1E-30	1E10	1E10
28	3.75E-14	1E-30	1E-10	1E10	3.55E-9	0.12	1E10	1E-30	7620	1E10	2.55E-8	2.31	1E10	6.6E-8	149	1E-30	1E10	1E10	1E-30	1E10	1E10	1E-30	1E10	1E10	1E-30	1E10	1E10	1E-30	1E10	1E10	1E-30	1E10	1E10	1E-30	1E10	1E10	1E-30	1E10	1E10	1E-30	1E10	1E10	1E-30	1E10	1E10	1E-30	1E10	1E10
29	2.66E-14	1E-30	1E-10	1E10	3.45E-9	0.1	1E10	1E-30	15700	1E10	5.85E-8	40.8	1E10	1.32E-7	596	1E-30	1E10	1E10	1E-30	1E10	1E10	1E-30	1E10	1E10	1E-30	1E10	1E10	1E-30	1E10	1E10	1E-30	1E10	1E10	1E-30	1E10	1E10	1E-30	1E10	1E10	1E-30	1E10	1E10	1E-30	1E10	1E10	1E-30	1E10	1E10
30	2.66E-14	1E-30	1E-10	1E10	3.45E-9	0.1	1E10	1E-30	15700	1E10	5.85E-8	40.8	1E10	1.32E-7	596	1E-30	1E10	1E10	1E-30	1E10	1E10	1E-30	1E10	1E10	1E-30	1E10	1E10	1E-30	1E10	1E10	1E-30	1E10	1E10	1E-30	1E10	1E10	1E-30	1E10	1E10	1E-30	1E10	1E10	1E-30	1E10	1E10	1E-30	1E10	1E10
31	3.58E-14	1E-30	1E-10	1E10	3.64E-9	0.19	1E10	1E-30	6480	1E10	7.59E-7	4.71E-4	1E10	6.47E-8	120	1E-30	1E10	1E10	1E-30	1E10	1E10	1E-30	1E10	1E10	1E-30	1E10	1E10	1E-30	1E10	1E10	1E-30	1E10	1E10	1E-30	1E10	1E10	1E-30	1E10	1E10	1E-30	1E10	1E10	1E-30	1E10	1E10	1E-30	1E10	1E10
32	3.58E-14	1E-30	1E-10	1E10	3.64E-9	0.19	1E10	1E-30	6480	1E10	7.59E-7	4.71E-4	1E10	6.47E-8	120	1E-30	1E10	1E10	1E-30	1E10	1E10	1E-30	1E10	1E10	1E-30	1E10	1E10	1E-30	1E10	1E10	1E-30	1E10	1E10	1E-30	1E10	1E10	1E-30	1E10	1E10	1E-30	1E10	1E10	1E-30	1E10	1E10	1E-30	1E10	1E10
33	9.62E-15	1E-30	1E-10	1E10	3.62E-9	0.07	1E10	1E-30	13500	1E10	5.53E-8	29.2	1E10	1.4E-7	519	1E-30	1E10	1E10	1E-30	1E10	1E10	1E-30	1E10	1E10	1E-30	1E10	1E10	1E-30	1E10	1E10	1E-30	1E10	1E10	1E-30	1E10	1E10	1E-30	1E10	1E10	1E-30	1E10	1E10	1E-30	1E10	1E10	1E-30	1E10	1E10
34	9.62E-15	1E-30	1E-10	1E10	3.62E-9	0.07	1E10	1E-30	13500	1E10	5.53E-8	29.2	1E10	1.4E-7	519	1E-30	1E10	1E10	1E-30	1E10	1E10	1E-30	1E10	1E10	1E-30	1E10	1E10	1E-30	1E10	1E10	1E-30	1E10	1E10	1E-30	1E10	1E10	1E-30	1E10	1E10	1E-30	1E10	1E10	1E-30	1E10	1E10	1E-30	1E10	1E10
35	3.41E-14	1E-30	1E-10	1E10	4.37E-9	0.1	1E10	1E-30	6050	1E10	1.68E-8	1.18	1E10	5.74E-8	96.1	1E-30	1E10	1E10	1E-30	1E10	1E10	1E-30	1E10	1E10	1E-30	1E10	1E10	1E-30	1E10	1E10	1E-30	1E10	1E10	1E-30	1E10	1E10	1E-30	1E10	1E10	1E-30	1E10	1E10	1E-30	1E10	1E10	1E-30	1E10	1E10
36	3.41E-14	1E-30	1E-10	1E10	4.37E-9	0.1	1E10	1E-30	6050	1E10	1.68E-8	1.18	1E10	5.74E-8	96.1	1E-30	1E10	1E10	1E-30	1E10	1E10	1E-30	1E10	1E10	1E-30	1E10	1E10	1E-30	1E10	1E10	1E-30	1E10	1E10	1E-30	1E10	1E10	1E-30	1E10	1E10	1E-30	1E10	1E10	1E-30	1E10	1E10	1E-30	1E10	1E10
37	4.1E-14	1E-30	1E-10	1E10	4.37E-9	7E-3	1E10	1E-30	4490	1E10	1.04E-8	0.589	1E10	7.4E-8	91.8	1E-30	1E10	1E10	1E-30	1E10	1E10	1E-30	1E10	1E10	1E-30	1E10	1E10	1E-30	1E10	1E10	1E-30	1E10	1E10	1E-30	1E10	1E10	1E-30	1E10	1E10	1E-30	1E10	1E10	1E-30	1E10	1E10	1E-30	1E10	1E10
38	4.1E-14	1E-30	1E-10	1E10	4.37E-9	7E-3	1E10	1E-30	4490	1E10	1.04E-8	0.589	1E10	7.4E-8	91.8	1E-30	1E10	1E10	1E-30	1E10	1E10	1E-30	1E10	1E10	1E-30	1E10	1E10	1E-30	1E10	1E10	1E-30	1E10	1E10	1E-30	1E10	1E10	1E-30	1E10	1E10	1E-30	1E10	1E10	1E-30	1E10	1E10	1E-30	1E10	1E10
39	1.22E-14	1E-30	1E-10	1E10	3.94E-9	0.07	1E10	1E-30	15500	1E10	6.71E-8	31.7	1E10	1.33E-7	392	1E-30	1E10	1E10	1E-30	1E10	1E10	1E-30	1E10	1E10	1E-30	1E10	1E10	1E-30	1E10	1E10	1E-30	1E10	1E10	1E-30	1E10	1E10	1E-30	1E10	1E10	1E-30	1E10	1E10	1E-30	1E10	1E10	1E-30	1E10	1E10
40	1.22E-14	1E-30	1E-10	1E10	3.94E-9	0.07	1E10	1E-30	15500	1E10	6.71E-8	31.7	1E10	1.33E-7	392	1E-30	1E10	1E10	1E-30	1E10	1E10	1E-30	1E10	1E10	1E-30	1E10	1E10	1E-30	1E10	1E10	1E-30	1E10	1E10	1E-30	1E10	1E10	1E-30	1E10	1E10	1E-30	1E10	1E10	1E-30	1E10	1E10	1E-30	1E10	1E10
41	3.41E-14	1E-30	1E-10	1E10	4.68E-9	7E-3	1E10	1E-30	6050	1E10	1.64E-8	1.18	1E10	7.54E-8	116	1E-30	1E10	1E10	1E-30	1E10	1E10	1E-30	1E10	1E10	1E-30	1E10	1E10	1E-30	1E10	1E10	1E-30	1E10	1E10	1E-30	1E10	1E10	1E-30	1E10	1E10	1E-30	1E10	1E10	1E-30	1E10	1E10	1E-30	1E10	1E10
42	3.41E-14	1E-30	1E-10	1E10	4.68E-9	7E-3	1E10	1E-30	6050	1E10	1.64E-8	1.18	1E10	7.54E-8	116	1E-30	1E10	1E10	1E-30	1E10	1E10	1E-30	1E10	1E10	1E-30	1E10	1E10	1E-30	1E10	1E10	1E-30	1E10	1E10	1E-30	1E10	1E10	1E-30	1E10	1E10	1E-30	1E10	1E10	1E-30	1E10	1E10	1E-30	1E10	1E10
43	2.11E-14	1E-30	1E-10	1E10	4.37E-9	0.1	1E10	1E-30	15200	1E10	1.14E-7	22.7	1E10	1.38E-7	369	1E-30	1E10	1E10	1E-30	1E10	1E10	1E-30	1E10	1E10	1E-30	1E10	1E10	1E-30	1E10	1E10	1E-30	1E10	1E10	1E-30	1E10	1E10	1E-30	1E10	1E10	1E-30	1E10	1E10	1E-30	1E10	1E10	1E-30	1E10	1E10
44	2.11E-14	1E-30	1E-10	1E10	4.37E-9	0.1	1E10	1E-30	15200	1E10	1.14E-7	22.7	1E10	1.38E-7	369	1E-30	1E10	1E10	1E-30	1E10	1E10	1E-30	1E10	1E10	1E-30	1E10	1E10	1E-30	1E10	1E10	1E-30	1E10	1E10	1E-30	1E10	1E10	1E-30	1E10	1E10	1E-30	1E10	1E10	1E-30	1E10	1E10	1E-30	1E10	1E10
45	2.53E-14	1E-30	1E-10	1E10	4.79E-9	0.07	1E10	1E-30	8950	1E10	2.65E-8	1.73	1E10	7.53E-8	103	1E-30	1E10	1E10	1E-30	1E10	1E10	1E-30	1E10	1E10	1E-30	1E10	1E10	1E-30	1E10	1E10	1E-30	1E10	1E10	1E-30	1E10	1E10	1E-30	1E10	1E10	1E-30	1E10	1E10	1E-30	1E10	1E10	1E-30	1E10	1E10
46	2.53E-14	1E-30	1E-10	1E10	4.79E-9	0.07	1E10	1E-30	8950	1E10	2.65E-8	1.73	1E10	7.53E-8	103	1E-30	1E10	1E10	1E-30	1E10	1E10	1E-30	1E10	1E10	1E-30	1E10	1E10	1E-30	1E10	1E10	1E-30	1E10	1E10	1E-30	1E10	1E10	1E-30	1E10	1E10	1E-30	1E10	1E10	1E-30	1E10	1E10	1E-30	1E10	1E10
47	2.47E-14	1E-30	1E-10	1E10	4.28E-9	0.07	1E10	1E-30	22100	1E10	6.5E-8	26.6	1E10	1.55E-7	497	1E10	2.7E-6	39700	1E-30	1E10	1E10	1E-30	1E10	1E10	1E-30	1E10	1E10	1E-30	1E10	1E10	1E-30	1E10	1E10	1E-30	1E10	1E10	1E-30	1E10	1E10	1E-30	1E10	1E10	1E-30	1E10	1E10	1E-30	1E10	1E10
48	2.47E-14	1E-30	1E-10	1E10	4.28E-9	0.07	1E10	1E-30	22100	1E10	6.5E-8	26.6	1E10	1.55E-7	497	1E10	2.7E-6	39700	1E-30	1E10	1E10	1E-30	1E10	1E10	1E-30	1E10	1E10	1E-30	1E10	1E10	1E-30	1E10	1E10	1E-30	1E10	1E10	1E-30	1E10	1E10	1E-30	1E10	1E10	1E-30	1E10	1E10	1E-30	1E10	1E10
49	1.96E-14	1E-30	1E-10	1E10	4.68E-9	0.1	1E10	1E-30	4810	1E10	4.86E-8	7.88	1E10	1.23E-7	293	1E-30	1E10	1E10	1E-30	1E10	1E10	1E-30	1E10	1E10	1E-30	1E10	1E10	1E-30	1E10	1E10	1E-30	1E10	1E10	1E-30	1E10	1E10	1E-30	1E10	1E10	1E-30	1E10	1E10	1E-30	1E10	1E10	1E-30	1E10	1E10
50	1.96E-14	1E-30	1E-10	1E10	4.68E-9	0.1	1E10	1E-30	4810	1E10	4.86E-8	7.88	1E10	1.23E-7	293	1E-30	1E10	1E10	1E-30	1E10	1E10	1E-30	1E10	1E10	1E-30	1E10	1E10	1E-30	1E10	1E10	1E-30	1E10	1E10	1E-30	1E10	1E10	1E-30	1E10	1E10	1E-30	1E10	1E10	1E-30	1E10	1E10	1E-30	1E10	1E10
51	1.92E-14	1E-30	1E-10	1E10	4.68E-9	0.1	1E10	1E-30	7620	1E10	6.86E-8	13.7	1E10	1.1E-7	228	1E-30	1E10	1E10	1E-30	1E10	1E10	1E-30	1E10	1E10	1E-30	1E10	1E10	1E-30	1E10	1E10	1E-30	1E10	1E10	1E-30	1E10	1E10	1E-30	1E10	1E10	1E-30	1E10	1E10	1E-30	1E10	1E10	1E-30	1E10	1E10
52	1.92E-14	1E-30	1E-10	1E10	4.68E-9	0.1	1E10	1E-30	7620	1E10	6.86E-8	13.7	1E10	1.1E-7	228	1E-30	1E10	1E10	1E-30	1E10	1E10	1E-30	1E10	1E10	1E-30	1E10	1E10	1E-30	1E10	1E10	1E-30	1E10	1E10	1E-30	1E10	1E10	1E-30	1E10	1E10	1E-30	1E10	1E10	1E-30	1E10	1E10	1E-30	1E10	1E10
53	2.31E-14	1E-30	1E-10	1E10	4.9E-9	0.1	1E10	1E-30	12400	1E10	7.02E-8	13.7	1E10	1.32E-7	369	1E-30	1E10	1E10	1E-30	1E10	1E10	1E-30	1E10	1E10	1E-30	1E10	1E10	1E-30	1E10	1E10	1E-30	1E10	1E10	1E-30	1E10	1E10	1E-30	1E10	1E10	1E-30	1E10	1E10	1E-30	1E10	1E10	1E-30	1E10	1E10
54	2.31E-14	1E-30	1E-10	1E10	4.9E-9	0.1	1E10	1E-30	12400	1E10	7.02E-8	13.7	1E10	1.32E-7	369	1E-30	1E10	1E10	1E-30	1E10	1E10	1E-30	1E10	1E10	1E-30	1E10	1E10	1E-30	1E10	1E10	1E-30	1E10	1E10	1E-30	1E10	1E10	1E-30	1E10	1E10	1E-30	1E10	1E10	1E-30	1E10	1E10	1E-30	1E10	1E10
55	2.11821649402116E-14	1E-30	1E-10	1E10	4.71E-9	0.1	1E10	1E-30	15900	1E10	8.72E-8	60.8	1E10	2.02E-7	750	1E10	1.93814365736254E-07	5192.6182558159	1E-30	1E10	1E10	1E-30	1E10	1E10	1E-30	1E10	1E10	1E-30	1E10	1E10	1E-30	1E10	1E10	1E-30	1E10	1E10	1E-30	1E10	1E10	1E-30	1E10	1E10	1E-30	1E10	1E10	1E-30	1E10	1E10
56	2.11821649402116E-14	1E-30	1E-10	1E10	4.71E-9	0.1	1E10	1E-30	15900	1E10	8.72E-8	60.8	1E10	2.02E-7	750	1E10	1.93814365736254E-07	5192.6182558159	1E-30	1E10	1E10	1E-30	1E10	1E10	1E-30	1E10	1E10	1E-30	1E10	1E10	1E-30	1E10	1E10	1E-30	1E10	1E10	1E-30	1E10	1E10	1E-30	1E10	1E10	1E-30	1E10	1E10	1E-30	1E10	1E10
57	2.21E-14	1E-30	1E-10	1E10	5.13E-9	0.16	1E10	1E-30	9590	1E10	1.16E-7	6.56	1E10	1.21E-7	286	1E-30	1E10	1E10	1E-30	1E10	1E10	1E-30	1E10	1E10	1E-30	1E10	1E10	1E-30	1E10	1E10	1E-30	1E10	1E10	1E-30	1E10	1E10	1E-30	1E10	1E10	1E-30	1E10	1E10	1E-30	1E10	1E10	1E-30	1E10	1E10
58	2.21E-14	1E-30	1E-10	1E10	5.13E-9	0.16	1E10	1E-30	9590	1E10	1.16E-7	6.56	1E10	1.21E-7	286	1E-30	1E10	1E10	1E-30	1E10	1E10	1E-30	1E10	1E10	1E-30	1E10	1E10	1E-30	1E10	1E10	1E-30	1E10	1E10	1E-30	1E10	1E10	1E-30	1E10	1E10	1E-30	1E10	1E10	1E-30	1E10	1E10	1E-30	1E10	1E10
59	2.21E-14	1E-30	1E-10	1E10	5.13E-9	0.16	1E10	1E-30	5520	1E10	1.08E-7	13.7	1E10	1.21E-7	233	1E-30	1E10	1E10	1E-30	1E10	1E10	1E-30	1E10	1E10	1E-30	1E10	1E10	1E-30	1E10	1E10	1E-30	1E10	1E10	1E-30	1E10	1E10	1E-30	1E10	1E10	1E-30	1E10	1E10	1E-30	1E10	1E10	1E-30	1E10	1E10
60	2.21E-14	1E-30	1E-10	1E10	5.13E-9	0.16	1E10	1E-30	5520	1E10	1.08E-7	13.7	1E10	1.21E-7	233	1E-30	1E10	1E10	1E-30	1E10	1E10	1E-30	1E10	1E10	1E-30	1E10	1E10	1E-30	1E10	1E10	1E-30	1E10	1E10	1E-30	1E10	1E10	1E-30	1E10	1E10	1E-30	1E10	1E10	1E-30	1E10	1E10	1E-30	1E10	1E10
61	2.26E-14	1E-30	1E-10	1E10	5.25E-9	0.16	1E10	1E-30	13200	1E10	8.98E-8	13.7	1E10	1.21E-7	386	1E-30	1E10	1E10	1E-30	1E10	1E10	1E-30	1E10	1E10	1E-30	1E10	1E10	1E-30	1E10	1E10	1E-30	1E10	1E10	1E-30	1E10	1E10	1E-30	1E10	1E10	1E-30	1E10	1E10	1E-30	1E10	1E10	1E-30	1E10	1E10
62	2.26E-14	1E-30	1E-10	1E10	5.25E-9	0.16	1E10	1E-30	13200	1E10	8.98E-8	13.7	1E10	1.21E-7	386	1E-30	1E10	1E10	1E-30	1E10	1E10	1E-30	1E10	1E10	1E-30	1E10	1E10	1E-30	1E10	1E10	1E-30	1E10	1E10	1E-30	1E10	1E10	1E-30	1E10	1E10	1E-30	1E10	1E10	1E-30	1E10	1E10	1E-30	1E10	1E10
63	1.45E-14	1E-30	1E-10	1E10	5.14E-9	0.0926	1E10	1E-30	24300	1E10	7.78E-8	34.7	1E10	1.87E-7	623	1E10	4.41E-6	83E3	1E-30	1E10	1E10	1E-30	1E10	1E10	1E-30	1E10	1E10	1E-30	1E10	1E10	1E-30	1E10	1E10	1E-30	1E10	1E10	1E-30	1E10	1E10	1E-30	1E10	1E10	1E-30	1E10	1E10	1E-30	1E10	1E10
64	1.45E-14	1E-30	1E-10	1E10	5.14E-9	0.0926	1E10	1E-30	24300	1E10	7.78E-8	34.7	1E10	1.87E-7	623	1E10	4.41E-6	83E3	1E-30	1E10	1E10	1E-30	1E10	1E10	1E-30	1E10	1E10	1E-30	1E10	1E10	1E-30	1E10	1E10	1E-30	1E10	1E10	1E-30	1E10	1E10	1E-30	1E10	1E10	1E-30	1E10	1E10	1E-30	1E10	1E10
65	1.88E-14	1E-30	1E-10	1E10	5.5E-9	0.13	1E10	1E-30	15200	1E10	7.82E-8	13.7	1E10	1.21E-7	300	1E-30	1E10	1E10	1E-30	1E10	1E10	1E-30	1E10	1E10	1E-30	1E10	1E10	1E-30	1E10	1E10	1E-30	1E10	1E10	1E-30	1E10	1E10	1E-30	1E10	1E10	1E-30	1E10	1E10	1E-30	1E10	1E10	1E-30	1E10	1E10
66	1.88E-14	1E-30	1E-10	1E10	5.5E-9	0.13	1E10	1E-30	15200	1E10	7.82E-8	13.7	1E10	1.21E-7	300	1E-30	1E10	1E10	1E-30	1E10	1E10	1E-30	1E10	1E10	1E-30	1E10	1E10	1E-30	1E10	1E10	1E-30	1E10	1E10	1E-30	1E10	1E10	1E-30	1E10	1E10	1E-30	1E10	1E10	1E-30	1E10	1E10	1E-30	1E10	1E10
67	1.88E-14	1E-30	1E-10	1E10	5.76E-9	0.13	1E10	1E-30	1520	1E10	7.82E-8	13.7	1E10	1.95E-7	369	1E-30	1E10	1E10	1E-30	1E10	1E10	1E-30	1E10	1E10	1E-30	1E10	1E10	1E-30	1E10	1E10	1E-30	1E10	1E10	1E-30	1E10	1E10	1E-30	1E10	1E10	1E-30	1E10	1E10	1E-30	1E10	1E10	1E-30	1E10	1E10
68	1.88E-14	1E-30	1E-10	1E10	5.76E-9	0.13	1E10	1E-30	1520	1E10	7.82E-8	13.7	1E10	1.95E-7	369	1E-30	1E10	1E10	1E-30	1E10	1E10	1E-30	1E10	1E10	1E-30	1E10	1E10	1E-30	1E10	1E10	1E-30	1E10	1E10	1E-30	1E10	1E10	1E-30	1E10	1E10	1E-30	1E10	1E10	1E-30	1E10	1E10	1E-30	1E10	1E10
69	2.21E-14	1E-30	1E-10	1E10	5.76E-9	0.13	1E10	1E-30	12100	1E10	7.47E-8	13.7	1E10	1.45E-7	369	1E-30	1E10	1E10	1E-30	1E10	1E10	1E-30	1E10	1E10	1E-30	1E10	1E10	1E-30	1E10	1E10	1E-30	1E10	1E10	1E-30	1E10	1E10	1E-30	1E10	1E10	1E-30	1E10	1E10	1E-30	1E10	1E10	1E-30	1E10	1E10
70	2.21E-14	1E-30	1E-10	1E10	5.76E-9	0.13	1E10	1E-30	12100	1E10	7.47E-8	13.7	1E10	1.45E-7	369	1E-30	1E10	1E10	1E-30	1E10	1E10	1E-30	1E10	1E10	1E-30	1E10	1E10	1E-30	1E10	1E10	1E-30	1E10	1E10	1E-30	1E10	1E10	1E-30	1E10	1E10	1E-30	1E10	1E10	1E-30	1E10	1E10	1E-30	1E10	1E10
71	2.21E-14	1E-30	1E-10	1E10	5.89E-9	0.08	1E10	1E-30	13500	1E10	6.21E-8	13.7	1E10	1.86E-7	627	1E-30	1E10	1E10	1E-30	1E10	1E10	1E-30	1E10	1E10	1E-30	1E10	1E10	1E-30	1E10	1E10	1E-30	1E10	1E10	1E-30	1E10	1E10	1E-30	1E10	1E10	1E-30	1E10	1E10	1E-30	1E10	1E10	1E-30	1E10	1E10
72	2.21E-14	1E-30	1E-10	1E10	5.89E-9	0.08	1E10	1E-30	13500	1E10	6.21E-8	13.7	1E10	1.86E-7	627	1E-30	1E10	1E10	1E-30	1E10	1E10	1E-30	1E10	1E10	1E-30	1E10	1E10	1E-30	1E10	1E10	1E-30	1E10	1E10	1E-30	1E10	1E10	1E-30	1E10	1E10	1E-30	1E10	1E10	1E-30	1E10	1E10	1E-30	1E10	1E10
73	2.19E-14	1E-30	1E-10	1E10	5.69E-9	0.08	1E10	1E-30	22600	1E10	7.84E-8	32.5	1E10	1.85E-7	558	1E10	4.57E-6	86200	1E-30	1E10	1E10	1E-30	1E10	1E10	1E-30	1E10	1E10	1E-30	1E10	1E10	1E-30	1E10	1E10	1E-30	1E10	1E10	1E-30	1E10	1E10	1E-30	1E10	1E10	1E-30	1E10	1E10	1E-30	1E10	1E10
74	2.19E-14	1E-30	1E-10	1E10	5.69E-9	0.08	1E10	1E-30	22600	1E10	7.84E-8	32.5	1E10	1.85E-7	558	1E10	4.57E-6	86200	1E-30	1E10	1E10	1E-30	1E10	1E10	1E-30	1E10	1E10	1E-30	1E10	1E10	1E-30	1E10	1E10	1E-30	1E10	1E10	1E-30	1E10	1E10	1E-30	1E10	1E10	1E-30	1E10	1E10	1E-30	1E10	1E10
75	2.02E-14	1E-30	1E-10	1E10	6.03E-9	0.13	1E10	1E-30	14200	1E10	8.98E-8	13.7	1E10	1.38E-7	329	1E-30	1E10	1E10	1E-30	1E10	1E10	1E-30	1E10	1E10	1E-30	1E10	1E10	1E-30	1E10	1E10	1E-30	1E10	1E10	1E-30	1E10	1E10	1E-30	1E10	1E10	1E-30	1E10	1E10	1E-30	1E10	1E10	1E-30	1E10	1E10
76	2.02E-14	1E-30	1E-10	1E10	6.03E-9	0.13	1E10	1E-30	14200	1E10	8.98E-8	13.7	1E10	1.38E-7	329	1E-30	1E10	1E10	1E-30	1E10	1E10	1E-30	1E10	1E10	1E-30	1E10	1E10	1E-30	1E10	1E10	1E-30	1E10	1E10	1E-30	1E10	1E10	1E-30	1E10	1E10	1E-30	1E10	1E10	1E-30	1E10	1E10	1E-30	1E10	1E10
77	2.11E-14	1E-30	1E-10	1E10	6.17E-9	0.13	1E10	1E-30	15200	1E10	8E-8	13.7	1E10	1.44E-7	321	1E-30	1E10	1E10	1E-30	1E10	1E10	1E-30	1E10	1E10	1E-30	1E10	1E10	1E-30	1E10	1E10	1E-30	1E10	1E10	1E-30	1E10	1E10	1E-30	1E10	1E10	1E-30	1E10	1E10	1E-30	1E10	1E10	1E-30	1E10	1E10
78	2.11E-14	1E-30	1E-10	1E10	6.17E-9	0.13	1E10	1E-30	15200	1E10	8E-8	13.7	1E10	1.44E-7	321	1E-30	1E10	1E10	1E-30	1E10	1E10	1E-30	1E10	1E10	1E-30	1E10	1E10	1E-30	1E10	1E10	1E-30	1E10	1E10	1E-30	1E10	1E10	1E-30	1E10	1E10	1E-30	1E10	1E10	1E-30	1E10	1E10	1E-30	1E10	1E10
79	2.11E-14	1E-30	1E-10	1E10	6.31E-9	0.13	1E10	1E-30	15200	1E10	8.38E-8	13.7	1E10	1.41E-7	307	1E-30	1E10	1E10	1E-30	1E10	1E10	1E-30	1E10	1E10	1E-30	1E10	1E10	1E-30	1E10	1E10	1E-30	1E10	1E10	1E-30	1E10	1E10	1E-30	1E10	1E10	1E-30	1E10	1E10	1E-30	1E10	1E10	1E-30	1E10	1E10
80	2.11E-14	1E-30	1E-10	1E10	6.31E-9	0.13	1E10	1E-30	15200	1E10	8.38E-8	13.7	1E10	1.41E-7	307	1E-30	1E10	1E10	1E-30	1E10	1E10	1E-30	1E10	1E10	1E-30	1E10	1E10	1E-30	1E10	1E10	1E-30	1E10	1E10	1E-30	1E10	1E10	1E-30	1E10	1E10	1E-30	1E10	1E10	1E-30	1E10	1E10	1E-30	1E10	1E10
81	2.31E-14	1E-30	1E-10	1E10	6.31E-9	0.13	1E10	1E-30	13200	1E10	8.77E-8	17.6	1E10	1.38E-7	307	1E-30	1E10	1E10	1E-30	1E10	1E10	1E-30	1E10	1E10	1E-30	1E10	1E10	1E-30	1E10	1E10	1E-30	1E10	1E10	1E-30	1E10	1E10	1E-30	1E10	1E10	1E-30	1E10	1E10	1E-30	1E10	1E10	1E-30	1E10	1E10
82	2.31E-14	1E-30	1E-10	1E10	6.31E-9	0.13	1E10	1E-30	13200	1E10	8.77E-8	17.6	1E10	1.38E-7	307	1E-30	1E10	1E10	1E-30	1E10	1E10	1E-30	1E10	1E10	1E-30	1E10	1E10	1E-30	1E10	1E10	1E-30	1E10	1E10	1E-30	1E10	1E10	1E-30	1E10	1E10	1E-30	1E10	1E10	1E-30	1E10	1E10	1E-30	1E10	1E10
83	2.31E-14	1E-30	1E-10	1E10	6.31E-9	0.13	1E10	1E-30	15200	1E10	8.77E-8	17.6	1E10	1.48E-7	321	1E-30	1E10	1E10	1E-30	1E10	1E10	1E-30	1E10	1E10	1E-30	1E10	1E10	1E-30	1E10	1E10	1E-30	1E10	1E10	1E-30	1E10	1E10	1E-30	1E10	1E10	1E-30	1E10	1E10	1E-30	1E10	1E10	1E-30	1E10	1E10
84	2.31E-14	1E-30	1E-10	1E10	6.31E-9	0.13	1E10	1E-30	15200	1E10	8.77E-8	17.6	1E10	1.48E-7	321	1E-30	1E10	1E10	1E-30	1E10	1E10	1E-30	1E10	1E10	1E-30	1E10	1E10	1E-30	1E10	1E10	1E-30	1E10	1E10	1E-30	1E10	1E10	1E-30	1E10	1E10	1E-30	1E10	1E10	1E-30	1E10	1E10	1E-30	1E10	1E10
85	1.86E-14	1E-30	1E-10	1E10	6.16E-9	0.13	1E10	1E-30	39300	1E10	1.03E-7	71.9	1E10	2.87E-7	1610	1E10	1.23E-5	131E3	1E-30	1E10	1E10	1E-30	1E10	1E10	1E-30	1E10	1E10	1E-30	1E10	1E10	1E-30	1E10	1E10	1E-30	1E10	1E10	1E-30	1E10	1E10	1E-30	1E10	1E10	1E-30	1E10	1E10	1E-30	1E10	1E10
86	1.86E-14	1E-30	1E-10	1E10	6.16E-9	0.13	1E10	1E-30	39300	1E10	1.03E-7	71.9	1E10	2.87E-7	1610	1E10	1.23E-5	131E3	1E-30	1E10	1E10	1E-30	1E10	1E10	1E-30	1E10	1E10	1E-30	1E10	1E10	1E-30	1E10	1E10	1E-30	1E10	1E10	1E-30	1E10	1E10	1E-30	1E10	1E10	1E-30	1E10	1E10	1E-30	1E10	1E10
87	2.6E-14	1E-30	1E-10	1E10	6.61E-9	0.13	1E10	1E-30	15200	1E10	8.77E-8	17.6	1E10	1.41E-7	307	1E-30	1E10	1E10	1E-30	1E10	1E10	1E-30	1E10	1E10	1E-30	1E10	1E10	1E-30	1E10	1E10	1E-30	1E10	1E10	1E-30	1E10	1E10	1E-30	1E10	1E10	1E-30	1E10	1E10	1E-30	1E10	1E10	1E-30	1E10	1E10
88	2.6E-14	1E-30	1E-10	1E10	6.61E-9	0.13	1E10	1E-30	15200	1E10	8.77E-8	17.6	1E10	1.41E-7	307	1E-30	1E10	1E10	1E-30	1E10	1E10	1E-30	1E10	1E10	1E-30	1E10	1E10	1E-30	1E10	1E10	1E-30	1E10	1E10	1E-30	1E10	1E10	1E-30	1E10	1E10	1E-30	1E10	1E10	1E-30	1E10	1E10	1E-30	1E10	1E10
89	2.92E-14	1E-30	1E-10	1E10	6.76E-9	0.13	1E10	1E-30	13900	1E10	8.57E-8	17.6	1E10	1.48E-7	307	1E-30	1E10	1E10	1E-30	1E10	1E10	1E-30	1E10	1E10	1E-30	1E10	1E10	1E-30	1E10	1E10	1E-30	1E10	1E10	1E-30	1E10	1E10	1E-30	1E10	1E10	1E-30	1E10	1E10	1E-30	1E10	1E10	1E-30	1E10	1E10
90	2.92E-14	1E-30	1E-10	1E10	6.76E-9	0.13	1E10	1E-30	13900	1E10	8.57E-8	17.6	1E10	1.48E-7	307	1E-30	1E10	1E10	1E-30	1E10	1E10	1E-30	1E10	1E10	1E-30	1E10	1E10	1E-30	1E10	1E10	1E-30	1E10	1E10	1E-30	1E10	1E10	1E-30	1E10	1E10	1E-30	1E10	1E10	1E-30	1E10	1E10	1E-30	1E10	1E10
91	2.27E-14	1E-30	1E-10	1E10	6.92E-9	0.13	1E10	1E-30	1E4	1E10	8.97E-8	17.6	1E10	1.58E-7	386	1E-30	1E10	1E10	1E-30	1E10	1E10	1E-30	1E10	1E10	1E-30	1E10	1E10	1E-30	1E10	1E10	1E-30	1E10	1E10	1E-30	1E10	1E10	1E-30	1E10	1E10	1E-30	1E10	1E10	1E-30	1E10	1E10	1E-30	1E10	1E10
92	2.27E-14	1E-30	1E-10	1E10	6.92E-9	0.13	1E10	1E-30	1E4	1E10	8.97E-8	17.6	1E10	1.58E-7	386	1E-30	1E10	1E10	1E-30	1E10	1E10	1E-30	1E10	1E10	1E-30	1E10	1E10	1E-30	1E10	1E10	1E-30	1E10	1E10	1E-30	1E10	1E10	1E-30	1E10	1E10	1E-30	1E10	1E10	1E-30	1E10	1E10	1E-30	1E10	1E10
93	2.93E-14	1E-30	1E-10	1E10	6.92E-9	0.13	1E10	1E-30	8160	1E10	8.37E-8	17.6	1E10	1.44E-7	321	1E-30	1E10	1E10	1E-30	1E10	1E10	1E-30	1E10	1E10	1E-30	1E10	1E10	1E-30	1E10	1E10	1E-30	1E10	1E10	1E-30	1E10	1E10	1E-30	1E10	1E10	1E-30	1E10	1E10	1E-30	1E10	1E10	1E-30	1E10	1E10
94	2.93E-14	1E-30	1E-10	1E10	6.92E-9	0.13	1E10	1E-30	8160	1E10	8.37E-8	17.6	1E10	1.44E-7	321	1E-30	1E10	1E10	1E-30	1E10	1E10	1E-30	1E10	1E10	1E-30	1E10	1E10	1E-30	1E10	1E10	1E-30	1E10	1E10	1E-30	1E10	1E10	1E-30	1E10	1E10	1E-30	1E10	1E10	1E-30	1E10	1E10	1E-30	1E10	1E10
95	2.86E-14	1E-30	1E-10	1E10	7.08E-9	0.13	1E10	1E-30	9370	1E10	9.18E-8	17.6	1E10	1.55E-7	307	1E-30	1E10	1E10	1E-30	1E10	1E10	1E-30	1E10	1E10	1E-30	1E10	1E10	1E-30	1E10	1E10	1E-30	1E10	1E10	1E-30	1E10	1E10	1E-30	1E10	1E10	1E-30	1E10	1E10	1E-30	1E10	1E10	1E-30	1E10	1E10
96	2.86E-14	1E-30	1E-10	1E10	7.08E-9	0.13	1E10	1E-30	9370	1E10	9.18E-8	17.6	1E10	1.55E-7	307	1E-30	1E10	1E10	1E-30	1E10	1E10	1E-30	1E10	1E10	1E-30	1E10	1E10	1E-30	1E10	1E10	1E-30	1E10	1E10	1E-30	1E10	1E10	1E-30	1E10	1E10	1E-30	1E10	1E10	1E-30	1E10	1E10	1E-30	1E10	1E10
97	1.41E-14	1E-30	1E-10	1E10	6.97E-9	0.1	1E10	1E-30	26500	1E10	9.53E-8	40.1	1E10	2.71E-7	716	1E10	1.38E-6	9570	1E-30	1E10	1E10	1E-30	1E10	1E10	1E-30	1E10	1E10	1E-30	1E10	1E10	1E-30	1E10	1E10	1E-30	1E10	1E10	1E-30	1E10	1E10	1E-30	1E10	1E10	1E-30	1E10	1E10	1E-30	1E10	1E10
98	1.41E-14	1E-30	1E-10	1E10	6.97E-9	0.1	1E10	1E-30	26500	1E10	9.53E-8	40.1	1E10	2.71E-7	716	1E10	1.38E-6	9570	1E-30	1E10	1E10	1E-30	1E10	1E10	1E-30	1E10	1E10	1E-30	1E10	1E10	1E-30	1E10	1E10	1E-30	1E10	1E10	1E-30	1E10	1E10	1E-30	1E10	1E10	1E-30	1E10	1E10	1E-30	1E10	1E10
99	2.22E-14	1E-30	1E-10	1E10	7.59E-9	0.1	1E10	1E-30	14200	1E10	9.84E-8	17.6	1E10	1.81E-7	307	1E-30	1E10	1E10	1E-30	1E10	1E10	1E-30	1E10	1E10	1E-30	1E10	1E10	1E-30	1E10	1E10	1E-30	1E10	1E10	1E-30	1E10	1E10	1E-30	1E10	1E10	1E-30	1E10	1E10	1E-30	1E10	1E10	1E-30	1E10	1E10
100	2.22E-14	1E-30	1E-10	1E10	7.59E-9	0.1	1E10	1E-30	14200	1E10	9.84E-8	17.6	1E10	1.81E-7	307	1E-30	1E10	1E10	1E-30	1E10	1E10	1E-30	1E10	1E10	1E-30	1E10	1E10	1E-30	1E10	1E10	1E-30	1E10	1E10	1E-30	1E10	1E10	1E-30	1E10	1E10	1E-30	1E10	1E10	1E-30	1E10	1E10	1E-30	1E10	1E10
101	2.21E-14	1E-30	1E-10	1E10	7.59E-9	0.1	1E10	1E-30	15200	1E10	9.62E-8	17.6	1E10	1.73E-7	307	1E-30	1E10	1E10	1E-30	1E10	1E10	1E-30	1E10	1E10	1E-30	1E10	1E10	1E-30	1E10	1E10	1E-30	1E10	1E10	1E-30	1E10	1E10	1E-30	1E10	1E10	1E-30	1E10	1E10	1E-30	1E10	1E10	1E-30	1E10	1E10
102	2.21E-14	1E-30	1E-10	1E10	7.59E-9	0.1	1E10	1E-30	15200	1E10	9.62E-8	17.6	1E10	1.73E-7	307	1E-30	1E10	1E10	1E-30	1E10	1E10	1E-30	1E10	1E10	1E-30	1E10	1E10	1E-30	1E10	1E10	1E-30	1E10	1E10	1E-30	1E10	1E10	1E-30	1E10	1E10	1E-30	1E10	1E10	1E-30	1E10	1E10	1E-30	1E10	1E10
103	2.31E-14	1E-30	1E-10	1E10	7.77E-9	0.1	1E10	1E-30	11E3	1E10	8.38E-8	17.6	1E10	1.77E-7	238	1E-30	1E10	1E10	1E-30	1E10	1E10	1E-30	1E10	1E10	1E-30	1E10	1E10	1E-30	1E10	1E10	1E-30	1E10	1E10	1E-30	1E10	1E10	1E-30	1E10	1E10	1E-30	1E10	1E10	1E-30	1E10	1E10	1E-30	1E10	1E10
104	2.31E-14	1E-30	1E-10	1E10	7.77E-9	0.1	1E10	1E-30	11E3	1E10	8.38E-8	17.6	1E10	1.77E-7	238	1E-30	1E10	1E10	1E-30	1E10	1E10	1E-30	1E10	1E10	1E-30	1E10	1E10	1E-30	1E10	1E10	1E-30	1E10	1E10	1E-30	1E10	1E10	1E-30	1E10	1E10	1E-30	1E10	1E10	1E-30	1E10	1E10	1E-30	1E10	1E10
105	2.37E-14	1E-30	1E-10	1E10	7.77E-9	0.1	1E10	1E-30	14200	1E10	1.1E-7	17.6	1E10	1.58E-7	238	1E-30	1E10	1E10	1E-30	1E10	1E10	1E-30	1E10	1E10	1E-30	1E10	1E10	1E-30	1E10	1E10	1E-30	1E10	1E10	1E-30	1E10	1E10	1E-30	1E10	1E10	1E-30	1E10	1E10	1E-30	1E10	1E10	1E-30	1E10	1E10
106	2.37E-14	1E-30	1E-10	1E10	7.77E-9	0.1	1E10	1E-30	14200	1E10	1.1E-7	17.6	1E10	1.58E-7	238	1E-30	1E10	1E10	1E-30	1E10	1E10	1E-30	1E10	1E10	1E-30	1E10	1E10	1E-30	1E10	1E10	1E-30	1E10	1E10	1E-30	1E10	1E10	1E-30	1E10	1E10	1E-30	1E10	1E10	1E-30	1E10	1E10	1E-30	1E10	1E10
107	2.53E-14	1E-30	1E-10	1E10	7.77E-9	0.1	1E10	1E-30	17900	1E10	1E-7	17.6	1E10	1.51E-7	238	1E-30	1E10	1E10	1E-30	1E10	1E10	1E-30	1E10	1E10	1E-30	1E10	1E10	1E-30	1E10	1E10	1E-30	1E10	1E10	1E-30	1E10	1E10	1E-30	1E10	1E10	1E-30	1E10	1E10	1E-30	1E10	1E10	1E-30	1E10	1E10
108	2.53E-14	1E-30	1E-10	1E10	7.77E-9	0.1	1E10	1E-30	17900	1E10	1E-7	17.6	1E10	1.51E-7	238	1E-30	1E10	1E10	1E-30	1E10	1E10	1E-30	1E10	1E10	1E-30	1E10	1E10	1E-30	1E10	1E10	1E-30	1E10	1E10	1E-30	1E10	1E10	1E-30	1E10	1E10	1E-30	1E10	1E10	1E-30	1E10	1E10	1E-30	1E10	1E10
109	2.42E-14	1E-30	1E-10	1E10	8.14E-9	0.1	1E10	1E-30	14500	1E10	5.77E-8	6.39	1E10	1.58E-7	238	1E-30	1E10	1E10	1E-30	1E10	1E10	1E-30	1E10	1E10	1E-30	1E10	1E10	1E-30	1E10	1E10	1E-30	1E10	1E10	1E-30	1E10	1E10	1E-30	1E10	1E10	1E-30	1E10	1E10	1E-30	1E10	1E10	1E-30	1E10	1E10
110	2.42E-14	1E-30	1E-10	1E10	8.14E-9	0.1	1E10	1E-30	14500	1E10	5.77E-8	6.39	1E10	1.58E-7	238	1E-30	1E10	1E10	1E-30	1E10	1E10	1E-30	1E10	1E10	1E-30	1E10	1E10	1E-30	1E10	1E10	1E-30	1E10	1E10	1E-30	1E10	1E10	1E-30	1E10	1E10	1E-30	1E10	1E10	1E-30	1E10	1E10	1E-30	1E10	1E10
111	2.27E-14	1E-30	1E-10	1E10	7.58E-9	0.1	1E10	1E-30	24E3	1E10	1.02E-7	35.9	1E10	2.37E-7	626	1E10	4.19E-6	55300	1E-30	1E10	1E10	1E-30	1E10	1E10	1E-30	1E10	1E10	1E-30	1E10	1E10	1E-30	1E10	1E10	1E-30	1E10	1E10	1E-30	1E10	1E10	1E-30	1E10	1E10	1E-30	1E10	1E10	1E-30	1E10	1E10
112	2.27E-14	1E-30	1E-10	1E10	7.58E-9	0.1	1E10	1E-30	24E3	1E10	1.02E-7	35.9	1E10	2.37E-7	626	1E10	4.19E-6	55300	1E-30	1E10	1E10	1E-30	1E10	1E10	1E-30	1E10	1E10	1E-30	1E10	1E10	1E-30	1E10	1E10	1E-30	1E10	1E10	1E-30	1E10	1E10	1E-30	1E10	1E10	1E-30	1E10	1E10	1E-30	1E10	1E10
113	2.37E-14	1E-30	1E-10	1E10	8.14E-9	0.16	1E10	1E-30	12600	1E10	1.23E-7	15.7	1E10	1.55E-7	238	1E-30	1E10	1E10	1E-30	1E10	1E10	1E-30	1E10	1E10	1E-30	1E10	1E10	1E-30	1E10	1E10	1E-30	1E10	1E10	1E-30	1E10	1E10	1E-30	1E10	1E10	1E-30	1E10	1E10	1E-30	1E10	1E10	1E-30	1E10	1E10
114	2.37E-14	1E-30	1E-10	1E10	8.14E-9	0.16	1E10	1E-30	12600	1E10	1.23E-7	15.7	1E10	1.55E-7	238	1E-30	1E10	1E10	1E-30	1E10	1E10	1E-30	1E10	1E10	1E-30	1E10	1E10	1E-30	1E10	1E10	1E-30	1E10	1E10	1E-30	1E10	1E10	1E-30	1E10	1E10	1E-30	1E10	1E10	1E-30	1E10	1E10	1E-30	1E10	1E10
115	2.26E-14	1E-30	1E-10	1E10	8.14E-9	0.16	1E10	1E-30	12100	1E10	1.2E-7	17.6	1E10	1.51E-7	238	1E-30	1E10	1E10	1E-30	1E10	1E10	1E-30	1E10	1E10	1E-30	1E10	1E10	1E-30	1E10	1E10	1E-30	1E10	1E10	1E-30	1E10	1E10	1E-30	1E10	1E10	1E-30	1E10	1E10	1E-30	1E10	1E10	1E-30	1E10	1E10
116	2.26E-14	1E-30	1E-10	1E10	8.14E-9	0.16	1E10	1E-30	12100	1E10	1.2E-7	17.6	1E10	1.51E-7	238	1E-30	1E10	1E10	1E-30	1E10	1E10	1E-30	1E10	1E10	1E-30	1E10	1E10	1E-30	1E10	1E10	1E-30	1E10	1E10	1E-30	1E10	1E10	1E-30	1E10	1E10	1E-30	1E10	1E10	1E-30	1E10	1E10	1E-30	1E10	1E10
117	2.11E-14	1E-30	1E-10	1E10	8.33E-9	0.16	1E10	1E-30	15200	1E10	1.48E-7	17.6	1E10	1.44E-7	212	1E-30	1E10	1E10	1E-30	1E10	1E10	1E-30	1E10	1E10	1E-30	1E10	1E10	1E-30	1E10	1E10	1E-30	1E10	1E10	1E-30	1E10	1E10	1E-30	1E10	1E10	1E-30	1E10	1E10	1E-30	1E10	1E10	1E-30	1E10	1E10
118	2.11E-14	1E-30	1E-10	1E10	8.33E-9	0.16	1E10	1E-30	15200	1E10	1.48E-7	17.6	1E10	1.44E-7	212	1E-30	1E10	1E10	1E-30	1E10	1E10	1E-30	1E10	1E10	1E-30	1E10	1E10	1E-30	1E10	1E10	1E-30	1E10	1E10	1E-30	1E10	1E10	1E-30	1E10	1E10	1E-30	1E10	1E10	1E-30	1E10	1E10	1E-30	1E10	1E10
119	2.53E-14	1E-30	1E-10	1E10	8.52E-9	0.16	1E10	1E-30	11800	1E10	1.12E-7	17.6	1E10	1.99E-7	413	1E-30	1E10	1E10	1E-30	1E10	1E10	1E-30	1E10	1E10	1E-30	1E10	1E10	1E-30	1E10	1E10	1E-30	1E10	1E10	1E-30	1E10	1E10	1E-30	1E10	1E10	1E-30	1E10	1E10	1E-30	1E10	1E10	1E-30	1E10	1E10
120	2.53E-14	1E-30	1E-10	1E10	8.52E-9	0.16	1E10	1E-30	11800	1E10	1.12E-7	17.6	1E10	1.99E-7	413	1E-30	1E10	1E10	1E-30	1E10	1E10	1E-30	1E10	1E10	1E-30	1E10	1E10	1E-30	1E10	1E10	1E-30	1E10	1E10	1E-30	1E10	1E10	1E-30	1E10	1E10	1E-30	1E10	1E10	1E-30	1E10	1E10	1E-30	1E10	1E10
121	2.59E-14	1E-30	1E-10	1E10	8.52E-9	0.16	1E10	1E-30	15200	1E10	1.17E-7	14	1E10	1.66E-7	299	1E-30	1E10	1E10	1E-30	1E10	1E10	1E-30	1E10	1E10	1E-30	1E10	1E10	1E-30	1E10	1E10	1E-30	1E10	1E10	1E-30	1E10	1E10	1E-30	1E10	1E10	1E-30	1E10	1E10	1E-30	1E10	1E10	1E-30	1E10	1E10
122	2.59E-14	1E-30	1E-10	1E10	8.52E-9	0.16	1E10	1E-30	15200	1E10	1.17E-7	14	1E10	1.66E-7	299	1E-30	1E10	1E10	1E-30	1E10	1E10	1E-30	1E10	1E10	1E-30	1E10	1E10	1E-30	1E10	1E10	1E-30	1E10	1E10	1E-30	1E10	1E10	1E-30	1E10	1E10	1E-30	1E10	1E10	1E-30	1E10	1E10	1E-30	1E10	1E10
123	2.31E-14	1E-30	1E-10	1E10	8.72E-9	0.16	1E10	1E-30	15200	1E10	1.72E-7	17.2	1E10	1.29E-7	153	1E-30	1E10	1E10	1E-30	1E10	1E10	1E-30	1E10	1E10	1E-30	1E10	1E10	1E-30	1E10	1E10	1E-30	1E10	1E10	1E-30	1E10	1E10	1E-30	1E10	1E10	1E-30	1E10	1E10	1E-30	1E10	1E10	1E-30	1E10	1E10
124	2.31E-14	1E-30	1E-10	1E10	8.72E-9	0.16	1E10	1E-30	15200	1E10	1.72E-7	17.2	1E10	1.29E-7	153	1E-30	1E10	1E10	1E-30	1E10	1E10	1E-30	1E10	1E10	1E-30	1E10	1E10	1E-30	1E10	1E10	1E-30	1E10	1E10	1E-30	1E10	1E10	1E-30	1E10	1E10	1E-30	1E10	1E10	1E-30	1E10	1E10	1E-30	1E10	1E10
125	2.01E-14	1E-30	1E-10	1E10	8.29E-9	0.16	1E10	1E-30	35600	1E10	1.36E-7	81.9	1E10	3.49E-7	1510	1E10	4.44E-6	36500	1E-30	1E10	1E10	1E-30	1E10	1E10	1E-30	1E10	1E10	1E-30	1E10	1E10	1E-30	1E10	1E10	1E-30	1E10	1E10	1E-30	1E10	1E10	1E-30	1E10	1E10	1E-30	1E10	1E10	1E-30	1E10	1E10
126	2.01E-14	1E-30	1E-10	1E10	8.29E-9	0.16	1E10	1E-30	35600	1E10	1.36E-7	81.9	1E10	3.49E-7	1510	1E10	4.44E-6	36500	1E-30	1E10	1E10	1E-30	1E10	1E10	1E-30	1E10	1E10	1E-30	1E10	1E10	1E-30	1E10	1E10	1E-30	1E10	1E10	1E-30	1E10	1E10	1E-30	1E10	1E10	1E-30	1E10	1E10	1E-30	1E10	1E10
127	2.84E-14	1E-30	1E-10	1E10	8.92E-9	0.16	1E10	1E-30	15200	1E10	6.42E-8	5.88	1E10	1.35E-7	168	1E-30	1E10	1E10	1E-30	1E10	1E10	1E-30	1E10	1E10	1E-30	1E10	1E10	1E-30	1E10	1E10	1E-30	1E10	1E10	1E-30	1E10	1E10	1E-30	1E10	1E10	1E-30	1E10	1E10	1E-30	1E10	1E10	1E-30	1E10	1E10
128	2.84E-14	1E-30	1E-10	1E10	8.92E-9	0.16	1E10	1E-30	15200	1E10	6.42E-8	5.88	1E10	1.35E-7	168	1E-30	1E10	1E10	1E-30	1E10	1E10	1E-30	1E10	1E10	1E-30	1E10	1E10	1E-30	1E10	1E10	1E-30	1E10	1E10	1E-30	1E10	1E10	1E-30	1E10	1E10	1E-30	1E10	1E10	1E-30	1E10	1E10	1E-30	1E10	1E10
129	2.65E-14	1E-30	1E-10	1E10	9.13E-9	0.16	1E10	1E-30	15200	1E10	1.53E-7	17.2	1E10	1.29E-7	153	1E-30	1E10	1E10	1E-30	1E10	1E10	1E-30	1E10	1E10	1E-30	1E10	1E10	1E-30	1E10	1E10	1E-30	1E10	1E10	1E-30	1E10	1E10	1E-30	1E10	1E10	1E-30	1E10	1E10	1E-30	1E10	1E10	1E-30	1E10	1E10
130	2.65E-14	1E-30	1E-10	1E10	9.13E-9	0.16	1E10	1E-30	15200	1E10	1.53E-7	17.2	1E10	1.29E-7	153	1E-30	1E10	1E10	1E-30	1E10	1E10	1E-30	1E10	1E10	1E-30	1E10	1E10	1E-30	1E10	1E10	1E-30	1E10	1E10	1E-30	1E10	1E10	1E-30	1E10	1E10	1E-30	1E10	1E10	1E-30	1E10	1E10	1E-30	1E10	1E10
131	2.41E-14	1E-30	1E-10	1E10	9.34E-9	0.23	1E10	1E-30	15200	1E10	2.07E-7	17.6	1E10	1.32E-7	172	1E-30	1E10	1E10	1E-30	1E10	1E10	1E-30	1E10	1E10	1E-30	1E10	1E10	1E-30	1E10	1E10	1E-30	1E10	1E10	1E-30	1E10	1E10	1E-30	1E10	1E10	1E-30	1E10	1E10	1E-30	1E10	1E10	1E-30	1E10	1E10
132	2.41E-14	1E-30	1E-10	1E10	9.34E-9	0.23	1E10	1E-30	15200	1E10	2.07E-7	17.6	1E10	1.32E-7	172	1E-30	1E10	1E10	1E-30	1E10	1E10	1E-30	1E10	1E10	1E-30	1E10	1E10	1E-30	1E10	1E10	1E-30	1E10	1E10	1E-30	1E10	1E10	1E-30	1E10	1E10	1E-30	1E10	1E10	1E-30	1E10	1E10	1E-30	1E10	1E10
133	2.31E-14	1E-30	1E-10	1E10	9.13E-9	0.23	1E10	1E-30	15200	1E10	3.28E-7	17.6	1E10	1.15E-7	128	1E-30	1E10	1E10	1E-30	1E10	1E10	1E-30	1E10	1E10	1E-30	1E10	1E10	1E-30	1E10	1E10	1E-30	1E10	1E10	1E-30	1E10	1E10	1E-30	1E10	1E10	1E-30	1E10	1E10	1E-30	1E10	1E10	1E-30	1E10	1E10
134	2.31E-14	1E-30	1E-10	1E10	9.13E-9	0.23	1E10	1E-30	15200	1E10	3.28E-7	17.6	1E10	1.15E-7	128	1E-30	1E10	1E10	1E-30	1E10	1E10	1E-30	1E10	1E10	1E-30	1E10	1E10	1E-30	1E10	1E10	1E-30	1E10	1E10	1E-30	1E10	1E10	1E-30	1E10	1E10	1E-30	1E10	1E10	1E-30	1E10	1E10	1E-30	1E10	1E10
135	2.53E-14	1E-30	1E-10	1E10	9.13E-9	0.23	1E10	1E-30	15200	1E10	3.21E-7	17.6	1E10	1.18E-7	128	1E-30	1E10	1E10	1E-30	1E10	1E10	1E-30	1E10	1E10	1E-30	1E10	1E10	1E-30	1E10	1E10	1E-30	1E10	1E10	1E-30	1E10	1E10	1E-30	1E10	1E10	1E-30	1E10	1E10	1E-30	1E10	1E10	1E-30	1E10	1E10
136	2.53E-14	1E-30	1E-10	1E10	9.13E-9	0.23	1E10	1E-30	15200	1E10	3.21E-7	17.6	1E10	1.18E-7	128	1E-30	1E10	1E10	1E-30	1E10	1E10	1E-30	1E10	1E10	1E-30	1E10	1E10	1E-30	1E10	1E10	1E-30	1E10	1E10	1E-30	1E10	1E10	1E-30	1E10	1E10	1E-30	1E10	1E10	1E-30	1E10	1E10	1E-30	1E10	1E10
137	2.48E-14	1E-30	1E-10	1E10	9.13E-9	0.23	1E10	1E-30	15200	1E10	6.76E-8	20.8	1E10	4.72E-7	973	1E-30	1E10	1E10	1E-30	1E10	1E10	1E-30	1E10	1E10	1E-30	1E10	1E10	1E-30	1E10	1E10	1E-30	1E10	1E10	1E-30	1E10	1E10	1E-30	1E10	1E10	1E-30	1E10	1E10	1E-30	1E10	1E10	1E-30	1E10	1E10
138	2.48E-14	1E-30	1E-10	1E10	9.13E-9	0.23	1E10	1E-30	15200	1E10	6.76E-8	20.8	1E10	4.72E-7	973	1E-30	1E10	1E10	1E-30	1E10	1E10	1E-30	1E10	1E10	1E-30	1E10	1E10	1E-30	1E10	1E10	1E-30	1E10	1E10	1E-30	1E10	1E10	1E-30	1E10	1E10	1E-30	1E10	1E10	1E-30	1E10	1E10	1E-30	1E10	1E10
139	2.01E-14	1E-30	1E-10	1E10	9.56E-9	0.18	1E10	1E-30	15600	1E10	1.31E-7	17.6	1E10	1.75E-7	261	1E-30	1E10	1E10	1E-30	1E10	1E10	1E-30	1E10	1E10	1E-30	1E10	1E10	1E-30	1E10	1E10	1E-30	1E10	1E10	1E-30	1E10	1E10	1E-30	1E10	1E10	1E-30	1E10	1E10	1E-30	1E10	1E10	1E-30	1E10	1E10
140	2.01E-14	1E-30	1E-10	1E10	9.56E-9	0.18	1E10	1E-30	15600	1E10	1.31E-7	17.6	1E10	1.75E-7	261	1E-30	1E10	1E10	1E-30	1E10	1E10	1E-30	1E10	1E10	1E-30	1E10	1E10	1E-30	1E10	1E10	1E-30	1E10	1E10	1E-30	1E10	1E10	1E-30	1E10	1E10	1E-30	1E10	1E10	1E-30	1E10	1E10	1E-30	1E10	1E10
141	1.83E-14	1E-30	1E-10	1E10	9.78E-9	0.18	1E10	1E-30	12100	1E10	1.73E-7	17.6	1E10	1.63E-7	203	1E-30	1E10	1E10	1E-30	1E10	1E10	1E-30	1E10	1E10	1E-30	1E10	1E10	1E-30	1E10	1E10	1E-30	1E10	1E10	1E-30	1E10	1E10	1E-30	1E10	1E10	1E-30	1E10	1E10	1E-30	1E10	1E10	1E-30	1E10	1E10
142	1.83E-14	1E-30	1E-10	1E10	9.78E-9	0.18	1E10	1E-30	12100	1E10	1.73E-7	17.6	1E10	1.63E-7	203	1E-30	1E10	1E10	1E-30	1E10	1E10	1E-30	1E10	1E10	1E-30	1E10	1E10	1E-30	1E10	1E10	1E-30	1E10	1E10	1E-30	1E10	1E10	1E-30	1E10	1E10	1E-30	1E10	1E10	1E-30	1E10	1E10	1E-30	1E10	1E10
143	1.98E-14	1E-30	1E-10	1E10	9.76E-9	0.11	1E10	1E-30	28900	1E10	1.2E-7	38.4	1E10	2.64E-7	596	1E10	2.3E-6	16E3	1E-30	1E10	1E10	1E-30	1E10	1E10	1E-30	1E10	1E10	1E-30	1E10	1E10	1E-30	1E10	1E10	1E-30	1E10	1E10	1E-30	1E10	1E10	1E-30	1E10	1E10	1E-30	1E10	1E10	1E-30	1E10	1E10
144	1.98E-14	1E-30	1E-10	1E10	9.76E-9	0.11	1E10	1E-30	28900	1E10	1.2E-7	38.4	1E10	2.64E-7	596	1E10	2.3E-6	16E3	1E-30	1E10	1E10	1E-30	1E10	1E10	1E-30	1E10	1E10	1E-30	1E10	1E10	1E-30	1E10	1E10	1E-30	1E10	1E10	1E-30	1E10	1E10	1E-30	1E10	1E10	1E-30	1E10	1E10	1E-30	1E10	1E10
145	2.48E-14	1E-30	1E-10	1E10	1.02E-8	0.11	1E10	1E-30	15200	1E10	1.41E-7	17.6	1E10	1.83E-7	262	1E-30	1E10	1E10	1E-30	1E10	1E10	1E-30	1E10	1E10	1E-30	1E10	1E10	1E-30	1E10	1E10	1E-30	1E10	1E10	1E-30	1E10	1E10	1E-30	1E10	1E10	1E-30	1E10	1E10	1E-30	1E10	1E10	1E-30	1E10	1E10
146	2.48E-14	1E-30	1E-10	1E10	1.02E-8	0.11	1E10	1E-30	15200	1E10	1.41E-7	17.6	1E10	1.83E-7	262	1E-30	1E10	1E10	1E-30	1E10	1E10	1E-30	1E10	1E10	1E-30	1E10	1E10	1E-30	1E10	1E10	1E-30	1E10	1E10	1E-30	1E10	1E10	1E-30	1E10	1E10	1E-30	1E10	1E10	1E-30	1E10	1E10	1E-30	1E10	1E10
147	1.87E-14	1E-30	1E-10	1E10	9.97E-9	0.18	1E10	1E-30	15200	1E10	2.51E-7	17.6	1E10	1.63E-7	203	1E-30	1E10	1E10	1E-30	1E10	1E10	1E-30	1E10	1E10	1E-30	1E10	1E10	1E-30	1E10	1E10	1E-30	1E10	1E10	1E-30	1E10	1E10	1E-30	1E10	1E10	1E-30	1E10	1E10	1E-30	1E10	1E10	1E-30	1E10	1E10
148	1.87E-14	1E-30	1E-10	1E10	9.97E-9	0.18	1E10	1E-30	15200	1E10	2.51E-7	17.6	1E10	1.63E-7	203	1E-30	1E10	1E10	1E-30	1E10	1E10	1E-30	1E10	1E10	1E-30	1E10	1E10	1E-30	1E10	1E10	1E-30	1E10	1E10	1E-30	1E10	1E10	1E-30	1E10	1E10	1E-30	1E10	1E10	1E-30	1E10	1E10	1E-30	1E10	1E10
149	2.01E-14	1E-30	1E-10	1E10	9.97E-9	0.18	1E10	1E-30	15200	1E10	2.4E-7	17.6	1E10	1.67E-7	223	1E-30	1E10	1E10	1E-30	1E10	1E10	1E-30	1E10	1E10	1E-30	1E10	1E10	1E-30	1E10	1E10	1E-30	1E10	1E10	1E-30	1E10	1E10	1E-30	1E10	1E10	1E-30	1E10	1E10	1E-30	1E10	1E10	1E-30	1E10	1E10
150	2.01E-14	1E-30	1E-10	1E10	9.97E-9	0.18	1E10	1E-30	15200	1E10	2.4E-7	17.6	1E10	1.67E-7	223	1E-30	1E10	1E10	1E-30	1E10	1E10	1E-30	1E10	1E10	1E-30	1E10	1E10	1E-30	1E10	1E10	1E-30	1E10	1E10	1E-30	1E10	1E10	1E-30	1E10	1E10	1E-30	1E10	1E10	1E-30	1E10	1E10	1E-30	1E10	1E10
151	2.06E-14	1E-30	1E-10	1E10	1.02E-8	0.18	1E10	1E-30	15200	1E10	2.69E-7	17.6	1E10	1.67E-7	199	1E-30	1E10	1E10	1E-30	1E10	1E10	1E-30	1E10	1E10	1E-30	1E10	1E10	1E-30	1E10	1E10	1E-30	1E10	1E10	1E-30	1E10	1E10	1E-30	1E10	1E10	1E-30	1E10	1E10	1E-30	1E10	1E10	1E-30	1E10	1E10
152	2.06E-14	1E-30	1E-10	1E10	1.02E-8	0.18	1E10	1E-30	15200	1E10	2.69E-7	17.6	1E10	1.67E-7	199	1E-30	1E10	1E10	1E-30	1E10	1E10	1E-30	1E10	1E10	1E-30	1E10	1E10	1E-30	1E10	1E10	1E-30	1E10	1E10	1E-30	1E10	1E10	1E-30	1E10	1E10	1E-30	1E10	1E10	1E-30	1E10	1E10	1E-30	1E10	1E10
153	2E-14	1E-30	1E-10	1E10	1.04E-8	0.18	1E10	1E-30	15900	1E10	1.95E-7	17.6	1E10	1.67E-7	223	1E-30	1E10	1E10	1E-30	1E10	1E10	1E-30	1E10	1E10	1E-30	1E10	1E10	1E-30	1E10	1E10	1E-30	1E10	1E10	1E-30	1E10	1E10	1E-30	1E10	1E10	1E-30	1E10	1E10	1E-30	1E10	1E10	1E-30	1E10	1E10
154	2E-14	1E-30	1E-10	1E10	1.04E-8	0.18	1E10	1E-30	15900	1E10	1.95E-7	17.6	1E10	1.67E-7	223	1E-30	1E10	1E10	1E-30	1E10	1E10	1E-30	1E10	1E10	1E-30	1E10	1E10	1E-30	1E10	1E10	1E-30	1E10	1E10	1E-30	1E10	1E10	1E-30	1E10	1E10	1E-30	1E10	1E10	1E-30	1E10	1E10	1E-30	1E10	1E10
155	2.36E-14	1E-30	1E-10	1E10	1.04E-8	0.18	1E10	1E-30	19600	1E10	1.66E-7	17.6	1E10	2.05E-7	323	1E-30	1E10	1E10	1E-30	1E10	1E10	1E-30	1E10	1E10	1E-30	1E10	1E10	1E-30	1E10	1E10	1E-30	1E10	1E10	1E-30	1E10	1E10	1E-30	1E10	1E10	1E-30	1E10	1E10	1E-30	1E10	1E10	1E-30	1E10	1E10
156	2.36E-14	1E-30	1E-10	1E10	1.04E-8	0.18	1E10	1E-30	19600	1E10	1.66E-7	17.6	1E10	2.05E-7	323	1E-30	1E10	1E10	1E-30	1E10	1E10	1E-30	1E10	1E10	1E-30	1E10	1E10	1E-30	1E10	1E10	1E-30	1E10	1E10	1E-30	1E10	1E10	1E-30	1E10	1E10	1E-30	1E10	1E10	1E-30	1E10	1E10	1E-30	1E10	1E10
157	2.36E-14	1E-30	1E-10	1E10	1.04E-8	0.18	1E10	1E-30	19100	1E10	1.47E-7	17.6	1E10	1.83E-7	287	1E-30	1E10	1E10	1E-30	1E10	1E10	1E-30	1E10	1E10	1E-30	1E10	1E10	1E-30	1E10	1E10	1E-30	1E10	1E10	1E-30	1E10	1E10	1E-30	1E10	1E10	1E-30	1E10	1E10	1E-30	1E10	1E10	1E-30	1E10	1E10
158	2.36E-14	1E-30	1E-10	1E10	1.04E-8	0.18	1E10	1E-30	19100	1E10	1.47E-7	17.6	1E10	1.83E-7	287	1E-30	1E10	1E10	1E-30	1E10	1E10	1E-30	1E10	1E10	1E-30	1E10	1E10	1E-30	1E10	1E10	1E-30	1E10	1E10	1E-30	1E10	1E10	1E-30	1E10	1E10	1E-30	1E10	1E10	1E-30	1E10	1E10	1E-30	1E10	1E10
159	2.11E-14	1E-30	1E-10	1E10	1.03E-8	0.18	1E10	1E-30	32300	1E10	1.57E-7	84.5	1E10	4.93E-7	1600	1E10	7.33E-6	12E4	1E-30	1E10	1E10	1E-30	1E10	1E10	1E-30	1E10	1E10	1E-30	1E10	1E10	1E-30	1E10	1E10	1E-30	1E10	1E10	1E-30	1E10	1E10	1E-30	1E10	1E10	1E-30	1E10	1E10	1E-30	1E10	1E10
160	2.11E-14	1E-30	1E-10	1E10	1.03E-8	0.18	1E10	1E-30	32300	1E10	1.57E-7	84.5	1E10	4.93E-7	1600	1E10	7.33E-6	12E4	1E-30	1E10	1E10	1E-30	1E10	1E10	1E-30	1E10	1E10	1E-30	1E10	1E10	1E-30	1E10	1E10	1E-30	1E10	1E10	1E-30	1E10	1E10	1E-30	1E10	1E10	1E-30	1E10	1E10	1E-30	1E10	1E10
161	1.84E-14	1E-30	1E-10	1E10	1.03E-8	0.18	1E10	1E-30	32300	1E10	1.5E-7	84.5	1E10	4.39E-7	1600	1E10	7.33E-6	12E4	1E-30	1E10	1E10	1E-30	1E10	1E10	1E-30	1E10	1E10	1E-30	1E10	1E10	1E-30	1E10	1E10	1E-30	1E10	1E10	1E-30	1E10	1E10	1E-30	1E10	1E10	1E-30	1E10	1E10	1E-30	1E10	1E10
162	1.84E-14	1E-30	1E-10	1E10	1.03E-8	0.18	1E10	1E-30	32300	1E10	1.5E-7	84.5	1E10	4.39E-7	1600	1E10	7.33E-6	12E4	1E-30	1E10	1E10	1E-30	1E10	1E10	1E-30	1E10	1E10	1E-30	1E10	1E10	1E-30	1E10	1E10	1E-30	1E10	1E10	1E-30	1E10	1E10	1E-30	1E10	1E10	1E-30	1E10	1E10	1E-30	1E10	1E10
163	1.32E-14	1E-30	1E-10	1E10	1.12E-8	0.2	1E10	1E-30	36800	1E10	1.69E-7	97.7	1E10	4.49E-7	1640	1E10	7.87E-6	148E3	1E-30	1E10	1E10	1E-30	1E10	1E10	1E-30	1E10	1E10	1E-30	1E10	1E10	1E-30	1E10	1E10	1E-30	1E10	1E10	1E-30	1E10	1E10	1E-30	1E10	1E10	1E-30	1E10	1E10	1E-30	1E10	1E10
164	1.32E-14	1E-30	1E-10	1E10	1.12E-8	0.2	1E10	1E-30	36800	1E10	1.69E-7	97.7	1E10	4.49E-7	1640	1E10	7.87E-6	148E3	1E-30	1E10	1E10	1E-30	1E10	1E10	1E-30	1E10	1E10	1E-30	1E10	1E10	1E-30	1E10	1E10	1E-30	1E10	1E10	1E-30	1E10	1E10	1E-30	1E10	1E10	1E-30	1E10	1E10	1E-30	1E10	1E10
165	1.63E-14	1E-30	1E-10	1E10	1.25E-8	0.2	1E10	1E-30	35900	1E10	1.86E-7	106	1E10	5.12E-7	1900	1E10	1.06E-5	201E3	1E-30	1E10	1E10	1E-30	1E10	1E10	1E-30	1E10	1E10	1E-30	1E10	1E10	1E-30	1E10	1E10	1E-30	1E10	1E10	1E-30	1E10	1E10	1E-30	1E10	1E10	1E-30	1E10	1E10	1E-30	1E10	1E10
166	1.63E-14	1E-30	1E-10	1E10	1.25E-8	0.2	1E10	1E-30	35900	1E10	1.86E-7	106	1E10	5.12E-7	1900	1E10	1.06E-5	201E3	1E-30	1E10	1E10	1E-30	1E10	1E10	1E-30	1E10	1E10	1E-30	1E10	1E10	1E-30	1E10	1E10	1E-30	1E10	1E10	1E-30	1E10	1E10	1E-30	1E10	1E10	1E-30	1E10	1E10	1E-30	1E10	1E10
167	1.29E-14	1E-30	1E-10	1E10	1.36E-8	0.24	1E10	1E-30	37900	1E10	2.1E-7	107	1E10	5.33E-7	1670	1E10	9.52E-6	179E3	1E-30	1E10	1E10	1E-30	1E10	1E10	1E-30	1E10	1E10	1E-30	1E10	1E10	1E-30	1E10	1E10	1E-30	1E10	1E10	1E-30	1E10	1E10	1E-30	1E10	1E10	1E-30	1E10	1E10	1E-30	1E10	1E10
168	1.29E-14	1E-30	1E-10	1E10	1.36E-8	0.24	1E10	1E-30	37900	1E10	2.1E-7	107	1E10	5.33E-7	1670	1E10	9.52E-6	179E3	1E-30	1E10	1E10	1E-30	1E10	1E10	1E-30	1E10	1E10	1E-30	1E10	1E10	1E-30	1E10	1E10	1E-30	1E10	1E10	1E-30	1E10	1E10	1E-30	1E10	1E10	1E-30	1E10	1E10	1E-30	1E10	1E10
169	1.97E-14	1E-30	1E-10	1E10	1.45E-8	0.24	1E10	1E-30	33100	1E10	2.39E-7	56.1	1E10	2.87E-7	264	1E10	1.02E-6	9340	1E-30	1E10	1E10	1E-30	1E10	1E10	1E-30	1E10	1E10	1E-30	1E10	1E10	1E-30	1E10	1E10	1E-30	1E10	1E10	1E-30	1E10	1E10	1E-30	1E10	1E10	1E-30	1E10	1E10	1E-30	1E10	1E10
170	1.97E-14	1E-30	1E-10	1E10	1.45E-8	0.24	1E10	1E-30	33100	1E10	2.39E-7	56.1	1E10	2.87E-7	264	1E10	1.02E-6	9340	1E-30	1E10	1E10	1E-30	1E10	1E10	1E-30	1E10	1E10	1E-30	1E10	1E10	1E-30	1E10	1E10	1E-30	1E10	1E10	1E-30	1E10	1E10	1E-30	1E10	1E10	1E-30	1E10	1E10	1E-30	1E10	1E10
171	1.6E-14	1E-30	1E-10	1E10	1.52E-8	0.34	1E10	1E-30	42700	1E10	2.79E-7	230	1E10	7.8E-7	3430	1E10	1.57E-5	297E3	1E-30	1E10	1E10	1E-30	1E10	1E10	1E-30	1E10	1E10	1E-30	1E10	1E10	1E-30	1E10	1E10	1E-30	1E10	1E10	1E-30	1E10	1E10	1E-30	1E10	1E10	1E-30	1E10	1E10	1E-30	1E10	1E10
172	1.6E-14	1E-30	1E-10	1E10	1.52E-8	0.34	1E10	1E-30	42700	1E10	2.79E-7	230	1E10	7.8E-7	3430	1E10	1.57E-5	297E3	1E-30	1E10	1E10	1E-30	1E10	1E10	1E-30	1E10	1E10	1E-30	1E10	1E10	1E-30	1E10	1E10	1E-30	1E10	1E10	1E-30	1E10	1E10	1E-30	1E10	1E10	1E-30	1E10	1E10	1E-30	1E10	1E10
173	1.73E-14	1E-30	1E-10	1E10	1.68E-8	0.27	1E10	1E-30	38100	1E10	2.43E-7	124	1E10	6.34E-7	1830	1E10	7.48E-6	47E3	1E-30	1E10	1E10	1E-30	1E10	1E10	1E-30	1E10	1E10	1E-30	1E10	1E10	1E-30	1E10	1E10	1E-30	1E10	1E10	1E-30	1E10	1E10	1E-30	1E10	1E10	1E-30	1E10	1E10	1E-30	1E10	1E10
174	1.73E-14	1E-30	1E-10	1E10	1.68E-8	0.27	1E10	1E-30	38100	1E10	2.43E-7	124	1E10	6.34E-7	1830	1E10	7.48E-6	47E3	1E-30	1E10	1E10	1E-30	1E10	1E10	1E-30	1E10	1E10	1E-30	1E10	1E10	1E-30	1E10	1E10	1E-30	1E10	1E10	1E-30	1E10	1E10	1E-30	1E10	1E10	1E-30	1E10	1E10	1E-30	1E10	1E10
175	1.82E-14	1E-30	1E-10	1E10	1.84E-8	0.38	1E10	1E-30	55100	1E10	3.22E-7	225	1E10	8.33E-7	3400	1E10	1.22E-5	231E3	1E-30	1E10	1E10	1E-30	1E10	1E10	1E-30	1E10	1E10	1E-30	1E10	1E10	1E-30	1E10	1E10	1E-30	1E10	1E10	1E-30	1E10	1E10	1E-30	1E10	1E10	1E-30	1E10	1E10	1E-30	1E10	1E10
176	1.82E-14	1E-30	1E-10	1E10	1.84E-8	0.38	1E10	1E-30	55100	1E10	3.22E-7	225	1E10	8.33E-7	3400	1E10	1.22E-5	231E3	1E-30	1E10	1E10	1E-30	1E10	1E10	1E-30	1E10	1E10	1E-30	1E10	1E10	1E-30	1E10	1E10	1E-30	1E10	1E10	1E-30	1E10	1E10	1E-30	1E10	1E10	1E-30	1E10	1E10	1E-30	1E10	1E10
177	1.84E-14	1E-30	1E-10	1E10	1.92E-8	0.73	1E10	1E-30	50700	1E10	3.77E-7	405	1E10	1.16E-6	6420	1E10	2.88E-5	544E3	1E-30	1E10	1E10	1E-30	1E10	1E10	1E-30	1E10	1E10	1E-30	1E10	1E10	1E-30	1E10	1E10	1E-30	1E10	1E10	1E-30	1E10	1E10	1E-30	1E10	1E10	1E-30	1E10	1E10	1E-30	1E10	1E10
178	1.84E-14	1E-30	1E-10	1E10	1.92E-8	0.73	1E10	1E-30	50700	1E10	3.77E-7	405	1E10	1.16E-6	6420	1E10	2.88E-5	544E3	1E-30	1E10	1E10	1E-30	1E10	1E10	1E-30	1E10	1E10	1E-30	1E10	1E10	1E-30	1E10	1E10	1E-30	1E10	1E10	1E-30	1E10	1E10	1E-30	1E10	1E10	1E-30	1E10	1E10	1E-30	1E10	1E10
179	1.35E-14	1E-30	1E-10	1E10	2.06E-8	0.4	1E10	1E-30	56400	1E10	3.51E-7	245	1E10	9.15E-7	3450	1E10	1.38E-5	235E3	1.19E-15	5.57E-8	172	1E-30	1E10	1E10	1E-30	1E10	1E10	1E-30	1E10	1E10	1E-30	1E10	1E10	1E-30	1E10	1E10	1E-30	1E10	1E10	1E-30	1E10	1E10	1E-30	1E10	1E10	1E-30	1E10	1E10
180	1.35E-14	1E-30	1E-10	1E10	2.06E-8	0.4	1E10	1E-30	56400	1E10	3.51E-7	245	1E10	9.15E-7	3450	1E10	1.38E-5	235E3	1.19E-15	5.57E-8	172	1E-30	1E10	1E10	1E-30	1E10	1E10	1E-30	1E10	1E10	1E-30	1E10	1E10	1E-30	1E10	1E10	1E-30	1E10	1E10	1E-30	1E10	1E10	1E-30	1E10	1E10	1E-30	1E10	1E10
181	1.23E-14	1E-30	1E-10	1E10	2.27E-8	0.45	1E10	1E-30	70400	1E10	3.64E-7	252	1E10	1.03E-6	4460	1E10	1.5E-5	284E3	1.43E-15	5.31E-8	221	1E-30	1E10	1E10	1E-30	1E10	1E10	1E-30	1E10	1E10	1E-30	1E10	1E10	1E-30	1E10	1E10	1E-30	1E10	1E10	1E-30	1E10	1E10	1E-30	1E10	1E10	1E-30	1E10	1E10
182	1.23E-14	1E-30	1E-10	1E10	2.27E-8	0.45	1E10	1E-30	70400	1E10	3.64E-7	252	1E10	1.03E-6	4460	1E10	1.5E-5	284E3	1.43E-15	5.31E-8	221	1E-30	1E10	1E10	1E-30	1E10	1E10	1E-30	1E10	1E10	1E-30	1E10	1E10	1E-30	1E10	1E10	1E-30	1E10	1E10	1E-30	1E10	1E10	1E-30	1E10	1E10	1E-30	1E10	1E10
183	1.12E-14	1E-30	1E-10	1E10	2.33E-8	0.8	1E10	1E-30	67900	1E10	4.74E-7	477	1E10	1.41E-6	7460	1E10	1.46E-5	275E3	3.1E-15	2.67E-8	55.6	1E-30	1E10	1E10	1E-30	1E10	1E10	1E-30	1E10	1E10	1E-30	1E10	1E10	1E-30	1E10	1E10	1E-30	1E10	1E10	1E-30	1E10	1E10	1E-30	1E10	1E10	1E-30	1E10	1E10
184	1.12E-14	1E-30	1E-10	1E10	2.33E-8	0.8	1E10	1E-30	67900	1E10	4.74E-7	477	1E10	1.41E-6	7460	1E10	1.46E-5	275E3	3.1E-15	2.67E-8	55.6	1E-30	1E10	1E10	1E-30	1E10	1E10	1E-30	1E10	1E10	1E-30	1E10	1E10	1E-30	1E10	1E10	1E-30	1E10	1E10	1E-30	1E10	1E10	1E-30	1E10	1E10	1E-30	1E10	1E10
185	1.33E-14	1E-30	1E-10	1E10	2.41E-8	0.8	1E10	1E-30	68500	1E10	4.71E-7	476	1E10	1.46E-6	7630	1E10	1.51E-5	285E3	2.07E-15	4.09E-8	129	1E-30	1E10	1E10	1E-30	1E10	1E10	1E-30	1E10	1E10	1E-30	1E10	1E10	1E-30	1E10	1E10	1E-30	1E10	1E10	1E-30	1E10	1E10	1E-30	1E10	1E10	1E-30	1E10	1E10
186	1.33E-14	1E-30	1E-10	1E10	2.41E-8	0.8	1E10	1E-30	68500	1E10	4.71E-7	476	1E10	1.46E-6	7630	1E10	1.51E-5	285E3	2.07E-15	4.09E-8	129	1E-30	1E10	1E10	1E-30	1E10	1E10	1E-30	1E10	1E10	1E-30	1E10	1E10	1E-30	1E10	1E10	1E-30	1E10	1E10	1E-30	1E10	1E10	1E-30	1E10	1E10	1E-30	1E10	1E10
187	1.36E-14	1E-30	1E-10	1E10	2.5E-8	0.8	1E10	1E-30	58800	1E10	5.2E-7	526	1E10	1.38E-6	5980	1E10	1.47E-5	278E3	2.92E-15	2.86E-8	99.5	1E-30	1E10	1E10	1E-30	1E10	1E10	1E-30	1E10	1E10	1E-30	1E10	1E10	1E-30	1E10	1E10	1E-30	1E10	1E10	1E-30	1E10	1E10	1E-30	1E10	1E10	1E-30	1E10	1E10
188	1.36E-14	1E-30	1E-10	1E10	2.5E-8	0.8	1E10	1E-30	58800	1E10	5.2E-7	526	1E10	1.38E-6	5980	1E10	1.47E-5	278E3	2.92E-15	2.86E-8	99.5	1E-30	1E10	1E10	1E-30	1E10	1E10	1E-30	1E10	1E10	1E-30	1E10	1E10	1E-30	1E10	1E10	1E-30	1E10	1E10	1E-30	1E10	1E10	1E-30	1E10	1E10	1E-30	1E10	1E10
189	1.22E-14	1E-30	1E-10	1E10	2.75E-8	0.73	1E10	1E-30	70900	1E10	5.58E-7	564	1E10	1.68E-6	8330	1E10	1.64E-5	309E3	1.4E-15	6.84E-8	186	1E-30	1E10	1E10	1E-30	1E10	1E10	1E-30	1E10	1E10	1E-30	1E10	1E10	1E-30	1E10	1E10	1E-30	1E10	1E10	1E-30	1E10	1E10	1E-30	1E10	1E10	1E-30	1E10	1E10
190	1.22E-14	1E-30	1E-10	1E10	2.75E-8	0.73	1E10	1E-30	70900	1E10	5.58E-7	564	1E10	1.68E-6	8330	1E10	1.64E-5	309E3	1.4E-15	6.84E-8	186	1E-30	1E10	1E10	1E-30	1E10	1E10	1E-30	1E10	1E10	1E-30	1E10	1E10	1E-30	1E10	1E10	1E-30	1E10	1E10	1E-30	1E10	1E10	1E-30	1E10	1E10	1E-30	1E10	1E10
191	1.5E-14	1E-30	1E-10	1E10	3.09E-8	0.73	1E10	1E-30	70900	1E10	5.58E-7	564	1E10	1.68E-6	8330	1E10	1.64E-5	309E3	1.68E-15	6.84E-8	186	1E-30	1E10	1E10	1E-30	1E10	1E10	1E-30	1E10	1E10	1E-30	1E10	1E10	1E-30	1E10	1E10	1E-30	1E10	1E10	1E-30	1E10	1E10	1E-30	1E10	1E10	1E-30	1E10	1E10
192	1.5E-14	1E-30	1E-10	1E10	3.09E-8	0.73	1E10	1E-30	70900	1E10	5.58E-7	564	1E10	1.68E-6	8330	1E10	1.64E-5	309E3	1.68E-15	6.84E-8	186	1E-30	1E10	1E10	1E-30	1E10	1E10	1E-30	1E10	1E10	1E-30	1E10	1E10	1E-30	1E10	1E10	1E-30	1E10	1E10	1E-30	1E10	1E10	1E-30	1E10	1E10	1E-30	1E10	1E10
END DSCRDATA
